#n  real_time  lyapunov_exponential
0  0.000000 -inf
1  0.002500 -0.002909872237
2  0.005000 -0.004075188365
3  0.007500 -0.005824296397
4  0.010000 -0.008012867281
5  0.012500 -0.010613192354
6  0.015000 -0.013617206680
7  0.017500 -0.017022628875
8  0.020000 -0.020829490855
9  0.022500 -0.025038973643
10  0.025000 -0.029652932688
11  0.027500 -0.034673671762
12  0.030000 -0.040103817431
13  0.032500 -0.045946236102
14  0.035000 -0.052203968287
15  0.037500 -0.058880167451
16  0.040000 -0.065978034844
17  0.042500 -0.073500745216
18  0.045000 -0.081451358507
19  0.047500 -0.089832712750
20  0.050000 -0.098647292469
21  0.052500 -0.107897066355
22  0.055000 -0.117583287246
23  0.057500 -0.127706245607
24  0.060000 -0.138264966614
25  0.062500 -0.149256839192
26  0.065000 -0.160677164689
27  0.067500 -0.172518610793
28  0.070000 -0.184770558189
29  0.072500 -0.197418328097
30  0.075000 -0.210442284966
31  0.077500 -0.223816818677
32  0.080000 -0.237509226580
33  0.082500 -0.251478542401
34  0.085000 -0.265674396031
35  0.087500 -0.280036031663
36  0.090000 -0.294491665788
37  0.092500 -0.308958407578
38  0.095000 -0.323342983700
39  0.097500 -0.337543474494
40  0.100000 -0.351452164539
41  0.102500 -0.364959428926
42  0.105000 -0.377958355422
43  0.107500 -0.390349595844
44  0.110000 -0.402045836266
45  0.112500 -0.412975315302
46  0.115000 -0.423084004774
47  0.117500 -0.432336329264
48  0.120000 -0.440714556947
49  0.122500 -0.448217165711
50  0.125000 -0.454856564695
51  0.127500 -0.460656529642
52  0.130000 -0.465649637580
53  0.132500 -0.469874894773
54  0.135000 -0.473375665671
55  0.137500 -0.476197944604
56  0.140000 -0.478388966469
57  0.142500 -0.479996127171
58  0.145000 -0.481066171181
59  0.147500 -0.481644601072
60  0.150000 -0.481775266049
61  0.152500 -0.481500091291
62  0.155000 -0.480858915300
63  0.157500 -0.479889408919
64  0.160000 -0.478627054726
65  0.162500 -0.477105169783
66  0.165000 -0.475354959044
67  0.167500 -0.473405588820
68  0.170000 -0.471284273649
69  0.172500 -0.469016370069
70  0.175000 -0.466625473638
71  0.177500 -0.464133516181
72  0.180000 -0.461560860785
73  0.182500 -0.458926393302
74  0.185000 -0.456247609160
75  0.187500 -0.453540694964
76  0.190000 -0.450820604355
77  0.192500 -0.448101128125
78  0.195000 -0.445394958200
79  0.197500 -0.442713745922
80  0.200000 -0.440068154464
81  0.202500 -0.437467905766
82  0.205000 -0.434921821939
83  0.207500 -0.432437861735
84  0.210000 -0.430023152053
85  0.212500 -0.427684014878
86  0.215000 -0.425425990146
87  0.217500 -0.423253854457
88  0.220000 -0.421171636608
89  0.222500 -0.419182629973
90  0.225000 -0.417289402297
91  0.227500 -0.415493803604
92  0.230000 -0.413796972782
93  0.232500 -0.412199343476
94  0.235000 -0.410700649989
95  0.237500 -0.409299934539
96  0.240000 -0.407995555893
97  0.242500 -0.406785201428
98  0.245000 -0.405665902756
99  0.247500 -0.404634056393
100  0.250000 -0.403685450119
101  0.252500 -0.402815296378
102  0.255000 -0.402018272938
103  0.257500 -0.401288571492
104  0.260000 -0.400619954626
105  0.262500 -0.400005820814
106  0.265000 -0.399439276991
107  0.267500 -0.398913218039
108  0.270000 -0.398420411725
109  0.272500 -0.397953587500
110  0.275000 -0.397505527400
111  0.277500 -0.397069156664
112  0.280000 -0.396637632101
113  0.282500 -0.396204425800
114  0.285000 -0.395763402107
115  0.287500 -0.395308886268
116  0.290000 -0.394835723090
117  0.292500 -0.394339324673
118  0.295000 -0.393815706669
119  0.297500 -0.393261512782
120  0.300000 -0.392674028079
121  0.302500 -0.392051181410
122  0.305000 -0.391391538312
123  0.307500 -0.390694285252
124  0.310000 -0.389959206540
125  0.312500 -0.389186655374
126  0.315000 -0.388377520290
127  0.317500 -0.387533188318
128  0.320000 -0.386655505881
129  0.322500 -0.385746738803
130  0.325000 -0.384809531746
131  0.327500 -0.383846868417
132  0.330000 -0.382862032717
133  0.332500 -0.381858571417
134  0.335000 -0.380840258697
135  0.337500 -0.379811062778
136  0.340000 -0.378775114663
137  0.342500 -0.377736679093
138  0.345000 -0.376700127596
139  0.347500 -0.375669913774
140  0.350000 -0.374650550279
141  0.352500 -0.373646587769
142  0.355000 -0.372662595389
143  0.357500 -0.371703142583
144  0.360000 -0.370772781965
145  0.362500 -0.369876033272
146  0.365000 -0.369017367801
147  0.367500 -0.368201193126
148  0.370000 -0.367431838123
149  0.372500 -0.366713537580
150  0.375000 -0.366050416281
151  0.377500 -0.365446472462
152  0.380000 -0.364905559756
153  0.382500 -0.364431367858
154  0.385000 -0.364027401199
155  0.387500 -0.363696955326
156  0.390000 -0.363443090566
157  0.392500 -0.363268602756
158  0.395000 -0.363175990460
159  0.397500 -0.363167418382
160  0.400000 -0.363244676854
161  0.402500 -0.363409136966
162  0.405000 -0.363661701531
163  0.407500 -0.364002751822
164  0.410000 -0.364432090546
165  0.412500 -0.364948882107
166  0.415000 -0.365551590971
167  0.417500 -0.366237920154
168  0.420000 -0.367004752131
169  0.422500 -0.367848095227
170  0.425000 -0.368763039218
171  0.427500 -0.369743724460
172  0.430000 -0.370783329317
173  0.432500 -0.371874080609
174  0.435000 -0.373007291833
175  0.437500 -0.374173432288
176  0.440000 -0.375362229683
177  0.442500 -0.376562805751
178  0.445000 -0.377763842467
179  0.447500 -0.378953773217
180  0.450000 -0.380120991439
181  0.452500 -0.381254066496
182  0.455000 -0.382341956006
183  0.457500 -0.383374203992
184  0.460000 -0.384341115087
185  0.462500 -0.385233897628
186  0.465000 -0.386044770860
187  0.467500 -0.386767034546
188  0.470000 -0.387395102085
189  0.472500 -0.387924500467
190  0.475000 -0.388351841664
191  0.477500 -0.388674771200
192  0.480000 -0.388891899645
193  0.482500 -0.389002722838
194  0.485000 -0.389007535422
195  0.487500 -0.388907342150
196  0.490000 -0.388703770094
197  0.492500 -0.388398984082
198  0.495000 -0.387995607311
199  0.497500 -0.387496647985
200  0.500000 -0.386905432704
201  0.502500 -0.386225546611
202  0.505000 -0.385460780354
203  0.507500 -0.384615083437
204  0.510000 -0.383692523613
205  0.512500 -0.382697251735
206  0.515000 -0.381633471678
207  0.517500 -0.380505414681
208  0.520000 -0.379317317648
209  0.522500 -0.378073404905
210  0.525000 -0.376777873079
211  0.527500 -0.375434878466
212  0.530000 -0.374048526851
213  0.532500 -0.372622865131
214  0.535000 -0.371161874711
215  0.537500 -0.369669466258
216  0.540000 -0.368149475698
217  0.542500 -0.366605661255
218  0.545000 -0.365041701311
219  0.547500 -0.363461192974
220  0.550000 -0.361867651257
221  0.552500 -0.360264508745
222  0.555000 -0.358655115653
223  0.557500 -0.357042740162
224  0.560000 -0.355430569045
225  0.562500 -0.353821708481
226  0.565000 -0.352219185012
227  0.567500 -0.350625946506
228  0.570000 -0.349044863286
229  0.572500 -0.347478729233
230  0.575000 -0.345930262844
231  0.577500 -0.344402108298
232  0.580000 -0.342896836395
233  0.582500 -0.341416945461
234  0.585000 -0.339964862092
235  0.587500 -0.338542941827
236  0.590000 -0.337153469549
237  0.592500 -0.335798659826
238  0.595000 -0.334480656992
239  0.597500 -0.333201535043
240  0.600000 -0.331963297206
241  0.602500 -0.330767875318
242  0.605000 -0.329617128932
243  0.607500 -0.328512844016
244  0.610000 -0.327456731400
245  0.612500 -0.326450424801
246  0.615000 -0.325495478428
247  0.617500 -0.324593364245
248  0.620000 -0.323745468701
249  0.622500 -0.322953088970
250  0.625000 -0.322217428715
251  0.627500 -0.321539593318
252  0.630000 -0.320920584495
253  0.632500 -0.320361294294
254  0.635000 -0.319862498544
255  0.637500 -0.319424849653
256  0.640000 -0.319048868790
257  0.642500 -0.318734937516
258  0.645000 -0.318483288726
259  0.647500 -0.318293997185
260  0.650000 -0.318166969596
261  0.652500 -0.318101934250
262  0.655000 -0.318098430648
263  0.657500 -0.318155798948
264  0.660000 -0.318273169690
265  0.662500 -0.318449454013
266  0.665000 -0.318683334590
267  0.667500 -0.318973257764
268  0.670000 -0.319317427263
269  0.672500 -0.319713799738
270  0.675000 -0.320160082959
271  0.677500 -0.320653736714
272  0.680000 -0.321191977044
273  0.682500 -0.321771784383
274  0.685000 -0.322389915422
275  0.687500 -0.323042919463
276  0.690000 -0.323727158913
277  0.692500 -0.324438834122
278  0.695000 -0.325174012058
279  0.697500 -0.325928658579
280  0.700000 -0.326698673465
281  0.702500 -0.327479927531
282  0.705000 -0.328268300971
283  0.707500 -0.329059721686
284  0.710000 -0.329850202857
285  0.712500 -0.330635878648
286  0.715000 -0.331413036986
287  0.717500 -0.332178149026
288  0.720000 -0.332927894315
289  0.722500 -0.333659181440
290  0.725000 -0.334369164033
291  0.727500 -0.335055251821
292  0.730000 -0.335715117208
293  0.732500 -0.336346697522
294  0.735000 -0.336948193294
295  0.737500 -0.337518063154
296  0.740000 -0.338055015778
297  0.742500 -0.338557999595
298  0.745000 -0.339026190504
299  0.747500 -0.339458978385
300  0.750000 -0.339855952538
301  0.752500 -0.340216886843
302  0.755000 -0.340541724576
303  0.757500 -0.340830563452
304  0.760000 -0.341083641011
305  0.762500 -0.341301320479
306  0.765000 -0.341484077345
307  0.767500 -0.341632486651
308  0.770000 -0.341747211137
309  0.772500 -0.341828990188
310  0.775000 -0.341878629637
311  0.777500 -0.341896992430
312  0.780000 -0.341884990108
313  0.782500 -0.341843575051
314  0.785000 -0.341773733518
315  0.787500 -0.341676479317
316  0.790000 -0.341552848221
317  0.792500 -0.341403892936
318  0.795000 -0.341230678673
319  0.797500 -0.341034279207
320  0.800000 -0.340815773405
321  0.802500 -0.340576242241
322  0.805000 -0.340316766138
323  0.807500 -0.340038422754
324  0.810000 -0.339742285003
325  0.812500 -0.339429419433
326  0.815000 -0.339100884803
327  0.817500 -0.338757730989
328  0.820000 -0.338400997977
329  0.822500 -0.338031715208
330  0.825000 -0.337650900919
331  0.827500 -0.337259561787
332  0.830000 -0.336858692628
333  0.832500 -0.336449276215
334  0.835000 -0.336032283209
335  0.837500 -0.335608672287
336  0.840000 -0.335179390148
337  0.842500 -0.334745371773
338  0.845000 -0.334307540690
339  0.847500 -0.333866809260
340  0.850000 -0.333424079064
341  0.852500 -0.332980241296
342  0.855000 -0.332536177191
343  0.857500 -0.332092758488
344  0.860000 -0.331650847911
345  0.862500 -0.331211299674
346  0.865000 -0.330774959958
347  0.867500 -0.330342667430
348  0.870000 -0.329915253720
349  0.872500 -0.329493543902
350  0.875000 -0.329078356947
351  0.877500 -0.328670506185
352  0.880000 -0.328270799688
353  0.882500 -0.327880040642
354  0.885000 -0.327499027676
355  0.887500 -0.327128555118
356  0.890000 -0.326769413194
357  0.892500 -0.326422388185
358  0.895000 -0.326088262445
359  0.897500 -0.325767814380
360  0.900000 -0.325461818336
361  0.902500 -0.325171044292
362  0.905000 -0.324896257483
363  0.907500 -0.324638217899
364  0.910000 -0.324397679601
365  0.912500 -0.324175389875
366  0.915000 -0.323972088160
367  0.917500 -0.323788504793
368  0.920000 -0.323625359552
369  0.922500 -0.323483359894
370  0.925000 -0.323363198949
371  0.927500 -0.323265553176
372  0.930000 -0.323191079744
373  0.932500 -0.323140413500
374  0.935000 -0.323114163561
375  0.937500 -0.323112909521
376  0.940000 -0.323137197177
377  0.942500 -0.323187533769
378  0.945000 -0.323264382778
379  0.947500 -0.323368158078
380  0.950000 -0.323499217679
381  0.952500 -0.323657856805
382  0.955000 -0.323844300417
383  0.957500 -0.324058695233
384  0.960000 -0.324301101190
385  0.962500 -0.324571482370
386  0.965000 -0.324869697597
387  0.967500 -0.325195490636
388  0.970000 -0.325548480232
389  0.972500 -0.325928150159
390  0.975000 -0.326333839434
391  0.977500 -0.326764732982
392  0.980000 -0.327219853093
393  0.982500 -0.327698051983
394  0.985000 -0.328198005824
395  0.987500 -0.328718210695
396  0.990000 -0.329256980999
397  0.992500 -0.329812450470
398  0.995000 -0.330382576442
399  0.997500 -0.330965147676
400  1.000000 -0.331557795770
401  1.002500 -0.332158010605
402  1.005000 -0.332763159466
403  1.007500 -0.333370509838
404  1.010000 -0.333977255416
405  1.012500 -0.334580544805
406  1.015000 -0.335177512079
407  1.017500 -0.335765308547
408  1.020000 -0.336341134580
409  1.022500 -0.336902270713
410  1.025000 -0.337446107130
411  1.027500 -0.337970170603
412  1.030000 -0.338472148294
413  1.032500 -0.338949907892
414  1.035000 -0.339401513735
415  1.037500 -0.339825238866
416  1.040000 -0.340219572935
417  1.042500 -0.340583226243
418  1.045000 -0.340915130250
419  1.047500 -0.341214434803
420  1.050000 -0.341480502749
421  1.052500 -0.341712902240
422  1.055000 -0.341911397309
423  1.057500 -0.342075937155
424  1.060000 -0.342206644459
425  1.062500 -0.342303803249
426  1.065000 -0.342367846479
427  1.067500 -0.342399343690
428  1.070000 -0.342398988927
429  1.072500 -0.342367589051
430  1.075000 -0.342306052567
431  1.077500 -0.342215379101
432  1.080000 -0.342096649531
433  1.082500 -0.341951016795
434  1.085000 -0.341779697389
435  1.087500 -0.341583963603
436  1.090000 -0.341365136388
437  1.092500 -0.341124578834
438  1.095000 -0.340863690289
439  1.097500 -0.340583901021
440  1.100000 -0.340286667369
441  1.102500 -0.339973467433
442  1.105000 -0.339645797084
443  1.107500 -0.339305166462
444  1.110000 -0.338953096761
445  1.112500 -0.338591117291
446  1.115000 -0.338220762873
447  1.117500 -0.337843571391
448  1.120000 -0.337461081562
449  1.122500 -0.337074830818
450  1.125000 -0.336686353358
451  1.127500 -0.336297178273
452  1.130000 -0.335908827666
453  1.132500 -0.335522814863
454  1.135000 -0.335140642555
455  1.137500 -0.334763800925
456  1.140000 -0.334393765694
457  1.142500 -0.334031996024
458  1.145000 -0.333679932295
459  1.147500 -0.333338993670
460  1.150000 -0.333010575477
461  1.152500 -0.332696046291
462  1.155000 -0.332396744705
463  1.157500 -0.332113975787
464  1.160000 -0.331849007088
465  1.162500 -0.331603064258
466  1.165000 -0.331377326124
467  1.167500 -0.331172919260
468  1.170000 -0.330990911979
469  1.172500 -0.330832307663
470  1.175000 -0.330698037487
471  1.177500 -0.330588952411
472  1.180000 -0.330505814498
473  1.182500 -0.330449287524
474  1.185000 -0.330419926943
475  1.187500 -0.330418169233
476  1.190000 -0.330444320713
477  1.192500 -0.330498546035
478  1.195000 -0.330580856453
479  1.197500 -0.330691098220
480  1.200000 -0.330828941369
481  1.202500 -0.330993869304
482  1.205000 -0.331185169656
483  1.207500 -0.331401926933
484  1.210000 -0.331643017546
485  1.212500 -0.331907107783
486  1.215000 -0.332192655363
487  1.217500 -0.332497915063
488  1.220000 -0.332820948898
489  1.222500 -0.333159641121
490  1.225000 -0.333511718114
491  1.227500 -0.333874773142
492  1.230000 -0.334246295331
493  1.232500 -0.334623702355
494  1.235000 -0.335004375842
495  1.237500 -0.335385698334
496  1.240000 -0.335765090595
497  1.242500 -0.336140047940
498  1.245000 -0.336508174321
499  1.247500 -0.336867213153
500  1.250000 -0.337215073918
501  1.252500 -0.337549853992
502  1.255000 -0.337869855382
503  1.257500 -0.338173596178
504  1.260000 -0.338459817047
505  1.262500 -0.338727483081
506  1.265000 -0.338975781512
507  1.267500 -0.339204115938
508  1.270000 -0.339412097641
509  1.272500 -0.339599534737
510  1.275000 -0.339766419673
511  1.277500 -0.339912915663
512  1.280000 -0.340039342483
513  1.282500 -0.340146162103
514  1.285000 -0.340233964400
515  1.287500 -0.340303453222
516  1.290000 -0.340355432944
517  1.292500 -0.340390795711
518  1.295000 -0.340410509313
519  1.297500 -0.340415605889
520  1.300000 -0.340407171276
521  1.302500 -0.340386335137
522  1.305000 -0.340354261738
523  1.307500 -0.340312141327
524  1.310000 -0.340261182097
525  1.312500 -0.340202602604
526  1.315000 -0.340137624649
527  1.317500 -0.340067466421
528  1.320000 -0.339993336000
529  1.322500 -0.339916425018
530  1.325000 -0.339837902462
531  1.327500 -0.339758908564
532  1.330000 -0.339680548701
533  1.332500 -0.339603887303
534  1.335000 -0.339529941625
535  1.337500 -0.339459675497
536  1.340000 -0.339393992865
537  1.342500 -0.339333731244
538  1.345000 -0.339279655029
539  1.347500 -0.339232448648
540  1.350000 -0.339192709673
541  1.352500 -0.339160941893
542  1.355000 -0.339137548457
543  1.357500 -0.339122825161
544  1.360000 -0.339116954045
545  1.362500 -0.339119997489
546  1.365000 -0.339131892919
547  1.367500 -0.339152448427
548  1.370000 -0.339181339519
549  1.372500 -0.339218107195
550  1.375000 -0.339262157687
551  1.377500 -0.339312764071
552  1.380000 -0.339369069943
553  1.382500 -0.339430095411
554  1.385000 -0.339494745420
555  1.387500 -0.339561820550
556  1.390000 -0.339630030180
557  1.392500 -0.339698007819
558  1.395000 -0.339764328476
559  1.397500 -0.339827527569
560  1.400000 -0.339886121003
561  1.402500 -0.339938625868
562  1.405000 -0.339983581244
563  1.407500 -0.340019568474
564  1.410000 -0.340045230463
565  1.412500 -0.340059289450
566  1.415000 -0.340060562868
567  1.417500 -0.340047976962
568  1.420000 -0.340020578034
569  1.422500 -0.339977541121
570  1.425000 -0.339918176185
571  1.427500 -0.339841931904
572  1.430000 -0.339748397198
573  1.432500 -0.339637300762
574  1.435000 -0.339508508871
575  1.437500 -0.339362021666
576  1.440000 -0.339197968312
577  1.442500 -0.339016601211
578  1.445000 -0.338818289557
579  1.447500 -0.338603512497
580  1.450000 -0.338372852040
581  1.452500 -0.338126985909
582  1.455000 -0.337866680501
583  1.457500 -0.337592784025
584  1.460000 -0.337306219937
585  1.462500 -0.337007980716
586  1.465000 -0.336699122022
587  1.467500 -0.336380757284
588  1.470000 -0.336054052719
589  1.472500 -0.335720222778
590  1.475000 -0.335380526019
591  1.477500 -0.335036261382
592  1.480000 -0.334688764883
593  1.482500 -0.334339406656
594  1.485000 -0.333989588351
595  1.487500 -0.333640740827
596  1.490000 -0.333294322149
597  1.492500 -0.332951815843
598  1.495000 -0.332614729342
599  1.497500 -0.332284592647
600  1.500000 -0.331962957103
601  1.502500 -0.331651394317
602  1.505000 -0.331351495101
603  1.507500 -0.331064868423
604  1.510000 -0.330793140344
605  1.512500 -0.330537952814
606  1.515000 -0.330300962290
607  1.517500 -0.330083838062
608  1.520000 -0.329888260211
609  1.522500 -0.329715917062
610  1.525000 -0.329568501962
611  1.527500 -0.329447709222
612  1.530000 -0.329355229012
613  1.532500 -0.329292740917
614  1.535000 -0.329261905859
615  1.537500 -0.329264356011
616  1.540000 -0.329301682270
617  1.542500 -0.329375418723
618  1.545000 -0.329487023548
619  1.547500 -0.329637855651
620  1.550000 -0.329829146315
621  1.552500 -0.330061965013
622  1.555000 -0.330337178703
623  1.557500 -0.330655403869
624  1.560000 -0.331016950941
625  1.562500 -0.331421761150
626  1.565000 -0.331869336575
627  1.567500 -0.332358665345
628  1.570000 -0.332888145289
629  1.572500 -0.333455511360
630  1.575000 -0.334057774091
631  1.577500 -0.334691178181
632  1.580000 -0.335351191656
633  1.582500 -0.336032535543
634  1.585000 -0.336729261711
635  1.587500 -0.337434881649
636  1.590000 -0.338142542012
637  1.592500 -0.338845235195
638  1.595000 -0.339536026661
639  1.597500 -0.340208277443
640  1.600000 -0.340855840869
641  1.602500 -0.341473217616
642  1.605000 -0.342055660106
643  1.607500 -0.342599225208
644  1.610000 -0.343100780394
645  1.612500 -0.343557972591
646  1.615000 -0.343969170473
647  1.617500 -0.344333390597
648  1.620000 -0.344650216212
649  1.622500 -0.344919715308
650  1.625000 -0.345142362592
651  1.627500 -0.345318968077
652  1.630000 -0.345450613696
653  1.632500 -0.345538598319
654  1.635000 -0.345584390974
655  1.637500 -0.345589591526
656  1.640000 -0.345555898141
657  1.642500 -0.345485080587
658  1.645000 -0.345378958546
659  1.647500 -0.345239384143
660  1.650000 -0.345068228001
661  1.652500 -0.344867368241
662  1.655000 -0.344638681842
663  1.657500 -0.344384037991
664  1.660000 -0.344105293019
665  1.662500 -0.343804286601
666  1.665000 -0.343482839030
667  1.667500 -0.343142749311
668  1.670000 -0.342785793927
669  1.672500 -0.342413726106
670  1.675000 -0.342028275547
671  1.677500 -0.341631148417
672  1.680000 -0.341224027631
673  1.682500 -0.340808573287
674  1.685000 -0.340386423250
675  1.687500 -0.339959193814
676  1.690000 -0.339528480400
677  1.692500 -0.339095858293
678  1.695000 -0.338662883350
679  1.697500 -0.338231092668
680  1.700000 -0.337802005213
681  1.702500 -0.337377122322
682  1.705000 -0.336957928124
683  1.707500 -0.336545889798
684  1.710000 -0.336142457692
685  1.712500 -0.335749065205
686  1.715000 -0.335367128479
687  1.717500 -0.334998045798
688  1.720000 -0.334643196661
689  1.722500 -0.334303940516
690  1.725000 -0.333981615064
691  1.727500 -0.333677534067
692  1.730000 -0.333392984593
693  1.732500 -0.333129223622
694  1.735000 -0.332887473907
695  1.737500 -0.332668918977
696  1.740000 -0.332474697193
697  1.742500 -0.332305894673
698  1.745000 -0.332163537020
699  1.747500 -0.332048579673
700  1.750000 -0.331961896733
701  1.752500 -0.331904268166
702  1.755000 -0.331876365271
703  1.757500 -0.331878734330
704  1.760000 -0.331911778459
705  1.762500 -0.331975737747
706  1.765000 -0.332070667916
707  1.767500 -0.332196417870
708  1.770000 -0.332352606741
709  1.772500 -0.332538601325
710  1.775000 -0.332753494963
711  1.777500 -0.332996089349
712  1.780000 -0.333264880925
713  1.782500 -0.333558053669
714  1.785000 -0.333873480233
715  1.787500 -0.334208733103
716  1.790000 -0.334561107152
717  1.792500 -0.334927654116
718  1.795000 -0.335305228859
719  1.797500 -0.335690545938
720  1.800000 -0.336080244215
721  1.802500 -0.336470956042
722  1.805000 -0.336859377360
723  1.807500 -0.337242334507
724  1.810000 -0.337616844306
725  1.812500 -0.337980164418
726  1.815000 -0.338329832097
727  1.817500 -0.338663690645
728  1.820000 -0.338979903742
729  1.822500 -0.339276958776
730  1.825000 -0.339553660783
731  1.827500 -0.339809118942
732  1.830000 -0.340042727552
733  1.832500 -0.340254143432
734  1.835000 -0.340443261222
735  1.837500 -0.340610188028
736  1.840000 -0.340755218308
737  1.842500 -0.340878809860
738  1.845000 -0.340981561246
739  1.847500 -0.341064191079
740  1.850000 -0.341127519198
741  1.852500 -0.341172449830
742  1.855000 -0.341199956624
743  1.857500 -0.341211069483
744  1.860000 -0.341206862985
745  1.862500 -0.341188446325
746  1.865000 -0.341156954564
747  1.867500 -0.341113540980
748  1.870000 -0.341059370481
749  1.872500 -0.340995613792
750  1.875000 -0.340923442427
751  1.877500 -0.340844024210
752  1.880000 -0.340758519315
753  1.882500 -0.340668076684
754  1.885000 -0.340573830747
755  1.887500 -0.340476898354
756  1.890000 -0.340378375882
757  1.892500 -0.340279336400
758  1.895000 -0.340180826869
759  1.897500 -0.340083865313
760  1.900000 -0.339989437932
761  1.902500 -0.339898496051
762  1.905000 -0.339811952944
763  1.907500 -0.339730680453
764  1.910000 -0.339655505373
765  1.912500 -0.339587205590
766  1.915000 -0.339526505953
767  1.917500 -0.339474073873
768  1.920000 -0.339430514639
769  1.922500 -0.339396366515
770  1.925000 -0.339372095543
771  1.927500 -0.339358090223
772  1.930000 -0.339354656072
773  1.932500 -0.339362010133
774  1.935000 -0.339380275615
775  1.937500 -0.339409476748
776  1.940000 -0.339449534063
777  1.942500 -0.339500260288
778  1.945000 -0.339561357066
779  1.947500 -0.339632412745
780  1.950000 -0.339712901494
781  1.952500 -0.339802184000
782  1.955000 -0.339899509912
783  1.957500 -0.340004022298
784  1.960000 -0.340114764205
785  1.962500 -0.340230687384
786  1.965000 -0.340350663180
787  1.967500 -0.340473495423
788  1.970000 -0.340597935100
789  1.972500 -0.340722696508
790  1.975000 -0.340846474401
791  1.977500 -0.340967961718
792  1.980000 -0.341085867314
793  1.982500 -0.341198933193
794  1.985000 -0.341305950746
795  1.987500 -0.341405775548
796  1.990000 -0.341497340336
797  1.992500 -0.341579665940
798  1.995000 -0.341651869993
799  1.997500 -0.341713173377
800  2.000000 -0.341762904470
801  2.002500 -0.341800501277
802  2.005000 -0.341825511677
803  2.007500 -0.341837591995
804  2.010000 -0.341836504171
805  2.012500 -0.341822111756
806  2.015000 -0.341794375044
807  2.017500 -0.341753345542
808  2.020000 -0.341699159996
809  2.022500 -0.341632034169
810  2.025000 -0.341552256547
811  2.027500 -0.341460182077
812  2.030000 -0.341356226055
813  2.032500 -0.341240858224
814  2.035000 -0.341114597187
815  2.037500 -0.340978005087
816  2.040000 -0.340831682687
817  2.042500 -0.340676264751
818  2.045000 -0.340512415785
819  2.047500 -0.340340826139
820  2.050000 -0.340162208406
821  2.052500 -0.339977294139
822  2.055000 -0.339786830858
823  2.057500 -0.339591579307
824  2.060000 -0.339392310948
825  2.062500 -0.339189805690
826  2.065000 -0.338984849775
827  2.067500 -0.338778233828
828  2.070000 -0.338570751067
829  2.072500 -0.338363195609
830  2.075000 -0.338156360863
831  2.077500 -0.337951038005
832  2.080000 -0.337748014488
833  2.082500 -0.337548072568
834  2.085000 -0.337351987848
835  2.087500 -0.337160527779
836  2.090000 -0.336974450122
837  2.092500 -0.336794501347
838  2.095000 -0.336621414945
839  2.097500 -0.336455909632
840  2.100000 -0.336298687385
841  2.102500 -0.336150431369
842  2.105000 -0.336011803626
843  2.107500 -0.335883442610
844  2.110000 -0.335765960453
845  2.112500 -0.335659939997
846  2.115000 -0.335565931556
847  2.117500 -0.335484449375
848  2.120000 -0.335415967797
849  2.122500 -0.335360917118
850  2.125000 -0.335319679115
851  2.127500 -0.335292582281
852  2.130000 -0.335279896774
853  2.132500 -0.335281829105
854  2.135000 -0.335298516636
855  2.137500 -0.335330021938
856  2.140000 -0.335376327156
857  2.142500 -0.335437328438
858  2.145000 -0.335512830602
859  2.147500 -0.335602542276
860  2.150000 -0.335706071652
861  2.152500 -0.335822923098
862  2.155000 -0.335952494935
863  2.157500 -0.336094078580
864  2.160000 -0.336246859313
865  2.162500 -0.336409918943
866  2.165000 -0.336582240487
867  2.167500 -0.336762715058
868  2.170000 -0.336950150934
869  2.172500 -0.337143284813
870  2.175000 -0.337340795062
871  2.177500 -0.337541316659
872  2.180000 -0.337743457473
873  2.182500 -0.337945815437
874  2.185000 -0.338146996041
875  2.187500 -0.338345629644
876  2.190000 -0.338540388034
877  2.192500 -0.338729999755
878  2.195000 -0.338913263784
879  2.197500 -0.339089061243
880  2.200000 -0.339256364934
881  2.202500 -0.339414246557
882  2.205000 -0.339561881708
883  2.207500 -0.339698552664
884  2.210000 -0.339823649197
885  2.212500 -0.339936667612
886  2.215000 -0.340037208246
887  2.217500 -0.340124971771
888  2.220000 -0.340199754479
889  2.222500 -0.340261442882
890  2.225000 -0.340310007806
891  2.227500 -0.340345498193
892  2.230000 -0.340368034804
893  2.232500 -0.340377803926
894  2.235000 -0.340375051223
895  2.237500 -0.340360075804
896  2.240000 -0.340333224572
897  2.242500 -0.340294886879
898  2.245000 -0.340245489552
899  2.247500 -0.340185492235
900  2.250000 -0.340115383103
901  2.252500 -0.340035674939
902  2.255000 -0.339946901505
903  2.257500 -0.339849614261
904  2.260000 -0.339744379339
905  2.262500 -0.339631774823
906  2.265000 -0.339512388250
907  2.267500 -0.339386814332
908  2.270000 -0.339255652886
909  2.272500 -0.339119506947
910  2.275000 -0.338978980997
911  2.277500 -0.338834679381
912  2.280000 -0.338687204787
913  2.282500 -0.338537156853
914  2.285000 -0.338385130832
915  2.287500 -0.338231716321
916  2.290000 -0.338077496054
917  2.292500 -0.337923044691
918  2.295000 -0.337768927666
919  2.297500 -0.337615699990
920  2.300000 -0.337463905102
921  2.302500 -0.337314073673
922  2.305000 -0.337166722376
923  2.307500 -0.337022352651
924  2.310000 -0.336881449402
925  2.312500 -0.336744479646
926  2.315000 -0.336611891119
927  2.317500 -0.336484110810
928  2.320000 -0.336361543457
929  2.322500 -0.336244569956
930  2.325000 -0.336133545715
931  2.327500 -0.336028798972
932  2.330000 -0.335930629031
933  2.332500 -0.335839304494
934  2.335000 -0.335755061436
935  2.337500 -0.335678101593
936  2.340000 -0.335608590556
937  2.342500 -0.335546656000
938  2.345000 -0.335492385979
939  2.347500 -0.335445827343
940  2.350000 -0.335406984275
941  2.352500 -0.335375817013
942  2.355000 -0.335352240834
943  2.357500 -0.335336125259
944  2.360000 -0.335327293677
945  2.362500 -0.335325523275
946  2.365000 -0.335330545434
947  2.367500 -0.335342046583
948  2.370000 -0.335359669580
949  2.372500 -0.335383015630
950  2.375000 -0.335411646757
951  2.377500 -0.335445088820
952  2.380000 -0.335482835106
953  2.382500 -0.335524350427
954  2.385000 -0.335569075695
955  2.387500 -0.335616432899
956  2.390000 -0.335665830437
957  2.392500 -0.335716668673
958  2.395000 -0.335768345640
959  2.397500 -0.335820262782
960  2.400000 -0.335871830628
961  2.402500 -0.335922474253
962  2.405000 -0.335971638501
963  2.407500 -0.336018792797
964  2.410000 -0.336063435534
965  2.412500 -0.336105097921
966  2.415000 -0.336143347310
967  2.417500 -0.336177789886
968  2.420000 -0.336208072805
969  2.422500 -0.336233885723
970  2.425000 -0.336254961750
971  2.427500 -0.336271077858
972  2.430000 -0.336282054809
973  2.432500 -0.336287756613
974  2.435000 -0.336288089575
975  2.437500 -0.336283001013
976  2.440000 -0.336272477653
977  2.442500 -0.336256543795
978  2.445000 -0.336235259281
979  2.447500 -0.336208717300
980  2.450000 -0.336177042099
981  2.452500 -0.336140386588
982  2.455000 -0.336098929942
983  2.457500 -0.336052875152
984  2.460000 -0.336002446587
985  2.462500 -0.335947887587
986  2.465000 -0.335889458084
987  2.467500 -0.335827432270
988  2.470000 -0.335762096323
989  2.472500 -0.335693746190
990  2.475000 -0.335622685437
991  2.477500 -0.335549223146
992  2.480000 -0.335473671901
993  2.482500 -0.335396345818
994  2.485000 -0.335317558657
995  2.487500 -0.335237621985
996  2.490000 -0.335156843398
997  2.492500 -0.335075524805
998  2.495000 -0.334993960775
999  2.497500 -0.334912436950
1000  2.500000 -0.334831228501
1001  2.502500 -0.334750598664
1002  2.505000 -0.334670797329
1003  2.507500 -0.334592059714
1004  2.510000 -0.334514605100
1005  2.512500 -0.334438635668
1006  2.515000 -0.334364335400
1007  2.517500 -0.334291869105
1008  2.520000 -0.334221381558
1009  2.522500 -0.334152996738
1010  2.525000 -0.334086817209
1011  2.527500 -0.334022923672
1012  2.530000 -0.333961374658
1013  2.532500 -0.333902206385
1014  2.535000 -0.333845432826
1015  2.537500 -0.333791045954
1016  2.540000 -0.333739016188
1017  2.542500 -0.333689293092
1018  2.545000 -0.333641806236
1019  2.547500 -0.333596466312
1020  2.550000 -0.333553166458
1021  2.552500 -0.333511783794
1022  2.555000 -0.333472181146
1023  2.557500 -0.333434208981
1024  2.560000 -0.333397707480
1025  2.562500 -0.333362508785
1026  2.565000 -0.333328439323
1027  2.567500 -0.333295322267
1028  2.570000 -0.333262980008
1029  2.572500 -0.333231236701
1030  2.575000 -0.333199920744
1031  2.577500 -0.333168867250
1032  2.580000 -0.333137920436
1033  2.582500 -0.333106935882
1034  2.585000 -0.333075782675
1035  2.587500 -0.333044345376
1036  2.590000 -0.333012525812
1037  2.592500 -0.332980244650
1038  2.595000 -0.332947442766
1039  2.597500 -0.332914082392
1040  2.600000 -0.332880148010
1041  2.602500 -0.332845647053
1042  2.605000 -0.332810610337
1043  2.607500 -0.332775092290
1044  2.610000 -0.332739170967
1045  2.612500 -0.332702947847
1046  2.615000 -0.332666547446
1047  2.617500 -0.332630116735
1048  2.620000 -0.332593824399
1049  2.622500 -0.332557859927
1050  2.625000 -0.332522432549
1051  2.627500 -0.332487770056
1052  2.630000 -0.332454117468
1053  2.632500 -0.332421735602
1054  2.635000 -0.332390899498
1055  2.637500 -0.332361896770
1056  2.640000 -0.332335025825
1057  2.642500 -0.332310593985
1058  2.645000 -0.332288915497
1059  2.647500 -0.332270309434
1060  2.650000 -0.332255097502
1061  2.652500 -0.332243601712
1062  2.655000 -0.332236141942
1063  2.657500 -0.332233033361
1064  2.660000 -0.332234583730
1065  2.662500 -0.332241090568
1066  2.665000 -0.332252838174
1067  2.667500 -0.332270094502
1068  2.670000 -0.332293107901
1069  2.672500 -0.332322103725
1070  2.675000 -0.332357280802
1071  2.677500 -0.332398807805
1072  2.680000 -0.332446819537
1073  2.682500 -0.332501413166
1074  2.685000 -0.332562644460
1075  2.687500 -0.332630524047
1076  2.690000 -0.332705013825
1077  2.692500 -0.332786023545
1078  2.695000 -0.332873407696
1079  2.697500 -0.332966962801
1080  2.700000 -0.333066425217
1081  2.702500 -0.333171469594
1082  2.705000 -0.333281708079
1083  2.707500 -0.333396690459
1084  2.710000 -0.333515905252
1085  2.712500 -0.333638781959
1086  2.715000 -0.333764694457
1087  2.717500 -0.333892965585
1088  2.720000 -0.334022872945
1089  2.722500 -0.334153655822
1090  2.725000 -0.334284523143
1091  2.727500 -0.334414662280
1092  2.730000 -0.334543248521
1093  2.732500 -0.334669454968
1094  2.735000 -0.334792462586
1095  2.737500 -0.334911470145
1096  2.740000 -0.335025703780
1097  2.742500 -0.335134425911
1098  2.745000 -0.335236943348
1099  2.747500 -0.335332614360
1100  2.750000 -0.335420854634
1101  2.752500 -0.335501142033
1102  2.755000 -0.335573020120
1103  2.757500 -0.335636100513
1104  2.760000 -0.335690064098
1105  2.762500 -0.335734661217
1106  2.765000 -0.335769710941
1107  2.767500 -0.335795099554
1108  2.770000 -0.335810778383
1109  2.772500 -0.335816761108
1110  2.775000 -0.335813120681
1111  2.777500 -0.335799985929
1112  2.780000 -0.335777538013
1113  2.782500 -0.335746006782
1114  2.785000 -0.335705667087
1115  2.787500 -0.335656835154
1116  2.790000 -0.335599865039
1117  2.792500 -0.335535145183
1118  2.795000 -0.335463095124
1119  2.797500 -0.335384162378
1120  2.800000 -0.335298819475
1121  2.802500 -0.335207561155
1122  2.805000 -0.335110901756
1123  2.807500 -0.335009372742
1124  2.810000 -0.334903520384
1125  2.812500 -0.334793903579
1126  2.815000 -0.334681091793
1127  2.817500 -0.334565663109
1128  2.820000 -0.334448202352
1129  2.822500 -0.334329299301
1130  2.825000 -0.334209546934
1131  2.827500 -0.334089539713
1132  2.830000 -0.333969871895
1133  2.832500 -0.333851135799
1134  2.835000 -0.333733920086
1135  2.837500 -0.333618807948
1136  2.840000 -0.333506375251
1137  2.842500 -0.333397188575
1138  2.845000 -0.333291803136
1139  2.847500 -0.333190760572
1140  2.850000 -0.333094586560
1141  2.852500 -0.333003788278
1142  2.855000 -0.332918851635
1143  2.857500 -0.332840238296
1144  2.860000 -0.332768382489
1145  2.862500 -0.332703687546
1146  2.865000 -0.332646522216
1147  2.867500 -0.332597216714
1148  2.870000 -0.332556058556
1149  2.872500 -0.332523288188
1150  2.875000 -0.332499094440
1151  2.877500 -0.332483609870
1152  2.880000 -0.332476906084
1153  2.882500 -0.332478989123
1154  2.885000 -0.332489795032
1155  2.887500 -0.332509185795
1156  2.890000 -0.332536945757
1157  2.892500 -0.332572778782
1158  2.895000 -0.332616306326
1159  2.897500 -0.332667066634
1160  2.900000 -0.332724515299
1161  2.902500 -0.332788027363
1162  2.905000 -0.332856901102
1163  2.907500 -0.332930363625
1164  2.910000 -0.333007578277
1165  2.912500 -0.333087653824
1166  2.915000 -0.333169655264
1167  2.917500 -0.333252615983
1168  2.920000 -0.333335551011
1169  2.922500 -0.333417470887
1170  2.925000 -0.333497395766
1171  2.927500 -0.333574369254
1172  2.930000 -0.333647471573
1173  2.932500 -0.333715831621
1174  2.935000 -0.333778637637
1175  2.937500 -0.333835146171
1176  2.940000 -0.333884689278
1177  2.942500 -0.333926679829
1178  2.945000 -0.333960614999
1179  2.947500 -0.333986078033
1180  2.950000 -0.334002738427
1181  2.952500 -0.334010350776
1182  2.955000 -0.334008752468
1183  2.957500 -0.333997860433
1184  2.960000 -0.333977667215
1185  2.962500 -0.333948236541
1186  2.965000 -0.333909698561
1187  2.967500 -0.333862244926
1188  2.970000 -0.333806123827
1189  2.972500 -0.333741635079
1190  2.975000 -0.333669125390
1191  2.977500 -0.333588983789
1192  2.980000 -0.333501637306
1193  2.982500 -0.333407546928
1194  2.985000 -0.333307203810
1195  2.987500 -0.333201125775
1196  2.990000 -0.333089854079
1197  2.992500 -0.332973950435
1198  2.995000 -0.332853994263
1199  2.997500 -0.332730580180
1200  3.000000 -0.332604315676
1201  3.002500 -0.332475818956
1202  3.005000 -0.332345716947
1203  3.007500 -0.332214643412
1204  3.010000 -0.332083237163
1205  3.012500 -0.331952140350
1206  3.015000 -0.331821996795
1207  3.017500 -0.331693450312
1208  3.020000 -0.331567143062
1209  3.022500 -0.331443713832
1210  3.025000 -0.331323796247
1211  3.027500 -0.331208016899
1212  3.030000 -0.331096993331
1213  3.032500 -0.330991331856
1214  3.035000 -0.330891625178
1215  3.037500 -0.330798449791
1216  3.040000 -0.330712363091
1217  3.042500 -0.330633900208
1218  3.045000 -0.330563570487
1219  3.047500 -0.330501853604
1220  3.050000 -0.330449195285
1221  3.052500 -0.330406002614
1222  3.055000 -0.330372638905
1223  3.057500 -0.330349418147
1224  3.060000 -0.330336599045
1225  3.062500 -0.330334378688
1226  3.065000 -0.330342885934
1227  3.067500 -0.330362174582
1228  3.070000 -0.330392216535
1229  3.072500 -0.330432895089
1230  3.075000 -0.330483998629
1231  3.077500 -0.330545215037
1232  3.080000 -0.330616127131
1233  3.082500 -0.330696209518
1234  3.085000 -0.330784827267
1235  3.087500 -0.330881236799
1236  3.090000 -0.330984589306
1237  3.092500 -0.331093937021
1238  3.095000 -0.331208242438
1239  3.097500 -0.331326390512
1240  3.100000 -0.331447203632
1241  3.102500 -0.331569458972
1242  3.105000 -0.331691907705
1243  3.107500 -0.331813295305
1244  3.110000 -0.331932382188
1245  3.112500 -0.332047963811
1246  3.115000 -0.332158889470
1247  3.117500 -0.332264079072
1248  3.120000 -0.332362537399
1249  3.122500 -0.332453365447
1250  3.125000 -0.332535768771
1251  3.127500 -0.332609062792
1252  3.130000 -0.332672675308
1253  3.132500 -0.332726146460
1254  3.135000 -0.332769126560
1255  3.137500 -0.332801372152
1256  3.140000 -0.332822740758
1257  3.142500 -0.332833184649
1258  3.145000 -0.332832744013
1259  3.147500 -0.332821539815
1260  3.150000 -0.332799766567
1261  3.152500 -0.332767685231
1262  3.155000 -0.332725616372
1263  3.157500 -0.332673933680
1264  3.160000 -0.332613057908
1265  3.162500 -0.332543451272
1266  3.165000 -0.332465612324
1267  3.167500 -0.332380071313
1268  3.170000 -0.332287385977
1269  3.172500 -0.332188137787
1270  3.175000 -0.332082928573
1271  3.177500 -0.331972377536
1272  3.180000 -0.331857118584
1273  3.182500 -0.331737797952
1274  3.185000 -0.331615072101
1275  3.187500 -0.331489605835
1276  3.190000 -0.331362070611
1277  3.192500 -0.331233143006
1278  3.195000 -0.331103503316
1279  3.197500 -0.330973834252
1280  3.200000 -0.330844819711
1281  3.202500 -0.330717143585
1282  3.205000 -0.330591488577
1283  3.207500 -0.330468535010
1284  3.210000 -0.330348959583
1285  3.212500 -0.330233434059
1286  3.215000 -0.330122623838
1287  3.217500 -0.330017186391
1288  3.220000 -0.329917769521
1289  3.222500 -0.329825009416
1290  3.225000 -0.329739528435
1291  3.227500 -0.329661932614
1292  3.230000 -0.329592808823
1293  3.232500 -0.329532721531
1294  3.235000 -0.329482209147
1295  3.237500 -0.329441779880
1296  3.240000 -0.329411907061
1297  3.242500 -0.329393023913
1298  3.245000 -0.329385517709
1299  3.247500 -0.329389723331
1300  3.250000 -0.329405916207
1301  3.252500 -0.329434304680
1302  3.255000 -0.329475021866
1303  3.257500 -0.329528117124
1304  3.260000 -0.329593547317
1305  3.262500 -0.329671168123
1306  3.265000 -0.329760725697
1307  3.267500 -0.329861849121
1308  3.270000 -0.329974044133
1309  3.272500 -0.330096688634
1310  3.275000 -0.330229030631
1311  3.277500 -0.330370189165
1312  3.280000 -0.330519158746
1313  3.282500 -0.330674817698
1314  3.285000 -0.330835940613
1315  3.287500 -0.331001214858
1316  3.290000 -0.331169260775
1317  3.292500 -0.331338654922
1318  3.295000 -0.331507955407
1319  3.297500 -0.331675728181
1320  3.300000 -0.331840573064
1321  3.302500 -0.332001148297
1322  3.305000 -0.332156192503
1323  3.307500 -0.332304543276
1324  3.310000 -0.332445151831
1325  3.312500 -0.332577093460
1326  3.315000 -0.332699573873
1327  3.317500 -0.332811931732
1328  3.320000 -0.332913637792
1329  3.322500 -0.333004291286
1330  3.325000 -0.333083614102
1331  3.327500 -0.333151443398
1332  3.330000 -0.333207723147
1333  3.332500 -0.333252495140
1334  3.335000 -0.333285889765
1335  3.337500 -0.333308116925
1336  3.340000 -0.333319457288
1337  3.342500 -0.333320254013
1338  3.345000 -0.333310905085
1339  3.347500 -0.333291856279
1340  3.350000 -0.333263594791
1341  3.352500 -0.333226643516
1342  3.355000 -0.333181555959
1343  3.357500 -0.333128911728
1344  3.360000 -0.333069312573
1345  3.362500 -0.333003378913
1346  3.365000 -0.332931746814
1347  3.367500 -0.332855065359
1348  3.370000 -0.332773994362
1349  3.372500 -0.332689202380
1350  3.375000 -0.332601364994
1351  3.377500 -0.332511163302
1352  3.380000 -0.332419282591
1353  3.382500 -0.332326411167
1354  3.385000 -0.332233239276
1355  3.387500 -0.332140458142
1356  3.390000 -0.332048759020
1357  3.392500 -0.331958832290
1358  3.395000 -0.331871366548
1359  3.397500 -0.331787047648
1360  3.400000 -0.331706557676
1361  3.402500 -0.331630573822
1362  3.405000 -0.331559767117
1363  3.407500 -0.331494800987
1364  3.410000 -0.331436329590
1365  3.412500 -0.331384995893
1366  3.415000 -0.331341429425
1367  3.417500 -0.331306243668
1368  3.420000 -0.331280033016
1369  3.422500 -0.331263369228
1370  3.425000 -0.331256797340
1371  3.427500 -0.331260830918
1372  3.430000 -0.331275946621
1373  3.432500 -0.331302577987
1374  3.435000 -0.331341108379
1375  3.437500 -0.331391863055
1376  3.440000 -0.331455100368
1377  3.442500 -0.331531002063
1378  3.445000 -0.331619662809
1379  3.447500 -0.331721079069
1380  3.450000 -0.331835137578
1381  3.452500 -0.331961603776
1382  3.455000 -0.332100110672
1383  3.457500 -0.332250148791
1384  3.460000 -0.332411057910
1385  3.462500 -0.332582021500
1386  3.465000 -0.332762064752
1387  3.467500 -0.332950057095
1388  3.470000 -0.333144719975
1389  3.472500 -0.333344640375
1390  3.475000 -0.333548290230
1391  3.477500 -0.333754051356
1392  3.480000 -0.333960245039
1393  3.482500 -0.334165164956
1394  3.485000 -0.334367111656
1395  3.487500 -0.334564426743
1396  3.490000 -0.334755524864
1397  3.492500 -0.334938921858
1398  3.495000 -0.335113257856
1399  3.497500 -0.335277314618
1400  3.500000 -0.335430026878
1401  3.502500 -0.335570487984
1402  3.505000 -0.335697950413
1403  3.507500 -0.335811822001
1404  3.510000 -0.335911658837
1405  3.512500 -0.335997155720
1406  3.515000 -0.336068135034
1407  3.517500 -0.336124534848
1408  3.520000 -0.336166396700
1409  3.522500 -0.336193853658
1410  3.525000 -0.336207118887
1411  3.527500 -0.336206474983
1412  3.530000 -0.336192264181
1413  3.532500 -0.336164879490
1414  3.535000 -0.336124756781
1415  3.537500 -0.336072367788
1416  3.540000 -0.336008213946
1417  3.542500 -0.335932821050
1418  3.545000 -0.335846734602
1419  3.547500 -0.335750515830
1420  3.550000 -0.335644738271
1421  3.552500 -0.335529984850
1422  3.555000 -0.335406845403
1423  3.557500 -0.335275914584
1424  3.560000 -0.335137790091
1425  3.562500 -0.334993071189
1426  3.565000 -0.334842357460
1427  3.567500 -0.334686247754
1428  3.570000 -0.334525339321
1429  3.572500 -0.334360227075
1430  3.575000 -0.334191502977
1431  3.577500 -0.334019755517
1432  3.580000 -0.333845569258
1433  3.582500 -0.333669524447
1434  3.585000 -0.333492196655
1435  3.587500 -0.333314156455
1436  3.590000 -0.333135969094
1437  3.592500 -0.332958194177
1438  3.595000 -0.332781385332
1439  3.597500 -0.332606089846
1440  3.600000 -0.332432848267
1441  3.602500 -0.332262193947
1442  3.605000 -0.332094652538
1443  3.607500 -0.331930741391
1444  3.610000 -0.331770968878
1445  3.612500 -0.331615833613
1446  3.615000 -0.331465823554
1447  3.617500 -0.331321414962
1448  3.620000 -0.331183071219
1449  3.622500 -0.331051241482
1450  3.625000 -0.330926359151
1451  3.627500 -0.330808840129
1452  3.630000 -0.330699080876
1453  3.632500 -0.330597456213
1454  3.635000 -0.330504316890
1455  3.637500 -0.330419986883
1456  3.640000 -0.330344760420
1457  3.642500 -0.330278898738
1458  3.645000 -0.330222626563
1459  3.647500 -0.330176128346
1460  3.650000 -0.330139544258
1461  3.652500 -0.330112966022
1462  3.655000 -0.330096432609
1463  3.657500 -0.330089925902
1464  3.660000 -0.330093366436
1465  3.662500 -0.330106609350
1466  3.665000 -0.330129440700
1467  3.667500 -0.330161574343
1468  3.670000 -0.330202649596
1469  3.672500 -0.330252229863
1470  3.675000 -0.330309802510
1471  3.677500 -0.330374780138
1472  3.680000 -0.330446503478
1473  3.682500 -0.330524246026
1474  3.685000 -0.330607220462
1475  3.687500 -0.330694586852
1476  3.690000 -0.330785462477
1477  3.692500 -0.330878933110
1478  3.695000 -0.330974065350
1479  3.697500 -0.331069919674
1480  3.700000 -0.331165563730
1481  3.702500 -0.331260085391
1482  3.705000 -0.331352605134
1483  3.707500 -0.331442287334
1484  3.710000 -0.331528350110
1485  3.712500 -0.331610073530
1486  3.715000 -0.331686806007
1487  3.717500 -0.331757968854
1488  3.720000 -0.331823059080
1489  3.722500 -0.331881650509
1490  3.725000 -0.331933393443
1491  3.727500 -0.331978013073
1492  3.730000 -0.332015306841
1493  3.732500 -0.332045141020
1494  3.735000 -0.332067446706
1495  3.737500 -0.332082215426
1496  3.740000 -0.332089494516
1497  3.742500 -0.332089382433
1498  3.745000 -0.332082024099
1499  3.747500 -0.332067606346
1500  3.750000 -0.332046353590
1501  3.752500 -0.332018523688
1502  3.755000 -0.331984404082
1503  3.757500 -0.331944308208
1504  3.760000 -0.331898572169
1505  3.762500 -0.331847551693
1506  3.765000 -0.331791619336
1507  3.767500 -0.331731161925
1508  3.770000 -0.331666578238
1509  3.772500 -0.331598276884
1510  3.775000 -0.331526674353
1511  3.777500 -0.331452193245
1512  3.780000 -0.331375260624
1513  3.782500 -0.331296306506
1514  3.785000 -0.331215762429
1515  3.787500 -0.331134060121
1516  3.790000 -0.331051630219
1517  3.792500 -0.330968901025
1518  3.795000 -0.330886297300
1519  3.797500 -0.330804239060
1520  3.800000 -0.330723140366
1521  3.802500 -0.330643408094
1522  3.805000 -0.330565440663
1523  3.807500 -0.330489626715
1524  3.810000 -0.330416343733
1525  3.812500 -0.330345956586
1526  3.815000 -0.330278815977
1527  3.817500 -0.330215256799
1528  3.820000 -0.330155596394
1529  3.822500 -0.330100132688
1530  3.825000 -0.330049142226
1531  3.827500 -0.330002878088
1532  3.830000 -0.329961567706
1533  3.832500 -0.329925410572
1534  3.835000 -0.329894575870
1535  3.837500 -0.329869200057
1536  3.840000 -0.329849384417
1537  3.842500 -0.329835192622
1538  3.845000 -0.329826648382
1539  3.847500 -0.329823733179
1540  3.850000 -0.329826384247
1541  3.852500 -0.329834492800
1542  3.855000 -0.329847902634
1543  3.857500 -0.329866409197
1544  3.860000 -0.329889759209
1545  3.862500 -0.329917650929
1546  3.865000 -0.329949735170
1547  3.867500 -0.329985617109
1548  3.870000 -0.330024858979
1549  3.872500 -0.330066983607
1550  3.875000 -0.330111478864
1551  3.877500 -0.330157802916
1552  3.880000 -0.330205390227
1553  3.882500 -0.330253658191
1554  3.885000 -0.330302014226
1555  3.887500 -0.330349863162
1556  3.890000 -0.330396614704
1557  3.892500 -0.330441690806
1558  3.895000 -0.330484532717
1559  3.897500 -0.330524607533
1560  3.900000 -0.330561414129
1561  3.902500 -0.330594488293
1562  3.905000 -0.330623407044
1563  3.907500 -0.330647792027
1564  3.910000 -0.330667312035
1565  3.912500 -0.330681684633
1566  3.915000 -0.330690676982
1567  3.917500 -0.330694105908
1568  3.920000 -0.330691837311
1569  3.922500 -0.330683785018
1570  3.925000 -0.330669909176
1571  3.927500 -0.330650214274
1572  3.930000 -0.330624746901
1573  3.932500 -0.330593593307
1574  3.935000 -0.330556876840
1575  3.937500 -0.330514755340
1576  3.940000 -0.330467418511
1577  3.942500 -0.330415085344
1578  3.945000 -0.330358001596
1579  3.947500 -0.330296437361
1580  3.950000 -0.330230684759
1581  3.952500 -0.330161055722
1582  3.955000 -0.330087879916
1583  3.957500 -0.330011502772
1584  3.960000 -0.329932283649
1585  3.962500 -0.329850594090
1586  3.965000 -0.329766816186
1587  3.967500 -0.329681341052
1588  3.970000 -0.329594567339
1589  3.972500 -0.329506899856
1590  3.975000 -0.329418748225
1591  3.977500 -0.329330525578
1592  3.980000 -0.329242647289
1593  3.982500 -0.329155529691
1594  3.985000 -0.329069588807
1595  3.987500 -0.328985239061
1596  3.990000 -0.328902891928
1597  3.992500 -0.328822954552
1598  3.995000 -0.328745828275
1599  3.997500 -0.328671907072
1600  4.000000 -0.328601575883
1601  4.002500 -0.328535208804
1602  4.005000 -0.328473167160
1603  4.007500 -0.328415797378
1604  4.010000 -0.328363428704
1605  4.012500 -0.328316370723
1606  4.015000 -0.328274910670
1607  4.017500 -0.328239310530
1608  4.020000 -0.328209803935
1609  4.022500 -0.328186592844
1610  4.025000 -0.328169844052
1611  4.027500 -0.328159685512
1612  4.030000 -0.328156202570
1613  4.032500 -0.328159434132
1614  4.035000 -0.328169368843
1615  4.037500 -0.328185941404
1616  4.040000 -0.328209029126
1617  4.042500 -0.328238448886
1618  4.045000 -0.328273954626
1619  4.047500 -0.328315235593
1620  4.050000 -0.328361915500
1621  4.052500 -0.328413552793
1622  4.055000 -0.328469642184
1623  4.057500 -0.328529617598
1624  4.060000 -0.328592856623
1625  4.062500 -0.328658686469
1626  4.065000 -0.328726391416
1627  4.067500 -0.328795221598
1628  4.070000 -0.328864402914
1629  4.072500 -0.328933147780
1630  4.075000 -0.329000666382
1631  4.077500 -0.329066178028
1632  4.080000 -0.329128922227
1633  4.082500 -0.329188169098
1634  4.085000 -0.329243228818
1635  4.087500 -0.329293459800
1636  4.090000 -0.329338275462
1637  4.092500 -0.329377149458
1638  4.095000 -0.329409619375
1639  4.097500 -0.329435288932
1640  4.100000 -0.329453828805
1641  4.102500 -0.329464976234
1642  4.105000 -0.329468533591
1643  4.107500 -0.329464366083
1644  4.110000 -0.329452398815
1645  4.112500 -0.329432613361
1646  4.115000 -0.329405044011
1647  4.117500 -0.329369773849
1648  4.120000 -0.329326930755
1649  4.122500 -0.329276683451
1650  4.125000 -0.329219237632
1651  4.127500 -0.329154832276
1652  4.130000 -0.329083736138
1653  4.132500 -0.329006244457
1654  4.135000 -0.328922675914
1655  4.137500 -0.328833369802
1656  4.140000 -0.328738683441
1657  4.142500 -0.328638989817
1658  4.145000 -0.328534675424
1659  4.147500 -0.328426138311
1660  4.150000 -0.328313786306
1661  4.152500 -0.328198035394
1662  4.155000 -0.328079308259
1663  4.157500 -0.327958032945
1664  4.160000 -0.327834641625
1665  4.162500 -0.327709569473
1666  4.165000 -0.327583253608
1667  4.167500 -0.327456132113
1668  4.170000 -0.327328643086
1669  4.172500 -0.327201223744
1670  4.175000 -0.327074309532
1671  4.177500 -0.326948333248
1672  4.180000 -0.326823724155
1673  4.182500 -0.326700907080
1674  4.185000 -0.326580301475
1675  4.187500 -0.326462320433
1676  4.190000 -0.326347369648
1677  4.192500 -0.326235846298
1678  4.195000 -0.326128137859
1679  4.197500 -0.326024620809
1680  4.200000 -0.325925659230
1681  4.202500 -0.325831603297
1682  4.205000 -0.325742787633
1683  4.207500 -0.325659529538
1684  4.210000 -0.325582127070
1685  4.212500 -0.325510856982
1686  4.215000 -0.325445972524
1687  4.217500 -0.325387701101
1688  4.220000 -0.325336241808
1689  4.222500 -0.325291762858
1690  4.225000 -0.325254398929
1691  4.227500 -0.325224248471
1692  4.230000 -0.325201371019
1693  4.232500 -0.325185784578
1694  4.235000 -0.325177463136
1695  4.237500 -0.325176334418
1696  4.240000 -0.325182277961
1697  4.242500 -0.325195123618
1698  4.245000 -0.325214650609
1699  4.247500 -0.325240587256
1700  4.250000 -0.325272611471
1701  4.252500 -0.325310352117
1702  4.255000 -0.325353391349
1703  4.257500 -0.325401267932
1704  4.260000 -0.325453481577
1705  4.262500 -0.325509498268
1706  4.265000 -0.325568756476
1707  4.267500 -0.325630674151
1708  4.270000 -0.325694656317
1709  4.272500 -0.325760103049
1710  4.275000 -0.325826417601
1711  4.277500 -0.325893014457
1712  4.280000 -0.325959327041
1713  4.282500 -0.326024814889
1714  4.285000 -0.326088970066
1715  4.287500 -0.326151322703
1716  4.290000 -0.326211445566
1717  4.292500 -0.326268957558
1718  4.295000 -0.326323526205
1719  4.297500 -0.326374869133
1720  4.300000 -0.326422754601
1721  4.302500 -0.326467001214
1722  4.305000 -0.326507476879
1723  4.307500 -0.326544097173
1724  4.310000 -0.326576823207
1725  4.312500 -0.326605659091
1726  4.315000 -0.326630649146
1727  4.317500 -0.326651874905
1728  4.320000 -0.326669452012
1729  4.322500 -0.326683527070
1730  4.325000 -0.326694274503
1731  4.327500 -0.326701893449
1732  4.330000 -0.326706604741
1733  4.332500 -0.326708647965
1734  4.335000 -0.326708278630
1735  4.337500 -0.326705765453
1736  4.340000 -0.326701387736
1737  4.342500 -0.326695432858
1738  4.345000 -0.326688193841
1739  4.347500 -0.326679967028
1740  4.350000 -0.326671049810
1741  4.352500 -0.326661738435
1742  4.355000 -0.326652325841
1743  4.357500 -0.326643099544
1744  4.360000 -0.326634339551
1745  4.362500 -0.326626316286
1746  4.365000 -0.326619288527
1747  4.367500 -0.326613501355
1748  4.370000 -0.326609184107
1749  4.372500 -0.326606548342
1750  4.375000 -0.326605785811
1751  4.377500 -0.326607066471
1752  4.380000 -0.326610536530
1753  4.382500 -0.326616316572
1754  4.385000 -0.326624499755
1755  4.387500 -0.326635150163
1756  4.390000 -0.326648301306
1757  4.392500 -0.326663954842
1758  4.395000 -0.326682079563
1759  4.397500 -0.326702610688
1760  4.400000 -0.326725449526
1761  4.402500 -0.326750463561
1762  4.405000 -0.326777486991
1763  4.407500 -0.326806321797
1764  4.410000 -0.326836739329
1765  4.412500 -0.326868482448
1766  4.415000 -0.326901268241
1767  4.417500 -0.326934791246
1768  4.420000 -0.326968727186
1769  4.422500 -0.327002737140
1770  4.425000 -0.327036472059
1771  4.427500 -0.327069577552
1772  4.430000 -0.327101698834
1773  4.432500 -0.327132485708
1774  4.435000 -0.327161597456
1775  4.437500 -0.327188707566
1776  4.440000 -0.327213508141
1777  4.442500 -0.327235713943
1778  4.445000 -0.327255065971
1779  4.447500 -0.327271334533
1780  4.450000 -0.327284321786
1781  4.452500 -0.327293863719
1782  4.455000 -0.327299831600
1783  4.457500 -0.327302132905
1784  4.460000 -0.327300711774
1785  4.462500 -0.327295549009
1786  4.465000 -0.327286661719
1787  4.467500 -0.327274102624
1788  4.470000 -0.327257959095
1789  4.472500 -0.327238351983
1790  4.475000 -0.327215434289
1791  4.477500 -0.327189389711
1792  4.480000 -0.327160431129
1793  4.482500 -0.327128799052
1794  4.485000 -0.327094760056
1795  4.487500 -0.327058605246
1796  4.490000 -0.327020648758
1797  4.492500 -0.326981226312
1798  4.495000 -0.326940693823
1799  4.497500 -0.326899426095
1800  4.500000 -0.326857815575
1801  4.502500 -0.326816271184
1802  4.505000 -0.326775217222
1803  4.507500 -0.326735092319
1804  4.510000 -0.326696348456
1805  4.512500 -0.326659450013
1806  4.515000 -0.326624872865
1807  4.517500 -0.326593103474
1808  4.520000 -0.326564637977
1809  4.522500 -0.326539981264
1810  4.525000 -0.326519645984
1811  4.527500 -0.326504151482
1812  4.530000 -0.326494022614
1813  4.532500 -0.326489788409
1814  4.535000 -0.326491980531
1815  4.537500 -0.326501131478
1816  4.540000 -0.326517772468
1817  4.542500 -0.326542430923
1818  4.545000 -0.326575627473
1819  4.547500 -0.326617872382
1820  4.550000 -0.326669661275
1821  4.552500 -0.326731470047
1822  4.555000 -0.326803748803
1823  4.557500 -0.326886914688
1824  4.560000 -0.326981343448
1825  4.562500 -0.327087359563
1826  4.565000 -0.327205224853
1827  4.567500 -0.327335125430
1828  4.570000 -0.327477157043
1829  4.572500 -0.327631308896
1830  4.575000 -0.327797446248
1831  4.577500 -0.327975292350
1832  4.580000 -0.328164410499
1833  4.582500 -0.328364187452
1834  4.585000 -0.328573819703
1835  4.587500 -0.328792304434
1836  4.590000 -0.329018437219
1837  4.592500 -0.329250818299
1838  4.595000 -0.329487868983
1839  4.597500 -0.329727858808
1840  4.600000 -0.329968942944
1841  4.602500 -0.330209208104
1842  4.605000 -0.330446723839
1843  4.607500 -0.330679595347
1844  4.610000 -0.330906013661
1845  4.612500 -0.331124299430
1846  4.615000 -0.331332937577
1847  4.617500 -0.331530601318
1848  4.620000 -0.331716165420
1849  4.622500 -0.331888709585
1850  4.625000 -0.332047513649
1851  4.627500 -0.332192046559
1852  4.630000 -0.332321951155
1853  4.632500 -0.332437026542
1854  4.635000 -0.332537209536
1855  4.637500 -0.332622556249
1856  4.640000 -0.332693224614
1857  4.642500 -0.332749458284
1858  4.645000 -0.332791572171
1859  4.647500 -0.332819939674
1860  4.650000 -0.332834981617
1861  4.652500 -0.332837156719
1862  4.655000 -0.332826953528
1863  4.657500 -0.332804883611
1864  4.660000 -0.332771475870
1865  4.662500 -0.332727271806
1866  4.665000 -0.332672821626
1867  4.667500 -0.332608681028
1868  4.670000 -0.332535408584
1869  4.672500 -0.332453563595
1870  4.675000 -0.332363704371
1871  4.677500 -0.332266386831
1872  4.680000 -0.332162163376
1873  4.682500 -0.332051581996
1874  4.685000 -0.331935185542
1875  4.687500 -0.331813511149
1876  4.690000 -0.331687089767
1877  4.692500 -0.331556445770
1878  4.695000 -0.331422096636
1879  4.697500 -0.331284552663
1880  4.700000 -0.331144316714
1881  4.702500 -0.331001883962
1882  4.705000 -0.330857741643
1883  4.707500 -0.330712368787
1884  4.710000 -0.330566235918
1885  4.712500 -0.330419804726
1886  4.715000 -0.330273527681
1887  4.717500 -0.330127847600
1888  4.720000 -0.329983197134
1889  4.722500 -0.329839998192
1890  4.725000 -0.329698661274
1891  4.727500 -0.329559584708
1892  4.730000 -0.329423153790
1893  4.732500 -0.329289739815
1894  4.735000 -0.329159698980
1895  4.737500 -0.329033371173
1896  4.740000 -0.328911078627
1897  4.742500 -0.328793124443
1898  4.745000 -0.328679790976
1899  4.747500 -0.328571338100
1900  4.750000 -0.328468001329
1901  4.752500 -0.328369989841
1902  4.755000 -0.328277484398
1903  4.757500 -0.328190635186
1904  4.760000 -0.328109559633
1905  4.762500 -0.328034340214
1906  4.765000 -0.327965022318
1907  4.767500 -0.327901612232
1908  4.770000 -0.327844075318
1909  4.772500 -0.327792334462
1910  4.775000 -0.327746268894
1911  4.777500 -0.327705713464
1912  4.780000 -0.327670458490
1913  4.782500 -0.327640250245
1914  4.785000 -0.327614792201
1915  4.787500 -0.327593747070
1916  4.790000 -0.327576739686
1917  4.792500 -0.327563360759
1918  4.795000 -0.327553171452
1919  4.797500 -0.327545708726
1920  4.800000 -0.327540491358
1921  4.802500 -0.327537026471
1922  4.805000 -0.327534816422
1923  4.807500 -0.327533365833
1924  4.810000 -0.327532188584
1925  4.812500 -0.327530814546
1926  4.815000 -0.327528795879
1927  4.817500 -0.327525712731
1928  4.820000 -0.327521178207
1929  4.822500 -0.327514842516
1930  4.825000 -0.327506396262
1931  4.827500 -0.327495572854
1932  4.830000 -0.327482150070
1933  4.832500 -0.327465950821
1934  4.835000 -0.327446843193
1935  4.837500 -0.327424739874
1936  4.840000 -0.327399597036
1937  4.842500 -0.327371412781
1938  4.845000 -0.327340225272
1939  4.847500 -0.327306110592
1940  4.850000 -0.327269180449
1941  4.852500 -0.327229579778
1942  4.855000 -0.327187484312
1943  4.857500 -0.327143098134
1944  4.860000 -0.327096651305
1945  4.862500 -0.327048397536
1946  4.865000 -0.326998611948
1947  4.867500 -0.326947588941
1948  4.870000 -0.326895640161
1949  4.872500 -0.326843092558
1950  4.875000 -0.326790286549
1951  4.877500 -0.326737574272
1952  4.880000 -0.326685317898
1953  4.882500 -0.326633888017
1954  4.885000 -0.326583662070
1955  4.887500 -0.326535022785
1956  4.890000 -0.326488356636
1957  4.892500 -0.326444052278
1958  4.895000 -0.326402498938
1959  4.897500 -0.326364084734
1960  4.900000 -0.326329194896
1961  4.902500 -0.326298209868
1962  4.905000 -0.326271503250
1963  4.907500 -0.326249439541
1964  4.910000 -0.326232371669
1965  4.912500 -0.326220638258
1966  4.915000 -0.326214560600
1967  4.917500 -0.326214439306
1968  4.920000 -0.326220550598
1969  4.922500 -0.326233142225
1970  4.925000 -0.326252428992
1971  4.927500 -0.326278587899
1972  4.930000 -0.326311752896
1973  4.932500 -0.326352009340
1974  4.935000 -0.326399388166
1975  4.937500 -0.326453859957
1976  4.940000 -0.326515329036
1977  4.942500 -0.326583627788
1978  4.945000 -0.326658511528
1979  4.947500 -0.326739654179
1980  4.950000 -0.326826645169
1981  4.952500 -0.326918987915
1982  4.955000 -0.327016100296
1983  4.957500 -0.327117317434
1984  4.960000 -0.327221897094
1985  4.962500 -0.327329027785
1986  4.965000 -0.327437839577
1987  4.967500 -0.327547417358
1988  4.970000 -0.327656816124
1989  4.972500 -0.327765077690
1990  4.975000 -0.327871248045
1991  4.977500 -0.327974394557
1992  4.980000 -0.328073622221
1993  4.982500 -0.328168088238
1994  4.985000 -0.328257014367
1995  4.987500 -0.328339696690
1996  4.990000 -0.328415512627
1997  4.992500 -0.328483925226
1998  4.995000 -0.328544484943
1999  4.997500 -0.328596829186
2000  5.000000 -0.328640680027
2001  5.002500 -0.328675840442
2002  5.005000 -0.328702189526
2003  5.007500 -0.328719676995
2004  5.010000 -0.328728317298
2005  5.012500 -0.328728183608
2006  5.015000 -0.328719401866
2007  5.017500 -0.328702145072
2008  5.020000 -0.328676627863
2009  5.022500 -0.328643101505
2010  5.025000 -0.328601849302
2011  5.027500 -0.328553182436
2012  5.030000 -0.328497436255
2013  5.032500 -0.328434966972
2014  5.035000 -0.328366148762
2015  5.037500 -0.328291371227
2016  5.040000 -0.328211037201
2017  5.042500 -0.328125560855
2018  5.045000 -0.328035366082
2019  5.047500 -0.327940885137
2020  5.050000 -0.327842557482
2021  5.052500 -0.327740828838
2022  5.055000 -0.327636150407
2023  5.057500 -0.327528978241
2024  5.060000 -0.327419772756
2025  5.062500 -0.327308998349
2026  5.065000 -0.327197123134
2027  5.067500 -0.327084618753
2028  5.070000 -0.326971960279
2029  5.072500 -0.326859626178
2030  5.075000 -0.326748098331
2031  5.077500 -0.326637862106
2032  5.080000 -0.326529406474
2033  5.082500 -0.326423224161
2034  5.085000 -0.326319811820
2035  5.087500 -0.326219670225
2036  5.090000 -0.326123304474
2037  5.092500 -0.326031224191
2038  5.095000 -0.325943943726
2039  5.097500 -0.325861982322
2040  5.100000 -0.325785864247
2041  5.102500 -0.325716118885
2042  5.105000 -0.325653280736
2043  5.107500 -0.325597889323
2044  5.110000 -0.325550488966
2045  5.112500 -0.325511628393
2046  5.115000 -0.325481860120
2047  5.117500 -0.325461739558
2048  5.120000 -0.325451823775
2049  5.122500 -0.325452669801
2050  5.125000 -0.325464832391
2051  5.127500 -0.325488861096
2052  5.130000 -0.325525296485
2053  5.132500 -0.325574665298
2054  5.135000 -0.325637474308
2055  5.137500 -0.325714202639
2056  5.140000 -0.325805292164
2057  5.142500 -0.325911135689
2058  5.145000 -0.326032062529
2059  5.147500 -0.326168321138
2060  5.150000 -0.326320058511
2061  5.152500 -0.326487296250
2062  5.155000 -0.326669903446
2063  5.157500 -0.326867566988
2064  5.160000 -0.327079760575
2065  5.162500 -0.327305714527
2066  5.165000 -0.327544389475
2067  5.167500 -0.327794457951
2068  5.170000 -0.328054298562
2069  5.172500 -0.328322007262
2070  5.175000 -0.328595429205
2071  5.177500 -0.328872212114
2072  5.180000 -0.329149878843
2073  5.182500 -0.329425913152
2074  5.185000 -0.329697849877
2075  5.187500 -0.329963359817
2076  5.190000 -0.330220320664
2077  5.192500 -0.330466868292
2078  5.195000 -0.330701426293
2079  5.197500 -0.330922715063
2080  5.200000 -0.331129743996
2081  5.202500 -0.331321791474
2082  5.205000 -0.331498377284
2083  5.207500 -0.331659231529
2084  5.210000 -0.331804263014
2085  5.212500 -0.331933529151
2086  5.215000 -0.332047208628
2087  5.217500 -0.332145577364
2088  5.220000 -0.332228987889
2089  5.222500 -0.332297852015
2090  5.225000 -0.332352626484
2091  5.227500 -0.332393801240
2092  5.230000 -0.332421889936
2093  5.232500 -0.332437422339
2094  5.235000 -0.332440938304
2095  5.237500 -0.332432983029
2096  5.240000 -0.332414103367
2097  5.242500 -0.332384844986
2098  5.245000 -0.332345750209
2099  5.247500 -0.332297356402
2100  5.250000 -0.332240194814
2101  5.252500 -0.332174789745
2102  5.255000 -0.332101658002
2103  5.257500 -0.332021308566
2104  5.260000 -0.331934242433
2105  5.262500 -0.331840952583
2106  5.265000 -0.331741924054
2107  5.267500 -0.331637634090
2108  5.270000 -0.331528552349
2109  5.272500 -0.331415141155
2110  5.275000 -0.331297855774
2111  5.277500 -0.331177144715
2112  5.280000 -0.331053450040
2113  5.282500 -0.330927207681
2114  5.285000 -0.330798847752
2115  5.287500 -0.330668794857
2116  5.290000 -0.330537468393
2117  5.292500 -0.330405282830
2118  5.295000 -0.330272647988
2119  5.297500 -0.330139969283
2120  5.300000 -0.330007647956
2121  5.302500 -0.329876081283
2122  5.305000 -0.329745662746
2123  5.307500 -0.329616782176
2124  5.310000 -0.329489825863
2125  5.312500 -0.329365176629
2126  5.315000 -0.329243213852
2127  5.317500 -0.329124313435
2128  5.320000 -0.329008847730
2129  5.322500 -0.328897185395
2130  5.325000 -0.328789691176
2131  5.327500 -0.328686725612
2132  5.330000 -0.328588644647
2133  5.332500 -0.328495799142
2134  5.335000 -0.328408534267
2135  5.337500 -0.328327188763
2136  5.340000 -0.328252094053
2137  5.342500 -0.328183573194
2138  5.345000 -0.328121939630
2139  5.347500 -0.328067495750
2140  5.350000 -0.328020531193
2141  5.352500 -0.327981320918
2142  5.355000 -0.327950122983
2143  5.357500 -0.327927176011
2144  5.360000 -0.327912696348
2145  5.362500 -0.327906874866
2146  5.365000 -0.327909873410
2147  5.367500 -0.327921820905
2148  5.370000 -0.327942809116
2149  5.372500 -0.327972888104
2150  5.375000 -0.328012061436
2151  5.377500 -0.328060281234
2152  5.380000 -0.328117443201
2153  5.382500 -0.328183381758
2154  5.385000 -0.328257865549
2155  5.387500 -0.328340593518
2156  5.390000 -0.328431191883
2157  5.392500 -0.328529212308
2158  5.395000 -0.328634131610
2159  5.397500 -0.328745353283
2160  5.400000 -0.328862211130
2161  5.402500 -0.328983975117
2162  5.405000 -0.329109859543
2163  5.407500 -0.329239033361
2164  5.410000 -0.329370632430
2165  5.412500 -0.329503773207
2166  5.415000 -0.329637567353
2167  5.417500 -0.329771136587
2168  5.420000 -0.329903627109
2169  5.422500 -0.330034222958
2170  5.425000 -0.330162157766
2171  5.427500 -0.330286724493
2172  5.430000 -0.330407282919
2173  5.432500 -0.330523264825
2174  5.435000 -0.330634176891
2175  5.437500 -0.330739601569
2176  5.440000 -0.330839196145
2177  5.442500 -0.330932690341
2178  5.445000 -0.331019882765
2179  5.447500 -0.331100636550
2180  5.450000 -0.331174874446
2181  5.452500 -0.331242573628
2182  5.455000 -0.331303760413
2183  5.457500 -0.331358505041
2184  5.460000 -0.331406916640
2185  5.462500 -0.331449138468
2186  5.465000 -0.331485343445
2187  5.467500 -0.331515730049
2188  5.470000 -0.331540518551
2189  5.472500 -0.331559947594
2190  5.475000 -0.331574271111
2191  5.477500 -0.331583755537
2192  5.480000 -0.331588677318
2193  5.482500 -0.331589320682
2194  5.485000 -0.331585975622
2195  5.487500 -0.331578936094
2196  5.490000 -0.331568498397
2197  5.492500 -0.331554959699
2198  5.495000 -0.331538616688
2199  5.497500 -0.331519764343
2200  5.500000 -0.331498694804
2201  5.502500 -0.331475696289
2202  5.505000 -0.331451052088
2203  5.507500 -0.331425039598
2204  5.510000 -0.331397929394
2205  5.512500 -0.331369984317
2206  5.515000 -0.331341458581
2207  5.517500 -0.331312596879
2208  5.520000 -0.331283633503
2209  5.522500 -0.331254791455
2210  5.525000 -0.331226281552
2211  5.527500 -0.331198301535
2212  5.530000 -0.331171035171
2213  5.532500 -0.331144651365
2214  5.535000 -0.331119303268
2215  5.537500 -0.331095127417
2216  5.540000 -0.331072242891
2217  5.542500 -0.331050750526
2218  5.545000 -0.331030732165
2219  5.547500 -0.331012250010
2220  5.550000 -0.330995346050
2221  5.552500 -0.330980041621
2222  5.555000 -0.330966337097
2223  5.557500 -0.330954211761
2224  5.560000 -0.330943623848
2225  5.562500 -0.330934510810
2226  5.565000 -0.330926789813
2227  5.567500 -0.330920358473
2228  5.570000 -0.330915095866
2229  5.572500 -0.330910863776
2230  5.575000 -0.330907508248
2231  5.577500 -0.330904861352
2232  5.580000 -0.330902743217
2233  5.582500 -0.330900964261
2234  5.585000 -0.330899327608
2235  5.587500 -0.330897631653
2236  5.590000 -0.330895672704
2237  5.592500 -0.330893247686
2238  5.595000 -0.330890156840
2239  5.597500 -0.330886206359
2240  5.600000 -0.330881210927
2241  5.602500 -0.330874996106
2242  5.605000 -0.330867400529
2243  5.607500 -0.330858277890
2244  5.610000 -0.330847498670
2245  5.612500 -0.330834951617
2246  5.615000 -0.330820544955
2247  5.617500 -0.330804207324
2248  5.620000 -0.330785888461
2249  5.622500 -0.330765559632
2250  5.625000 -0.330743213835
2251  5.627500 -0.330718865794
2252  5.630000 -0.330692551761
2253  5.632500 -0.330664329164
2254  5.635000 -0.330634276114
2255  5.637500 -0.330602490795
2256  5.640000 -0.330569090767
2257  5.642500 -0.330534212195
2258  5.645000 -0.330498009032
2259  5.647500 -0.330460652155
2260  5.650000 -0.330422328490
2261  5.652500 -0.330383240121
2262  5.655000 -0.330343603396
2263  5.657500 -0.330303648038
2264  5.660000 -0.330263616265
2265  5.662500 -0.330223761918
2266  5.665000 -0.330184349604
2267  5.667500 -0.330145653836
2268  5.670000 -0.330107958197
2269  5.672500 -0.330071554480
2270  5.675000 -0.330036741827
2271  5.677500 -0.330003825860
2272  5.680000 -0.329973117766
2273  5.682500 -0.329944933349
2274  5.685000 -0.329919592017
2275  5.687500 -0.329897415704
2276  5.690000 -0.329878727678
2277  5.692500 -0.329863851247
2278  5.695000 -0.329853108308
2279  5.697500 -0.329846817726
2280  5.700000 -0.329845293512
2281  5.702500 -0.329848842752
2282  5.705000 -0.329857763259
2283  5.707500 -0.329872340913
2284  5.710000 -0.329892846628
2285  5.712500 -0.329919532920
2286  5.715000 -0.329952630038
2287  5.717500 -0.329992341601
2288  5.720000 -0.330038839745
2289  5.722500 -0.330092259741
2290  5.725000 -0.330152694118
2291  5.727500 -0.330220186316
2292  5.730000 -0.330294723972
2293  5.732500 -0.330376231957
2294  5.735000 -0.330464565390
2295  5.737500 -0.330559502886
2296  5.740000 -0.330660740410
2297  5.742500 -0.330767886169
2298  5.745000 -0.330880457042
2299  5.747500 -0.330997877077
2300  5.750000 -0.331119478589
2301  5.752500 -0.331244506303
2302  5.755000 -0.331372124849
2303  5.757500 -0.331501429721
2304  5.760000 -0.331631461510
2305  5.762500 -0.331761222960
2306  5.765000 -0.331889698053
2307  5.767500 -0.332015872200
2308  5.770000 -0.332138752391
2309  5.772500 -0.332257386227
2310  5.775000 -0.332370878851
2311  5.777500 -0.332478407032
2312  5.780000 -0.332579229933
2313  5.782500 -0.332672696384
2314  5.785000 -0.332758248805
2315  5.787500 -0.332835424059
2316  5.790000 -0.332903851705
2317  5.792500 -0.332963250201
2318  5.795000 -0.333013421580
2319  5.797500 -0.333054245120
2320  5.800000 -0.333085670424
2321  5.802500 -0.333107710311
2322  5.805000 -0.333120433754
2323  5.807500 -0.333123959095
2324  5.810000 -0.333118447667
2325  5.812500 -0.333104097917
2326  5.815000 -0.333081140059
2327  5.817500 -0.333049831270
2328  5.820000 -0.333010451420
2329  5.822500 -0.332963299313
2330  5.825000 -0.332908689397
2331  5.827500 -0.332846948901
2332  5.830000 -0.332778415355
2333  5.832500 -0.332703434461
2334  5.835000 -0.332622358270
2335  5.837500 -0.332535543614
2336  5.840000 -0.332443350779
2337  5.842500 -0.332346142378
2338  5.845000 -0.332244282392
2339  5.847500 -0.332138135364
2340  5.850000 -0.332028065709
2341  5.852500 -0.331914437148
2342  5.855000 -0.331797612202
2343  5.857500 -0.331677951791
2344  5.860000 -0.331555814875
2345  5.862500 -0.331431558145
2346  5.865000 -0.331305535759
2347  5.867500 -0.331178099108
2348  5.870000 -0.331049596594
2349  5.872500 -0.330920373431
2350  5.875000 -0.330790771453
2351  5.877500 -0.330661128918
2352  5.880000 -0.330531780311
2353  5.882500 -0.330403056139
2354  5.885000 -0.330275282706
2355  5.887500 -0.330148781876
2356  5.890000 -0.330023870805
2357  5.892500 -0.329900861647
2358  5.895000 -0.329780061229
2359  5.897500 -0.329661770673
2360  5.900000 -0.329546284999
2361  5.902500 -0.329433892665
2362  5.905000 -0.329324875060
2363  5.907500 -0.329219505937
2364  5.910000 -0.329118050796
2365  5.912500 -0.329020766190
2366  5.915000 -0.328927898979
2367  5.917500 -0.328839685502
2368  5.920000 -0.328756350688
2369  5.922500 -0.328678107094
2370  5.925000 -0.328605153864
2371  5.927500 -0.328537675626
2372  5.930000 -0.328475841335
2373  5.932500 -0.328419803044
2374  5.935000 -0.328369694640
2375  5.937500 -0.328325630552
2376  5.940000 -0.328287704441
2377  5.942500 -0.328255987900
2378  5.945000 -0.328230529196
2379  5.947500 -0.328211352081
2380  5.950000 -0.328198454708
2381  5.952500 -0.328191808697
2382  5.955000 -0.328191358393
2383  5.957500 -0.328197020362
2384  5.960000 -0.328208683178
2385  5.962500 -0.328226207538
2386  5.965000 -0.328249426764
2387  5.967500 -0.328278147692
2388  5.970000 -0.328312152026
2389  5.972500 -0.328351198115
2390  5.975000 -0.328395023190
2391  5.977500 -0.328443346020
2392  5.980000 -0.328495869947
2393  5.982500 -0.328552286266
2394  5.985000 -0.328612277845
2395  5.987500 -0.328675522921
2396  5.990000 -0.328741698981
2397  5.992500 -0.328810486580
2398  5.995000 -0.328881573074
2399  5.997500 -0.328954656087
2400  6.000000 -0.329029446682
2401  6.002500 -0.329105672152
2402  6.005000 -0.329183078362
2403  6.007500 -0.329261431614
2404  6.010000 -0.329340520013
2405  6.012500 -0.329420154341
2406  6.015000 -0.329500168431
2407  6.017500 -0.329580419091
2408  6.020000 -0.329660785594
2409  6.022500 -0.329741168779
2410  6.025000 -0.329821489822
2411  6.027500 -0.329901688706
2412  6.030000 -0.329981722444
2413  6.032500 -0.330061563105
2414  6.035000 -0.330141195672
2415  6.037500 -0.330220615782
2416  6.040000 -0.330299827375
2417  6.042500 -0.330378840291
2418  6.045000 -0.330457667835
2419  6.047500 -0.330536324333
2420  6.050000 -0.330614822713
2421  6.052500 -0.330693172142
2422  6.055000 -0.330771375714
2423  6.057500 -0.330849428243
2424  6.060000 -0.330927314167
2425  6.062500 -0.331005005610
2426  6.065000 -0.331082460613
2427  6.067500 -0.331159621576
2428  6.070000 -0.331236413948
2429  6.072500 -0.331312745180
2430  6.075000 -0.331388504000
2431  6.077500 -0.331463560034
2432  6.080000 -0.331537763782
2433  6.082500 -0.331610947004
2434  6.085000 -0.331682923495
2435  6.087500 -0.331753490301
2436  6.090000 -0.331822429313
2437  6.092500 -0.331889509267
2438  6.095000 -0.331954488098
2439  6.097500 -0.332017115605
2440  6.100000 -0.332077136364
2441  6.102500 -0.332134292827
2442  6.105000 -0.332188328548
2443  6.107500 -0.332238991413
2444  6.110000 -0.332286036842
2445  6.112500 -0.332329230859
2446  6.115000 -0.332368352959
2447  6.117500 -0.332403198742
2448  6.120000 -0.332433582215
2449  6.122500 -0.332459337783
2450  6.125000 -0.332480321870
2451  6.127500 -0.332496414178
2452  6.130000 -0.332507518587
2453  6.132500 -0.332513563706
2454  6.135000 -0.332514503125
2455  6.137500 -0.332510315346
2456  6.140000 -0.332501003493
2457  6.142500 -0.332486594785
2458  6.145000 -0.332467139838
2459  6.147500 -0.332442711829
2460  6.150000 -0.332413405540
2461  6.152500 -0.332379336346
2462  6.155000 -0.332340639142
2463  6.157500 -0.332297467247
2464  6.160000 -0.332249991325
2465  6.162500 -0.332198398298
2466  6.165000 -0.332142890308
2467  6.167500 -0.332083683714
2468  6.170000 -0.332021008144
2469  6.172500 -0.331955105595
2470  6.175000 -0.331886229601
2471  6.177500 -0.331814644459
2472  6.180000 -0.331740624525
2473  6.182500 -0.331664453565
2474  6.185000 -0.331586424169
2475  6.187500 -0.331506837231
2476  6.190000 -0.331426001477
2477  6.192500 -0.331344233054
2478  6.195000 -0.331261855162
2479  6.197500 -0.331179197739
2480  6.200000 -0.331096597186
2481  6.202500 -0.331014396126
2482  6.205000 -0.330932943203
2483  6.207500 -0.330852592896
2484  6.210000 -0.330773705374
2485  6.212500 -0.330696646347
2486  6.215000 -0.330621786943
2487  6.217500 -0.330549503576
2488  6.220000 -0.330480177810
2489  6.222500 -0.330414196209
2490  6.225000 -0.330351950149
2491  6.227500 -0.330293835601
2492  6.230000 -0.330240252839
2493  6.232500 -0.330191606087
2494  6.235000 -0.330148303043
2495  6.237500 -0.330110754293
2496  6.240000 -0.330079372549
2497  6.242500 -0.330054571685
2498  6.245000 -0.330036765519
2499  6.247500 -0.330026366293
2500  6.250000 -0.330023782759
2501  6.252500 -0.330029417814
2502  6.255000 -0.330043665570
2503  6.257500 -0.330066907757
2504  6.260000 -0.330099509331
2505  6.262500 -0.330141813132
2506  6.265000 -0.330194133456
2507  6.267500 -0.330256748356
2508  6.270000 -0.330329890543
2509  6.272500 -0.330413736726
2510  6.275000 -0.330508395337
2511  6.277500 -0.330613892632
2512  6.280000 -0.330730157339
2513  6.282500 -0.330857004222
2514  6.285000 -0.330994117209
2515  6.287500 -0.331141033109
2516  6.290000 -0.331297127305
2517  6.292500 -0.331461603232
2518  6.295000 -0.331633487662
2519  6.297500 -0.331811633881
2520  6.300000 -0.331994734473
2521  6.302500 -0.332181344641
2522  6.305000 -0.332369915825
2523  6.307500 -0.332558837832
2524  6.310000 -0.332746486402
2525  6.312500 -0.332931272142
2526  6.315000 -0.333111686488
2527  6.317500 -0.333286340907
2528  6.320000 -0.333453996685
2529  6.322500 -0.333613584119
2530  6.325000 -0.333764211327
2531  6.327500 -0.333905163955
2532  6.330000 -0.334035897704
2533  6.332500 -0.334156025796
2534  6.335000 -0.334265303373
2535  6.337500 -0.334363610492
2536  6.340000 -0.334450934988
2537  6.342500 -0.334527356091
2538  6.345000 -0.334593029344
2539  6.347500 -0.334648173077
2540  6.350000 -0.334693056581
2541  6.352500 -0.334727989910
2542  6.355000 -0.334753315210
2543  6.357500 -0.334769399443
2544  6.360000 -0.334776628320
2545  6.362500 -0.334775401302
2546  6.365000 -0.334766127487
2547  6.367500 -0.334749222264
2548  6.370000 -0.334725104598
2549  6.372500 -0.334694194842
2550  6.375000 -0.334656912985
2551  6.377500 -0.334613677254
2552  6.380000 -0.334564903005
2553  6.382500 -0.334511001848
2554  6.385000 -0.334452380961
2555  6.387500 -0.334389442552
2556  6.390000 -0.334322583441
2557  6.392500 -0.334252194734
2558  6.395000 -0.334178661558
2559  6.397500 -0.334102362857
2560  6.400000 -0.334023671216
2561  6.402500 -0.333942952702
2562  6.405000 -0.333860566727
2563  6.407500 -0.333776865895
2564  6.410000 -0.333692195858
2565  6.412500 -0.333606895136
2566  6.415000 -0.333521294930
2567  6.417500 -0.333435718898
2568  6.420000 -0.333350482894
2569  6.422500 -0.333265894668
2570  6.425000 -0.333182253529
2571  6.427500 -0.333099849940
2572  6.430000 -0.333018965078
2573  6.432500 -0.332939870322
2574  6.435000 -0.332862826685
2575  6.437500 -0.332788084187
2576  6.440000 -0.332715881149
2577  6.442500 -0.332646443436
2578  6.445000 -0.332579983628
2579  6.447500 -0.332516700117
2580  6.450000 -0.332456776157
2581  6.452500 -0.332400378856
2582  6.455000 -0.332347658118
2583  6.457500 -0.332298745561
2584  6.460000 -0.332253753399
2585  6.462500 -0.332212773340
2586  6.465000 -0.332175875509
2587  6.467500 -0.332143107408
2588  6.470000 -0.332114492971
2589  6.472500 -0.332090031736
2590  6.475000 -0.332069698170
2591  6.477500 -0.332053441207
2592  6.480000 -0.332041184016
2593  6.482500 -0.332032824062
2594  6.485000 -0.332028233494
2595  6.487500 -0.332027259899
2596  6.490000 -0.332029727434
2597  6.492500 -0.332035438377
2598  6.495000 -0.332044175083
2599  6.497500 -0.332055702337
2600  6.500000 -0.332069770098
2601  6.502500 -0.332086116549
2602  6.505000 -0.332104471446
2603  6.507500 -0.332124559652
2604  6.510000 -0.332146104797
2605  6.512500 -0.332168832978
2606  6.515000 -0.332192476384
2607  6.517500 -0.332216776786
2608  6.520000 -0.332241488796
2609  6.522500 -0.332266382835
2610  6.525000 -0.332291247734
2611  6.527500 -0.332315892956
2612  6.530000 -0.332340150396
2613  6.532500 -0.332363875748
2614  6.535000 -0.332386949469
2615  6.537500 -0.332409277332
2616  6.540000 -0.332430790610
2617  6.542500 -0.332451445924
2618  6.545000 -0.332471224795
2619  6.547500 -0.332490132950
2620  6.550000 -0.332508199406
2621  6.552500 -0.332525475387
2622  6.555000 -0.332542033106
2623  6.557500 -0.332557964460
2624  6.560000 -0.332573379623
2625  6.562500 -0.332588405616
2626  6.565000 -0.332603184831
2627  6.567500 -0.332617873555
2628  6.570000 -0.332632640464
2629  6.572500 -0.332647665138
2630  6.575000 -0.332663136563
2631  6.577500 -0.332679251634
2632  6.580000 -0.332696213659
2633  6.582500 -0.332714230843
2634  6.585000 -0.332733514753
2635  6.587500 -0.332754278752
2636  6.590000 -0.332776736382
2637  6.592500 -0.332801099694
2638  6.595000 -0.332827577498
2639  6.597500 -0.332856373531
2640  6.600000 -0.332887684505
2641  6.602500 -0.332921698047
2642  6.605000 -0.332958590504
2643  6.607500 -0.332998524599
2644  6.610000 -0.333041646937
2645  6.612500 -0.333088085360
2646  6.615000 -0.333137946154
2647  6.617500 -0.333191311117
2648  6.620000 -0.333248234522
2649  6.622500 -0.333308740005
2650  6.625000 -0.333372817448
2651  6.627500 -0.333440419917
2652  6.630000 -0.333511460750
2653  6.632500 -0.333585810919
2654  6.635000 -0.333663296797
2655  6.637500 -0.333743698467
2656  6.640000 -0.333826748750
2657  6.642500 -0.333912133095
2658  6.645000 -0.333999490501
2659  6.647500 -0.334088415557
2660  6.650000 -0.334178461725
2661  6.652500 -0.334269145859
2662  6.655000 -0.334359953922
2663  6.657500 -0.334450347801
2664  6.660000 -0.334539772994
2665  6.662500 -0.334627666946
2666  6.665000 -0.334713467706
2667  6.667500 -0.334796622564
2668  6.670000 -0.334876596362
2669  6.672500 -0.334952879145
2670  6.675000 -0.335024992908
2671  6.677500 -0.335092497251
2672  6.680000 -0.335154993825
2673  6.682500 -0.335212129534
2674  6.685000 -0.335263598512
2675  6.687500 -0.335309142982
2676  6.690000 -0.335348553091
2677  6.692500 -0.335381665913
2678  6.695000 -0.335408363747
2679  6.697500 -0.335428571898
2680  6.700000 -0.335442256076
2681  6.702500 -0.335449419558
2682  6.705000 -0.335450100232
2683  6.707500 -0.335444367606
2684  6.710000 -0.335432319879
2685  6.712500 -0.335414081107
2686  6.715000 -0.335389798522
2687  6.717500 -0.335359640016
2688  6.720000 -0.335323791837
2689  6.722500 -0.335282456464
2690  6.725000 -0.335235850690
2691  6.727500 -0.335184203891
2692  6.730000 -0.335127756494
2693  6.732500 -0.335066758603
2694  6.735000 -0.335001468807
2695  6.737500 -0.334932153124
2696  6.740000 -0.334859084090
2697  6.742500 -0.334782539976
2698  6.745000 -0.334702804112
2699  6.747500 -0.334620164330
2700  6.750000 -0.334534912480
2701  6.752500 -0.334447344048
2702  6.755000 -0.334357757837
2703  6.757500 -0.334266455720
2704  6.760000 -0.334173742455
2705  6.762500 -0.334079925548
2706  6.765000 -0.333985315178
2707  6.767500 -0.333890224144
2708  6.770000 -0.333794967869
2709  6.772500 -0.333699864432
2710  6.775000 -0.333605234631
2711  6.777500 -0.333511402071
2712  6.780000 -0.333418693281
2713  6.782500 -0.333327437845
2714  6.785000 -0.333237968558
2715  6.787500 -0.333150621592
2716  6.790000 -0.333065736671
2717  6.792500 -0.332983657255
2718  6.795000 -0.332904730731
2719  6.797500 -0.332829308592
2720  6.800000 -0.332757746615
2721  6.802500 -0.332690405018
2722  6.805000 -0.332627648596
2723  6.807500 -0.332569846822
2724  6.810000 -0.332517373895
2725  6.812500 -0.332470608722
2726  6.815000 -0.332429934820
2727  6.817500 -0.332395740100
2728  6.820000 -0.332368416513
2729  6.822500 -0.332348359509
2730  6.825000 -0.332335967266
2731  6.827500 -0.332331639626
2732  6.830000 -0.332335776664
2733  6.832500 -0.332348776799
2734  6.835000 -0.332371034334
2735  6.837500 -0.332402936286
2736  6.840000 -0.332444858350
2737  6.842500 -0.332497159791
2738  6.845000 -0.332560177048
2739  6.847500 -0.332634215800
2740  6.850000 -0.332719541205
2741  6.852500 -0.332816366038
2742  6.855000 -0.332924836483
2743  6.857500 -0.333045015386
2744  6.860000 -0.333176862971
2745  6.862500 -0.333320215232
2746  6.865000 -0.333474760694
2747  6.867500 -0.333640016706
2748  6.870000 -0.333815307229
2749  6.872500 -0.333999744770
2750  6.875000 -0.334192219795
2751  6.877500 -0.334391401284
2752  6.880000 -0.334595751671
2753  6.882500 -0.334803558103
2754  6.885000 -0.335012979784
2755  6.887500 -0.335222108352
2756  6.890000 -0.335429035643
2757  6.892500 -0.335631921588
2758  6.895000 -0.335829054946
2759  6.897500 -0.336018901107
2760  6.900000 -0.336200133815
2761  6.902500 -0.336371650442
2762  6.905000 -0.336532572679
2763  6.907500 -0.336682235908
2764  6.910000 -0.336820170932
2765  6.912500 -0.336946081419
2766  6.915000 -0.337059819825
2767  6.917500 -0.337161363737
2768  6.920000 -0.337250793889
2769  6.922500 -0.337328274526
2770  6.925000 -0.337394036368
2771  6.927500 -0.337448362133
2772  6.930000 -0.337491574489
2773  6.932500 -0.337524026133
2774  6.935000 -0.337546091727
2775  6.937500 -0.337558161419
2776  6.940000 -0.337560635675
2777  6.942500 -0.337553921188
2778  6.945000 -0.337538427688
2779  6.947500 -0.337514565456
2780  6.950000 -0.337482743435
2781  6.952500 -0.337443367795
2782  6.955000 -0.337396840875
2783  6.957500 -0.337343560416
2784  6.960000 -0.337283919038
2785  6.962500 -0.337218303889
2786  6.965000 -0.337147096448
2787  6.967500 -0.337070672438
2788  6.970000 -0.336989401823
2789  6.972500 -0.336903648873
2790  6.975000 -0.336813772280
2791  6.977500 -0.336720125307
2792  6.980000 -0.336623055961
2793  6.982500 -0.336522907183
2794  6.985000 -0.336420017053
2795  6.987500 -0.336314718990
2796  6.990000 -0.336207341957
2797  6.992500 -0.336098210659
2798  6.995000 -0.335987645729
2799  6.997500 -0.335875963905
2800  7.000000 -0.335763478196
2801  7.002500 -0.335650498018
2802  7.005000 -0.335537329329
2803  7.007500 -0.335424274728
2804  7.010000 -0.335311633532
2805  7.012500 -0.335199701828
2806  7.015000 -0.335088772492
2807  7.017500 -0.334979135175
2808  7.020000 -0.334871076251
2809  7.022500 -0.334764878723
2810  7.025000 -0.334660822083
2811  7.027500 -0.334559182120
2812  7.030000 -0.334460230670
2813  7.032500 -0.334364235309
2814  7.035000 -0.334271458961
2815  7.037500 -0.334182159446
2816  7.040000 -0.334096588928
2817  7.042500 -0.334014993279
2818  7.045000 -0.333937611325
2819  7.047500 -0.333864673988
2820  7.050000 -0.333796403294
2821  7.052500 -0.333733011258
2822  7.055000 -0.333674698610
2823  7.057500 -0.333621653374
2824  7.060000 -0.333574049283
2825  7.062500 -0.333532044028
2826  7.065000 -0.333495777333
2827  7.067500 -0.333465368874
2828  7.070000 -0.333440916034
2829  7.072500 -0.333422491525
2830  7.075000 -0.333410140907
2831  7.077500 -0.333403880030
2832  7.080000 -0.333403692473
2833  7.082500 -0.333409527043
2834  7.085000 -0.333421295422
2835  7.087500 -0.333438870065
2836  7.090000 -0.333462082494
2837  7.092500 -0.333490722076
2838  7.095000 -0.333524535474
2839  7.097500 -0.333563226876
2840  7.100000 -0.333606459126
2841  7.102500 -0.333653855886
2842  7.105000 -0.333705004842
2843  7.107500 -0.333759462006
2844  7.110000 -0.333816757034
2845  7.112500 -0.333876399460
2846  7.115000 -0.333937885663
2847  7.117500 -0.334000706334
2848  7.120000 -0.334064354181
2849  7.122500 -0.334128331563
2850  7.125000 -0.334192157790
2851  7.127500 -0.334255375823
2852  7.130000 -0.334317558132
2853  7.132500 -0.334378311610
2854  7.135000 -0.334437281394
2855  7.137500 -0.334494153591
2856  7.140000 -0.334548656949
2857  7.142500 -0.334600563511
2858  7.145000 -0.334649688397
2859  7.147500 -0.334695888833
2860  7.150000 -0.334739062552
2861  7.152500 -0.334779145727
2862  7.155000 -0.334816110560
2863  7.157500 -0.334849962639
2864  7.160000 -0.334880738158
2865  7.162500 -0.334908501102
2866  7.165000 -0.334933340438
2867  7.167500 -0.334955367379
2868  7.170000 -0.334974712744
2869  7.172500 -0.334991524446
2870  7.175000 -0.335005965110
2871  7.177500 -0.335018209828
2872  7.180000 -0.335028444058
2873  7.182500 -0.335036861645
2874  7.185000 -0.335043662977
2875  7.187500 -0.335049053231
2876  7.190000 -0.335053240724
2877  7.192500 -0.335056435341
2878  7.195000 -0.335058847024
2879  7.197500 -0.335060684317
2880  7.200000 -0.335062152935
2881  7.202500 -0.335063454375
2882  7.205000 -0.335064784507
2883  7.207500 -0.335066332197
2884  7.210000 -0.335068277896
2885  7.212500 -0.335070792224
2886  7.215000 -0.335074034531
2887  7.217500 -0.335078151436
2888  7.220000 -0.335083275336
2889  7.222500 -0.335089522919
2890  7.225000 -0.335096993663
2891  7.227500 -0.335105768343
2892  7.230000 -0.335115907578
2893  7.232500 -0.335127450433
2894  7.235000 -0.335140413113
2895  7.237500 -0.335154787789
2896  7.240000 -0.335170541593
2897  7.242500 -0.335187615844
2898  7.245000 -0.335205925529
2899  7.247500 -0.335225359129
2900  7.250000 -0.335245778800
2901  7.252500 -0.335267020994
2902  7.255000 -0.335288897509
2903  7.257500 -0.335311197037
2904  7.260000 -0.335333687194
2905  7.262500 -0.335356117023
2906  7.265000 -0.335378219948
2907  7.267500 -0.335399717119
2908  7.270000 -0.335420321082
2909  7.272500 -0.335439739681
2910  7.275000 -0.335457680095
2911  7.277500 -0.335473852899
2912  7.280000 -0.335487976030
2913  7.282500 -0.335499778572
2914  7.285000 -0.335509004251
2915  7.287500 -0.335515414552
2916  7.290000 -0.335518791425
2917  7.292500 -0.335518939515
2918  7.295000 -0.335515687915
2919  7.297500 -0.335508891440
2920  7.300000 -0.335498431429
2921  7.302500 -0.335484216129
2922  7.305000 -0.335466180687
2923  7.307500 -0.335444286808
2924  7.310000 -0.335418522131
2925  7.312500 -0.335388899381
2926  7.315000 -0.335355455336
2927  7.317500 -0.335318249673
2928  7.320000 -0.335277363728
2929  7.322500 -0.335232899206
2930  7.325000 -0.335184976883
2931  7.327500 -0.335133735317
2932  7.330000 -0.335079329589
2933  7.332500 -0.335021930105
2934  7.335000 -0.334961721445
2935  7.337500 -0.334898901302
2936  7.340000 -0.334833679478
2937  7.342500 -0.334766276975
2938  7.345000 -0.334696925163
2939  7.347500 -0.334625865019
2940  7.350000 -0.334553346457
2941  7.352500 -0.334479627720
2942  7.355000 -0.334404974856
2943  7.357500 -0.334329661250
2944  7.360000 -0.334253967232
2945  7.362500 -0.334178179724
2946  7.365000 -0.334102591960
2947  7.367500 -0.334027503239
2948  7.370000 -0.333953218737
2949  7.372500 -0.333880049339
2950  7.375000 -0.333808311521
2951  7.377500 -0.333738327245
2952  7.380000 -0.333670423887
2953  7.382500 -0.333604934165
2954  7.385000 -0.333542196086
2955  7.387500 -0.333482552886
2956  7.390000 -0.333426352952
2957  7.392500 -0.333373949730
2958  7.395000 -0.333325701586
2959  7.397500 -0.333281971616
2960  7.400000 -0.333243127376
2961  7.402500 -0.333209540523
2962  7.405000 -0.333181586308
2963  7.407500 -0.333159642916
2964  7.410000 -0.333144090587
2965  7.412500 -0.333135310471
2966  7.415000 -0.333133683145
2967  7.417500 -0.333139586719
2968  7.420000 -0.333153394428
2969  7.422500 -0.333175471586
2970  7.425000 -0.333206171779
2971  7.427500 -0.333245832121
2972  7.430000 -0.333294767404
2973  7.432500 -0.333353262920
2974  7.435000 -0.333421565767
2975  7.437500 -0.333499874415
2976  7.440000 -0.333588326379
2977  7.442500 -0.333686983888
2978  7.445000 -0.333795817628
2979  7.447500 -0.333914688824
2980  7.450000 -0.334043330271
2981  7.452500 -0.334181327405
2982  7.455000 -0.334328100970
2983  7.457500 -0.334482893463
2984  7.460000 -0.334644761917
2985  7.462500 -0.334812579779
2986  7.465000 -0.334985050220
2987  7.467500 -0.335160732236
2988  7.470000 -0.335338079183
2989  7.472500 -0.335515487388
2990  7.475000 -0.335691350607
2991  7.477500 -0.335864114822
2992  7.480000 -0.336032327889
2993  7.482500 -0.336194679534
2994  7.485000 -0.336350029041
2995  7.487500 -0.336497420024
2996  7.490000 -0.336636083459
2997  7.492500 -0.336765431223
2998  7.495000 -0.336885042891
2999  7.497500 -0.336994648442
