#n  real_time  lyapunov_exponential
0  0.000000 -inf
1  0.002500 -0.027955143558
2  0.005000 -0.039226464911
3  0.007500 -0.056215837289
4  0.010000 -0.077604800392
5  0.012500 -0.103197390869
6  0.015000 -0.132973360833
7  0.017500 -0.166923294065
8  0.020000 -0.204955898201
9  0.022500 -0.246778569484
10  0.025000 -0.291710165850
11  0.027500 -0.338421846168
12  0.030000 -0.384714350960
13  0.032500 -0.427659545796
14  0.035000 -0.464399796714
15  0.037500 -0.493185476720
16  0.040000 -0.513752536412
17  0.042500 -0.526915903230
18  0.045000 -0.533966237018
19  0.047500 -0.536256512908
20  0.050000 -0.535006916236
21  0.052500 -0.531242728670
22  0.055000 -0.525792812026
23  0.057500 -0.519311101142
24  0.060000 -0.512303167594
25  0.062500 -0.505150499515
26  0.065000 -0.498131507903
27  0.067500 -0.491437994734
28  0.070000 -0.485189290015
29  0.072500 -0.479444154314
30  0.075000 -0.474211942687
31  0.077500 -0.469464161950
32  0.080000 -0.465145988643
33  0.082500 -0.461188414076
34  0.085000 -0.457520263275
35  0.087500 -0.454078831658
36  0.090000 -0.450817786104
37  0.092500 -0.447712611388
38  0.095000 -0.444762429703
39  0.097500 -0.441989276744
40  0.100000 -0.439435189099
41  0.102500 -0.437158201147
42  0.105000 -0.435227786511
43  0.107500 -0.433719770138
44  0.110000 -0.432711938603
45  0.112500 -0.432278720717
46  0.115000 -0.432486347322
47  0.117500 -0.433387121255
48  0.120000 -0.435012447021
49  0.122500 -0.437364748662
50  0.125000 -0.440408416015
51  0.127500 -0.444060330615
52  0.130000 -0.448183479160
53  0.132500 -0.452586723125
54  0.135000 -0.457035397038
55  0.137500 -0.461274395795
56  0.140000 -0.465059572968
57  0.142500 -0.468187662210
58  0.145000 -0.470515544860
59  0.147500 -0.471965782675
60  0.150000 -0.472520089323
61  0.152500 -0.472206789108
62  0.155000 -0.471087320347
63  0.157500 -0.469244402832
64  0.160000 -0.466772949261
65  0.162500 -0.463773691935
66  0.165000 -0.460349057495
67  0.167500 -0.456600589698
68  0.170000 -0.452627593363
69  0.172500 -0.448526470492
70  0.175000 -0.444390507445
71  0.177500 -0.440310024823
72  0.180000 -0.436372598299
73  0.182500 -0.432663525146
74  0.185000 -0.429265885317
75  0.187500 -0.426260909582
76  0.190000 -0.423727700479
77  0.192500 -0.421742821629
78  0.195000 -0.420379297691
79  0.197500 -0.419704475196
80  0.200000 -0.419776364461
81  0.202500 -0.420637891081
82  0.205000 -0.422307982877
83  0.207500 -0.424769142275
84  0.210000 -0.427952132376
85  0.212500 -0.431722010093
86  0.215000 -0.435874803355
87  0.217500 -0.440155080017
88  0.220000 -0.444296387731
89  0.222500 -0.448069630978
90  0.225000 -0.451317328443
91  0.227500 -0.453961662381
92  0.230000 -0.455993128220
93  0.232500 -0.457450953692
94  0.235000 -0.458404993875
95  0.237500 -0.458941512199
96  0.240000 -0.459153778807
97  0.242500 -0.459135721247
98  0.245000 -0.458977919656
99  0.247500 -0.458764794762
100  0.250000 -0.458572367060
101  0.252500 -0.458466163765
102  0.255000 -0.458498897498
103  0.257500 -0.458707812319
104  0.260000 -0.459112042819
105  0.262500 -0.459710296194
106  0.265000 -0.460479632764
107  0.267500 -0.461376308917
108  0.270000 -0.462339966358
109  0.272500 -0.463301088572
110  0.275000 -0.464190466766
111  0.277500 -0.464948786121
112  0.280000 -0.465533821845
113  0.282500 -0.465924061369
114  0.285000 -0.466118769986
115  0.287500 -0.466135665925
116  0.290000 -0.466007266110
117  0.292500 -0.465776937557
118  0.295000 -0.465495340535
119  0.297500 -0.465217101476
120  0.300000 -0.464997982314
121  0.302500 -0.464892179455
122  0.305000 -0.464949796286
123  0.307500 -0.465213665924
124  0.310000 -0.465715972906
125  0.312500 -0.466474049740
126  0.315000 -0.467485961310
127  0.317500 -0.468726729271
128  0.320000 -0.470146289282
129  0.322500 -0.471671839080
130  0.325000 -0.473215273889
131  0.327500 -0.474685287597
132  0.330000 -0.476000705644
133  0.332500 -0.477101112892
134  0.335000 -0.477951887178
135  0.337500 -0.478543877962
136  0.340000 -0.478889762617
137  0.342500 -0.479018910040
138  0.345000 -0.478972308927
139  0.347500 -0.478798291571
140  0.350000 -0.478549210037
141  0.352500 -0.478278797539
142  0.355000 -0.478040042635
143  0.357500 -0.477883411816
144  0.360000 -0.477854921709
145  0.362500 -0.477994169001
146  0.365000 -0.478331846786
147  0.367500 -0.478886893657
148  0.370000 -0.479663355254
149  0.372500 -0.480647714189
150  0.375000 -0.481807093030
151  0.377500 -0.483090558153
152  0.380000 -0.484433690587
153  0.382500 -0.485766699249
154  0.385000 -0.487024092125
155  0.387500 -0.488153360606
156  0.390000 -0.489120026754
157  0.392500 -0.489908974234
158  0.395000 -0.490522688052
159  0.397500 -0.490977838376
160  0.400000 -0.491301491515
161  0.402500 -0.491527615249
162  0.405000 -0.491694206641
163  0.407500 -0.491840792156
164  0.410000 -0.492006530269
165  0.412500 -0.492228444788
166  0.415000 -0.492539686913
167  0.417500 -0.492967799748
168  0.420000 -0.493532752097
169  0.422500 -0.494244939981
170  0.425000 -0.495103192676
171  0.427500 -0.496093174532
172  0.430000 -0.497187084332
173  0.432500 -0.498344934427
174  0.435000 -0.499518229485
175  0.437500 -0.500655232455
176  0.440000 -0.501707133150
177  0.442500 -0.502633193278
178  0.445000 -0.503404139195
179  0.447500 -0.504003122764
180  0.450000 -0.504424935810
181  0.452500 -0.504674028663
182  0.455000 -0.504762289968
183  0.457500 -0.504706756622
184  0.460000 -0.504527786943
185  0.462500 -0.504247508433
186  0.465000 -0.503888814063
187  0.467500 -0.503474450187
188  0.470000 -0.503026502768
189  0.472500 -0.502566180342
190  0.475000 -0.502113534903
191  0.477500 -0.501687381987
192  0.480000 -0.501305362980
193  0.482500 -0.500983970976
194  0.485000 -0.500738578201
195  0.487500 -0.500583502876
196  0.490000 -0.500531961177
197  0.492500 -0.500595952014
198  0.495000 -0.500785989349
199  0.497500 -0.501110737528
200  0.500000 -0.501576397004
201  0.502500 -0.502186003094
202  0.505000 -0.502938536721
203  0.507500 -0.503827971919
204  0.510000 -0.504842492063
205  0.512500 -0.505964001000
206  0.515000 -0.507168281010
207  0.517500 -0.508425946199
208  0.520000 -0.509704493080
209  0.522500 -0.510970806049
210  0.525000 -0.512194146570
211  0.527500 -0.513348642864
212  0.530000 -0.514414991352
213  0.532500 -0.515381373883
214  0.535000 -0.516243077103
215  0.537500 -0.517001740550
216  0.540000 -0.517664081886
217  0.542500 -0.518240495603
218  0.545000 -0.518743691192
219  0.547500 -0.519187408201
220  0.550000 -0.519585258286
221  0.552500 -0.519949702960
222  0.555000 -0.520291222013
223  0.557500 -0.520617723265
224  0.560000 -0.520933996614
225  0.562500 -0.521241662986
226  0.565000 -0.521539330657
227  0.567500 -0.521823105251
228  0.570000 -0.522087503747
229  0.572500 -0.522326506025
230  0.575000 -0.522534827169
231  0.577500 -0.522709032067
232  0.580000 -0.522848552300
233  0.582500 -0.522956278521
234  0.585000 -0.523038941283
235  0.587500 -0.523107118845
236  0.590000 -0.523175079982
237  0.592500 -0.523260334658
238  0.595000 -0.523383208678
239  0.597500 -0.523566231385
240  0.600000 -0.523833490855
241  0.602500 -0.524209877505
242  0.605000 -0.524720176687
243  0.607500 -0.525387805347
244  0.610000 -0.526233039296
245  0.612500 -0.527270713201
246  0.615000 -0.528507114136
247  0.617500 -0.529936130290
248  0.620000 -0.531535376266
249  0.622500 -0.533263828118
250  0.625000 -0.535062983120
251  0.627500 -0.536863229350
252  0.630000 -0.538594428599
253  0.632500 -0.540196818747
254  0.635000 -0.541628244084
255  0.637500 -0.542865995556
256  0.640000 -0.543904580957
257  0.642500 -0.544751632376
258  0.645000 -0.545423781273
259  0.647500 -0.545943109776
260  0.650000 -0.546334660505
261  0.652500 -0.546624576454
262  0.655000 -0.546838898805
263  0.657500 -0.547002750415
264  0.660000 -0.547139707755
265  0.662500 -0.547271454099
266  0.665000 -0.547417408122
267  0.667500 -0.547594662072
268  0.670000 -0.547817733337
269  0.672500 -0.548098696688
270  0.675000 -0.548447254614
271  0.677500 -0.548870997167
272  0.680000 -0.549375850169
273  0.682500 -0.549966651448
274  0.685000 -0.550647725239
275  0.687500 -0.551423603271
276  0.690000 -0.552299585513
277  0.692500 -0.553282134861
278  0.695000 -0.554379031913
279  0.697500 -0.555599084905
280  0.700000 -0.556951423392
281  0.702500 -0.558444222302
282  0.705000 -0.560082518248
283  0.707500 -0.561865315288
284  0.710000 -0.563781760875
285  0.712500 -0.565807325435
286  0.715000 -0.567901091767
287  0.717500 -0.570006588491
288  0.720000 -0.572057671084
289  0.722500 -0.573988623166
290  0.725000 -0.575744535663
291  0.727500 -0.577287892634
292  0.730000 -0.578599839994
293  0.732500 -0.579677789330
294  0.735000 -0.580531464441
295  0.737500 -0.581178956850
296  0.740000 -0.581643628026
297  0.742500 -0.581951850345
298  0.745000 -0.582131525295
299  0.747500 -0.582211078067
300  0.750000 -0.582218807355
301  0.752500 -0.582182501670
302  0.755000 -0.582129094468
303  0.757500 -0.582084402854
304  0.760000 -0.582072851037
305  0.762500 -0.582117080598
306  0.765000 -0.582237515341
307  0.767500 -0.582451756722
308  0.770000 -0.582773816473
309  0.772500 -0.583213205189
310  0.775000 -0.583773959017
311  0.777500 -0.584453719452
312  0.780000 -0.585243226985
313  0.782500 -0.586126496878
314  0.785000 -0.587081950295
315  0.787500 -0.588084599215
316  0.790000 -0.589109007261
317  0.792500 -0.590132078911
318  0.795000 -0.591135310749
319  0.797500 -0.592105962588
320  0.800000 -0.593036982274
321  0.802500 -0.593926320712
322  0.805000 -0.594775495737
323  0.807500 -0.595588186359
324  0.810000 -0.596368761530
325  0.812500 -0.597121073143
326  0.815000 -0.597847436123
327  0.817500 -0.598547918593
328  0.820000 -0.599220013368
329  0.822500 -0.599858788177
330  0.825000 -0.600457410729
331  0.827500 -0.601008073772
332  0.830000 -0.601503167175
333  0.832500 -0.601936372042
334  0.835000 -0.602303717609
335  0.837500 -0.602604261436
336  0.840000 -0.602840389141
337  0.842500 -0.603017848100
338  0.845000 -0.603145577699
339  0.847500 -0.603235389001
340  0.850000 -0.603301459168
341  0.852500 -0.603360036375
342  0.855000 -0.603429019995
343  0.857500 -0.603527643400
344  0.860000 -0.603676245628
345  0.862500 -0.603895961636
346  0.865000 -0.604208454041
347  0.867500 -0.604635601885
348  0.870000 -0.605198999741
349  0.872500 -0.605919267989
350  0.875000 -0.606814807483
351  0.877500 -0.607900001696
352  0.880000 -0.609182376166
353  0.882500 -0.610658728308
354  0.885000 -0.612310484532
355  0.887500 -0.614099846291
356  0.890000 -0.615969801915
357  0.892500 -0.617850523534
358  0.895000 -0.619671687823
359  0.897500 -0.621374928943
360  0.900000 -0.622920833383
361  0.902500 -0.624289154511
362  0.905000 -0.625474984799
363  0.907500 -0.626483807212
364  0.910000 -0.627327489119
365  0.912500 -0.628021193387
366  0.915000 -0.628581618087
367  0.917500 -0.629025764107
368  0.920000 -0.629370412114
369  0.922500 -0.629631717223
370  0.925000 -0.629825133906
371  0.927500 -0.629965429130
372  0.930000 -0.630066687118
373  0.932500 -0.630142418314
374  0.935000 -0.630205604856
375  0.937500 -0.630268792220
376  0.940000 -0.630344073453
377  0.942500 -0.630443118836
378  0.945000 -0.630577057894
379  0.947500 -0.630756335810
380  0.950000 -0.630990442867
381  0.952500 -0.631287611736
382  0.955000 -0.631654293232
383  0.957500 -0.632094593296
384  0.960000 -0.632609637076
385  0.962500 -0.633197020424
386  0.965000 -0.633850235576
387  0.967500 -0.634558601956
388  0.970000 -0.635307691983
389  0.972500 -0.636080362349
390  0.975000 -0.636858412837
391  0.977500 -0.637624534479
392  0.980000 -0.638364065115
393  0.982500 -0.639066355958
394  0.985000 -0.639725463711
395  0.987500 -0.640340122224
396  0.990000 -0.640913351163
397  0.992500 -0.641451724196
398  0.995000 -0.641964586928
399  0.997500 -0.642463219461
400  1.000000 -0.642960054238
401  1.002500 -0.643467934808
402  1.005000 -0.643999375483
403  1.007500 -0.644565813723
404  1.010000 -0.645176766506
405  1.012500 -0.645838885299
406  1.015000 -0.646555125734
407  1.017500 -0.647323878607
408  1.020000 -0.648138465887
409  1.022500 -0.648987242681
410  1.025000 -0.649854423233
411  1.027500 -0.650721866891
412  1.030000 -0.651571416291
413  1.032500 -0.652387260605
414  1.035000 -0.653157830770
415  1.037500 -0.653876837796
416  1.040000 -0.654543486030
417  1.042500 -0.655161981003
418  1.045000 -0.655740785990
419  1.047500 -0.656291720779
420  1.050000 -0.656829029830
421  1.052500 -0.657368619998
422  1.055000 -0.657927335870
423  1.057500 -0.658522273307
424  1.060000 -0.659169997580
425  1.062500 -0.659885647092
426  1.065000 -0.660681758437
427  1.067500 -0.661566799371
428  1.070000 -0.662543377745
429  1.072500 -0.663606365584
430  1.075000 -0.664741380088
431  1.077500 -0.665924614127
432  1.080000 -0.667124964538
433  1.082500 -0.668308327255
434  1.085000 -0.669443090844
435  1.087500 -0.670504806874
436  1.090000 -0.671478555794
437  1.092500 -0.672359104600
438  1.095000 -0.673149476595
439  1.097500 -0.673858981895
440  1.100000 -0.674501350245
441  1.102500 -0.675093167777
442  1.105000 -0.675652754936
443  1.107500 -0.676199216585
444  1.110000 -0.676751783055
445  1.112500 -0.677329188576
446  1.115000 -0.677948996742
447  1.117500 -0.678626757198
448  1.120000 -0.679374969374
449  1.122500 -0.680201712293
450  1.125000 -0.681109015258
451  1.127500 -0.682091199057
452  1.130000 -0.683133748495
453  1.132500 -0.684213546930
454  1.135000 -0.685301130506
455  1.137500 -0.686364991985
456  1.140000 -0.687376480454
457  1.142500 -0.688313849790
458  1.145000 -0.689164075137
459  1.147500 -0.689922790665
460  1.150000 -0.690592908652
461  1.152500 -0.691182772133
462  1.155000 -0.691704587740
463  1.157500 -0.692172968345
464  1.160000 -0.692604006946
465  1.162500 -0.693014498640
466  1.165000 -0.693421368232
467  1.167500 -0.693841320739
468  1.170000 -0.694290409245
469  1.172500 -0.694783612338
470  1.175000 -0.695334337193
471  1.177500 -0.695953787798
472  1.180000 -0.696650210566
473  1.182500 -0.697427926296
474  1.185000 -0.698286347371
475  1.187500 -0.699219046570
476  1.190000 -0.700213412144
477  1.192500 -0.701251107896
478  1.195000 -0.702309762703
479  1.197500 -0.703365565472
480  1.200000 -0.704396286572
481  1.202500 -0.705383653653
482  1.205000 -0.706314790334
483  1.207500 -0.707182369302
484  1.210000 -0.707984034979
485  1.212500 -0.708721352392
486  1.215000 -0.709398678923
487  1.217500 -0.710022215092
488  1.220000 -0.710599139156
489  1.222500 -0.711137019765
490  1.225000 -0.711643344444
491  1.227500 -0.712125222056
492  1.230000 -0.712589159539
493  1.232500 -0.713040942019
494  1.235000 -0.713485558890
495  1.237500 -0.713927201691
496  1.240000 -0.714369314880
497  1.242500 -0.714814628566
498  1.245000 -0.715265317939
499  1.247500 -0.715723051661
500  1.250000 -0.716189113782
501  1.252500 -0.716664573634
502  1.255000 -0.717150342403
503  1.257500 -0.717647271640
504  1.260000 -0.718156267269
505  1.262500 -0.718678344079
506  1.265000 -0.719214674104
507  1.267500 -0.719766668055
508  1.270000 -0.720336024940
509  1.272500 -0.720924775720
510  1.275000 -0.721535331164
511  1.277500 -0.722170501788
512  1.280000 -0.722833497161
513  1.282500 -0.723527891409
514  1.285000 -0.724257493576
515  1.287500 -0.725026188029
516  1.290000 -0.725837551394
517  1.292500 -0.726694477281
518  1.295000 -0.727598500849
519  1.297500 -0.728549011564
520  1.300000 -0.729542260446
521  1.302500 -0.730570395080
522  1.305000 -0.731620834014
523  1.307500 -0.732676153101
524  1.310000 -0.733715039169
525  1.312500 -0.734714237065
526  1.315000 -0.735651309397
527  1.317500 -0.736507164008
528  1.320000 -0.737267910904
529  1.322500 -0.737925554067
530  1.325000 -0.738477776725
531  1.327500 -0.738927149960
532  1.330000 -0.739280173565
533  1.332500 -0.739546295421
534  1.335000 -0.739737179489
535  1.337500 -0.739866112330
536  1.340000 -0.739947612091
537  1.342500 -0.739997162406
538  1.345000 -0.740031050325
539  1.347500 -0.740066355290
540  1.350000 -0.740120933672
541  1.352500 -0.740213549271
542  1.355000 -0.740363947083
543  1.357500 -0.740593053227
544  1.360000 -0.740923106550
545  1.362500 -0.741377803926
546  1.365000 -0.741982210539
547  1.367500 -0.742762267502
548  1.370000 -0.743743165869
549  1.372500 -0.744945162725
550  1.375000 -0.746374634798
551  1.377500 -0.748007571774
552  1.380000 -0.749770828699
553  1.382500 -0.751544852074
554  1.385000 -0.753207135200
555  1.387500 -0.754679385991
556  1.390000 -0.755934638399
557  1.392500 -0.756978933104
558  1.395000 -0.757833781196
559  1.397500 -0.758526086035
560  1.400000 -0.759083604610
561  1.402500 -0.759533091963
562  1.405000 -0.759899671171
563  1.407500 -0.760206757014
564  1.410000 -0.760476107845
565  1.412500 -0.760727936364
566  1.415000 -0.760980996363
567  1.417500 -0.761252510338
568  1.420000 -0.761558038731
569  1.422500 -0.761911165597
570  1.425000 -0.762323062399
571  1.427500 -0.762801805422
572  1.430000 -0.763351603658
573  1.432500 -0.763971933042
574  1.435000 -0.764656993342
575  1.437500 -0.765395733122
576  1.440000 -0.766172854388
577  1.442500 -0.766970835772
578  1.445000 -0.767772662474
579  1.447500 -0.768564328516
580  1.450000 -0.769336621385
581  1.452500 -0.770085778190
582  1.455000 -0.770813256630
583  1.457500 -0.771524946803
584  1.460000 -0.772230221962
585  1.462500 -0.772940932465
586  1.465000 -0.773670708759
587  1.467500 -0.774434092000
588  1.470000 -0.775245828400
589  1.472500 -0.776120004674
590  1.475000 -0.777068777975
591  1.477500 -0.778100651196
592  1.480000 -0.779218137276
593  1.482500 -0.780414820769
594  1.485000 -0.781672657280
595  1.487500 -0.782961414611
596  1.490000 -0.784242012218
597  1.492500 -0.785473889588
598  1.495000 -0.786623041486
599  1.497500 -0.787667088299
600  1.500000 -0.788595742528
601  1.502500 -0.789408681457
602  1.505000 -0.790112486876
603  1.507500 -0.790718012538
604  1.510000 -0.791238604678
605  1.512500 -0.791688755750
606  1.515000 -0.792083493800
607  1.517500 -0.792437877107
608  1.520000 -0.792766817933
609  1.522500 -0.793084940318
610  1.525000 -0.793406545023
611  1.527500 -0.793745578192
612  1.530000 -0.794115636433
613  1.532500 -0.794529875523
614  1.535000 -0.795000921515
615  1.537500 -0.795540727657
616  1.540000 -0.796160267256
617  1.542500 -0.796868988765
618  1.545000 -0.797674079451
619  1.547500 -0.798579320566
620  1.550000 -0.799583530447
621  1.552500 -0.800678884864
622  1.555000 -0.801849381694
623  1.557500 -0.803070573840
624  1.560000 -0.804311520047
625  1.562500 -0.805538944179
626  1.565000 -0.806722328477
627  1.567500 -0.807838001938
628  1.570000 -0.808870631186
629  1.572500 -0.809812829751
630  1.575000 -0.810663452593
631  1.577500 -0.811425850101
632  1.580000 -0.812106331464
633  1.582500 -0.812713068550
634  1.585000 -0.813255266085
635  1.587500 -0.813742715297
636  1.590000 -0.814185461415
637  1.592500 -0.814593597020
638  1.595000 -0.814977138014
639  1.597500 -0.815345948115
640  1.600000 -0.815709649748
641  1.602500 -0.816077539490
642  1.605000 -0.816458486220
643  1.607500 -0.816860807108
644  1.610000 -0.817292080890
645  1.612500 -0.817758953428
646  1.615000 -0.818266848852
647  1.617500 -0.818819641338
648  1.620000 -0.819419344003
649  1.622500 -0.820065805140
650  1.625000 -0.820756565305
651  1.627500 -0.821486868797
652  1.630000 -0.822250000164
653  1.632500 -0.823037972433
654  1.635000 -0.823842408148
655  1.637500 -0.824655551583
656  1.640000 -0.825471109846
657  1.642500 -0.826284920695
658  1.645000 -0.827095209270
659  1.647500 -0.827902523411
660  1.650000 -0.828709397892
661  1.652500 -0.829519869412
662  1.655000 -0.830338819734
663  1.657500 -0.831171355254
664  1.660000 -0.832022023416
665  1.662500 -0.832893980228
666  1.665000 -0.833788109882
667  1.667500 -0.834702186020
668  1.670000 -0.835630252504
669  1.672500 -0.836562549777
670  1.675000 -0.837486089924
671  1.677500 -0.838386073092
672  1.680000 -0.839247802218
673  1.682500 -0.840058649450
674  1.685000 -0.840809534208
675  1.687500 -0.841495502680
676  1.690000 -0.842115694866
677  1.692500 -0.842672809852
678  1.695000 -0.843172416941
679  1.697500 -0.843622235978
680  1.700000 -0.844031540453
681  1.702500 -0.844410648383
682  1.705000 -0.844770558189
683  1.707500 -0.845122653566
684  1.710000 -0.845478435180
685  1.712500 -0.845849324662
686  1.715000 -0.846246370464
687  1.717500 -0.846679969899
688  1.720000 -0.847159419212
689  1.722500 -0.847692385405
690  1.725000 -0.848284122634
691  1.727500 -0.848936610578
692  1.730000 -0.849647600871
693  1.732500 -0.850409859998
694  1.735000 -0.851211035029
695  1.737500 -0.852034559675
696  1.740000 -0.852861803738
697  1.742500 -0.853674717496
698  1.745000 -0.854458468897
699  1.747500 -0.855202986976
700  1.750000 -0.855903375123
701  1.752500 -0.856559447606
702  1.755000 -0.857174795417
703  1.757500 -0.857755733968
704  1.760000 -0.858310445647
705  1.762500 -0.858848194444
706  1.765000 -0.859378737641
707  1.767500 -0.859911842557
708  1.770000 -0.860456847533
709  1.772500 -0.861022246524
710  1.775000 -0.861615242729
711  1.777500 -0.862241254220
712  1.780000 -0.862903387409
713  1.782500 -0.863601954583
714  1.785000 -0.864334121397
715  1.787500 -0.865093911218
716  1.790000 -0.865872589027
717  1.792500 -0.866659660060
718  1.795000 -0.867444161112
719  1.797500 -0.868216165375
720  1.800000 -0.868967921117
721  1.802500 -0.869694545809
722  1.805000 -0.870394216743
723  1.807500 -0.871067906704
724  1.810000 -0.871718887128
725  1.812500 -0.872352199076
726  1.815000 -0.872974097925
727  1.817500 -0.873591515856
728  1.820000 -0.874211650783
729  1.822500 -0.874841516931
730  1.825000 -0.875487530651
731  1.827500 -0.876155208866
732  1.830000 -0.876848704326
733  1.832500 -0.877570483046
734  1.835000 -0.878321021640
735  1.837500 -0.879098647866
736  1.840000 -0.879899470975
737  1.842500 -0.880717714087
738  1.845000 -0.881546294107
739  1.847500 -0.882377581730
740  1.850000 -0.883204241279
741  1.852500 -0.884019975961
742  1.855000 -0.884820120956
743  1.857500 -0.885601767628
744  1.860000 -0.886363852926
745  1.862500 -0.887106793611
746  1.865000 -0.887832174814
747  1.867500 -0.888542406341
748  1.870000 -0.889240318875
749  1.872500 -0.889928807514
750  1.875000 -0.890610561761
751  1.877500 -0.891287843369
752  1.880000 -0.891962345809
753  1.882500 -0.892635139880
754  1.885000 -0.893306680026
755  1.887500 -0.893976883604
756  1.890000 -0.894645329565
757  1.892500 -0.895311383789
758  1.895000 -0.895974460195
759  1.897500 -0.896634184453
760  1.900000 -0.897290611118
761  1.902500 -0.897944257658
762  1.905000 -0.898596095211
763  1.907500 -0.899247568987
764  1.910000 -0.899900412110
765  1.912500 -0.900556537908
766  1.915000 -0.901217834428
767  1.917500 -0.901885956828
768  1.920000 -0.902562092048
769  1.922500 -0.903246821664
770  1.925000 -0.903939967683
771  1.927500 -0.904640628235
772  1.930000 -0.905347074562
773  1.932500 -0.906057025709
774  1.935000 -0.906767834927
775  1.937500 -0.907476819854
776  1.940000 -0.908181628657
777  1.942500 -0.908880486453
778  1.945000 -0.909572467928
779  1.947500 -0.910257579699
780  1.950000 -0.910936776199
781  1.952500 -0.911611859861
782  1.955000 -0.912285287346
783  1.957500 -0.912959904678
784  1.960000 -0.913638645019
785  1.962500 -0.914324151543
786  1.965000 -0.915018369832
787  1.967500 -0.915722158310
788  1.970000 -0.916434928946
789  1.972500 -0.917154355922
790  1.975000 -0.917876291248
791  1.977500 -0.918594935686
792  1.980000 -0.919303326068
793  1.982500 -0.919993983037
794  1.985000 -0.920659839339
795  1.987500 -0.921294956697
796  1.990000 -0.921895200282
797  1.992500 -0.922458486305
798  1.995000 -0.922984883776
799  1.997500 -0.923476474998
800  2.000000 -0.923937065362
801  2.002500 -0.924371899250
802  2.005000 -0.924787360234
803  2.007500 -0.925190698203
804  2.010000 -0.925589783560
805  2.012500 -0.925992951145
806  2.015000 -0.926408774322
807  2.017500 -0.926845963834
808  2.020000 -0.927313134631
809  2.022500 -0.927818629651
810  2.025000 -0.928370215444
811  2.027500 -0.928974706502
812  2.030000 -0.929637500851
813  2.032500 -0.930361950587
814  2.035000 -0.931148588597
815  2.037500 -0.931994421715
816  2.040000 -0.932892359767
817  2.042500 -0.933831260144
818  2.045000 -0.934796730991
819  2.047500 -0.935772906551
820  2.050000 -0.936744501527
821  2.052500 -0.937698770067
822  2.055000 -0.938626599658
823  2.057500 -0.939522692257
824  2.060000 -0.940385167845
825  2.062500 -0.941214725309
826  2.065000 -0.942013771043
827  2.067500 -0.942785701566
828  2.070000 -0.943534207850
829  2.072500 -0.944262864992
830  2.075000 -0.944974764323
831  2.077500 -0.945672333765
832  2.080000 -0.946357197283
833  2.082500 -0.947030264838
834  2.085000 -0.947691888560
835  2.087500 -0.948342041662
836  2.090000 -0.948980617705
837  2.092500 -0.949607747763
838  2.095000 -0.950224060095
839  2.097500 -0.950830888120
840  2.100000 -0.951430405334
841  2.102500 -0.952025732562
842  2.105000 -0.952620844875
843  2.107500 -0.953220543569
844  2.110000 -0.953830311783
845  2.112500 -0.954456156665
846  2.115000 -0.955104363687
847  2.117500 -0.955781183949
848  2.120000 -0.956492528908
849  2.122500 -0.957243470416
850  2.125000 -0.958037659285
851  2.127500 -0.958876583967
852  2.130000 -0.959758814985
853  2.132500 -0.960679270542
854  2.135000 -0.961628886520
855  2.137500 -0.962595023501
856  2.140000 -0.963562716885
857  2.142500 -0.964516670019
858  2.145000 -0.965443354097
859  2.147500 -0.966332608071
860  2.150000 -0.967178209456
861  2.152500 -0.967977710521
862  2.155000 -0.968731828311
863  2.157500 -0.969443590183
864  2.160000 -0.970117530467
865  2.162500 -0.970759049269
866  2.165000 -0.971373856240
867  2.167500 -0.971967551692
868  2.170000 -0.972545285909
869  2.172500 -0.973111540298
870  2.175000 -0.973669894149
871  2.177500 -0.974222923194
872  2.180000 -0.974772151004
873  2.182500 -0.975318109471
874  2.185000 -0.975860493890
875  2.187500 -0.976398434014
876  2.190000 -0.976930846729
877  2.192500 -0.977456837771
878  2.195000 -0.977976029216
879  2.197500 -0.978488943049
880  2.200000 -0.978997168538
881  2.202500 -0.979503530630
882  2.205000 -0.980012138463
883  2.207500 -0.980528359163
884  2.210000 -0.981058783358
885  2.212500 -0.981611142810
886  2.215000 -0.982194247887
887  2.217500 -0.982817882341
888  2.220000 -0.983492691153
889  2.222500 -0.984229967412
890  2.225000 -0.985041285123
891  2.227500 -0.985937772877
892  2.230000 -0.986928644244
893  2.232500 -0.988018575101
894  2.235000 -0.989203353057
895  2.237500 -0.990464515227
896  2.240000 -0.991765912124
897  2.242500 -0.993058400699
898  2.245000 -0.994293645649
899  2.247500 -0.995437300921
900  2.250000 -0.996472909360
901  2.252500 -0.997398031779
902  2.255000 -0.998218790122
903  2.257500 -0.998945633848
904  2.260000 -0.999590869138
905  2.262500 -1.000167319439
906  2.265000 -1.000687691076
907  2.267500 -1.001164314407
908  2.270000 -1.001609050091
909  2.272500 -1.002033274176
910  2.275000 -1.002447949639
911  2.277500 -1.002863642846
912  2.280000 -1.003290579538
913  2.282500 -1.003738685655
914  2.285000 -1.004217596392
915  2.287500 -1.004736603842
916  2.290000 -1.005304574162
917  2.292500 -1.005929748101
918  2.295000 -1.006619385817
919  2.297500 -1.007379194615
920  2.300000 -1.008212493033
921  2.302500 -1.009118921933
922  2.305000 -1.010093059659
923  2.307500 -1.011123020913
924  2.310000 -1.012190218847
925  2.312500 -1.013270765598
926  2.315000 -1.014339126908
927  2.317500 -1.015372354233
928  2.320000 -1.016353135540
929  2.322500 -1.017270729861
930  2.325000 -1.018120299371
931  2.327500 -1.018901404525
932  2.330000 -1.019616622084
933  2.332500 -1.020270363733
934  2.335000 -1.020868073598
935  2.337500 -1.021415778103
936  2.340000 -1.021919771007
937  2.342500 -1.022386380013
938  2.345000 -1.022821934382
939  2.347500 -1.023232686816
940  2.350000 -1.023624756027
941  2.352500 -1.024004137727
942  2.355000 -1.024376651048
943  2.357500 -1.024747949745
944  2.360000 -1.025123469972
945  2.362500 -1.025508345611
946  2.365000 -1.025907357991
947  2.367500 -1.026324857875
948  2.370000 -1.026764647502
949  2.372500 -1.027229844598
950  2.375000 -1.027722762622
951  2.377500 -1.028244821825
952  2.380000 -1.028796436100
953  2.382500 -1.029377011169
954  2.385000 -1.029985061941
955  2.387500 -1.030618371441
956  2.390000 -1.031274291467
957  2.392500 -1.031950129763
958  2.395000 -1.032643586861
959  2.397500 -1.033353063685
960  2.400000 -1.034077968230
961  2.402500 -1.034818788935
962  2.405000 -1.035577133631
963  2.407500 -1.036355522480
964  2.410000 -1.037157178194
965  2.412500 -1.037985535282
966  2.415000 -1.038843720638
967  2.417500 -1.039733926485
968  2.420000 -1.040656414221
969  2.422500 -1.041608653517
970  2.425000 -1.042584416866
971  2.427500 -1.043573441999
972  2.430000 -1.044561969975
973  2.432500 -1.045534346811
974  2.435000 -1.046475465408
975  2.437500 -1.047372927946
976  2.440000 -1.048218477740
977  2.442500 -1.049008356312
978  2.445000 -1.049742770835
979  2.447500 -1.050425093801
980  2.450000 -1.051061007062
981  2.452500 -1.051657813730
982  2.455000 -1.052223911064
983  2.457500 -1.052768425394
984  2.460000 -1.053300933382
985  2.462500 -1.053831346194
986  2.465000 -1.054369758992
987  2.467500 -1.054926333781
988  2.470000 -1.055511160969
989  2.472500 -1.056133986039
990  2.475000 -1.056803871998
991  2.477500 -1.057528467958
992  2.480000 -1.058312963457
993  2.482500 -1.059158524795
994  2.485000 -1.060060392362
995  2.487500 -1.061006179558
996  2.490000 -1.061975625097
997  2.492500 -1.062943375195
998  2.495000 -1.063884018908
999  2.497500 -1.064777338046
1000  2.500000 -1.065611002666
1001  2.502500 -1.066380376894
1002  2.505000 -1.067086772838
1003  2.507500 -1.067735514274
1004  2.510000 -1.068334324720
1005  2.512500 -1.068892230991
1006  2.515000 -1.069418870280
1007  2.517500 -1.069924069569
1008  2.520000 -1.070417595243
1009  2.522500 -1.070908934090
1010  2.525000 -1.071407198085
1011  2.527500 -1.071920885570
1012  2.530000 -1.072457733437
1013  2.532500 -1.073024386174
1014  2.535000 -1.073625984417
1015  2.537500 -1.074265651879
1016  2.540000 -1.074943948499
1017  2.542500 -1.075658327837
1018  2.545000 -1.076402896816
1019  2.547500 -1.077168735404
1020  2.550000 -1.077944833583
1021  2.552500 -1.078719749477
1022  2.555000 -1.079483253270
1023  2.557500 -1.080227713669
1024  2.560000 -1.080948732495
1025  2.562500 -1.081645087580
1026  2.565000 -1.082318361547
1027  2.567500 -1.082972256271
1028  2.570000 -1.083612032732
1029  2.572500 -1.084243973239
1030  2.575000 -1.084874915052
1031  2.577500 -1.085511927371
1032  2.580000 -1.086161936528
1033  2.582500 -1.086831455464
1034  2.585000 -1.087526143575
1035  2.587500 -1.088250463565
1036  2.590000 -1.089007146210
1037  2.592500 -1.089796566352
1038  2.595000 -1.090616354724
1039  2.597500 -1.091461080721
1040  2.600000 -1.092322461260
1041  2.602500 -1.093190216487
1042  2.605000 -1.094053334750
1043  2.607500 -1.094901647989
1044  2.610000 -1.095727069664
1045  2.612500 -1.096524258702
1046  2.615000 -1.097290779979
1047  2.617500 -1.098026664231
1048  2.620000 -1.098733953465
1049  2.622500 -1.099416060606
1050  2.625000 -1.100077368556
1051  2.627500 -1.100722738800
1052  2.630000 -1.101357186740
1053  2.632500 -1.101985673334
1054  2.635000 -1.102612859392
1055  2.637500 -1.103242879239
1056  2.640000 -1.103879173647
1057  2.642500 -1.104524426528
1058  2.645000 -1.105180326034
1059  2.647500 -1.105847471956
1060  2.650000 -1.106525412392
1061  2.652500 -1.107212589358
1062  2.655000 -1.107906487692
1063  2.657500 -1.108603833798
1064  2.660000 -1.109300884530
1065  2.662500 -1.109993832682
1066  2.665000 -1.110679053087
1067  2.667500 -1.111353438344
1068  2.670000 -1.112014611469
1069  2.672500 -1.112661009607
1070  2.675000 -1.113291929344
1071  2.677500 -1.113907525543
1072  2.680000 -1.114508694376
1073  2.682500 -1.115097024701
1074  2.685000 -1.115674704069
1075  2.687500 -1.116244425715
1076  2.690000 -1.116809359719
1077  2.692500 -1.117373057770
1078  2.695000 -1.117939437799
1079  2.697500 -1.118512731526
1080  2.700000 -1.119097412216
1081  2.702500 -1.119698162287
1082  2.705000 -1.120319788236
1083  2.707500 -1.120967020975
1084  2.710000 -1.121644380934
1085  2.712500 -1.122355806698
1086  2.715000 -1.123104220611
1087  2.717500 -1.123890897634
1088  2.720000 -1.124714681623
1089  2.722500 -1.125571136666
1090  2.725000 -1.126451943136
1091  2.727500 -1.127344944043
1092  2.730000 -1.128235170495
1093  2.732500 -1.129106941720
1094  2.735000 -1.129946234692
1095  2.737500 -1.130742466595
1096  2.740000 -1.131489269235
1097  2.742500 -1.132184336051
1098  2.745000 -1.132828707663
1099  2.747500 -1.133425879244
1100  2.750000 -1.133981069694
1101  2.752500 -1.134500639444
1102  2.755000 -1.134991668915
1103  2.757500 -1.135461696359
1104  2.760000 -1.135918541374
1105  2.762500 -1.136370166988
1106  2.765000 -1.136824597262
1107  2.767500 -1.137289816143
1108  2.770000 -1.137773646609
1109  2.772500 -1.138283689667
1110  2.775000 -1.138826984740
1111  2.777500 -1.139409737830
1112  2.780000 -1.140036794575
1113  2.782500 -1.140710958718
1114  2.785000 -1.141432071277
1115  2.787500 -1.142196113224
1116  2.790000 -1.142994626804
1117  2.792500 -1.143814991654
1118  2.795000 -1.144642012214
1119  2.797500 -1.145460360652
1120  2.800000 -1.146257218293
1121  2.802500 -1.147023943028
1122  2.805000 -1.147756418916
1123  2.807500 -1.148454568357
1124  2.810000 -1.149121421031
1125  2.812500 -1.149762157590
1126  2.815000 -1.150383386586
1127  2.817500 -1.150992541097
1128  2.820000 -1.151597445460
1129  2.822500 -1.152205947072
1130  2.825000 -1.152825662932
1131  2.827500 -1.153463651252
1132  2.830000 -1.154125925959
1133  2.832500 -1.154816971440
1134  2.835000 -1.155539093357
1135  2.837500 -1.156291615918
1136  2.840000 -1.157070251814
1137  2.842500 -1.157866916917
1138  2.845000 -1.158670332943
1139  2.847500 -1.159467596896
1140  2.850000 -1.160246327370
1141  2.852500 -1.160996632872
1142  2.855000 -1.161712258554
1143  2.857500 -1.162390783367
1144  2.860000 -1.163033169933
1145  2.862500 -1.163643011011
1146  2.865000 -1.164225865566
1147  2.867500 -1.164788672989
1148  2.870000 -1.165339361470
1149  2.872500 -1.165886576600
1150  2.875000 -1.166439537135
1151  2.877500 -1.167007999908
1152  2.880000 -1.167602250652
1153  2.882500 -1.168233165011
1154  2.885000 -1.168912249622
1155  2.887500 -1.169651724009
1156  2.890000 -1.170464537841
1157  2.892500 -1.171364038774
1158  2.895000 -1.172363197197
1159  2.897500 -1.173472429730
1160  2.900000 -1.174694547617
1161  2.902500 -1.176015734964
1162  2.905000 -1.177395752029
1163  2.907500 -1.178771724712
1164  2.910000 -1.180083403207
1165  2.912500 -1.181295860219
1166  2.915000 -1.182399098799
1167  2.917500 -1.183397669340
1168  2.920000 -1.184302217010
1169  2.922500 -1.185125132943
1170  2.925000 -1.185878710900
1171  2.927500 -1.186574370884
1172  2.930000 -1.187222531188
1173  2.932500 -1.187832588608
1174  2.935000 -1.188412983247
1175  2.937500 -1.188971340311
1176  2.940000 -1.189514487313
1177  2.942500 -1.190048553180
1178  2.945000 -1.190579049797
1179  2.947500 -1.191110886947
1180  2.950000 -1.191648448540
1181  2.952500 -1.192195556258
1182  2.955000 -1.192755575513
1183  2.957500 -1.193331382256
1184  2.960000 -1.193925332531
1185  2.962500 -1.194539252737
1186  2.965000 -1.195174444303
1187  2.967500 -1.195831560742
1188  2.970000 -1.196510563944
1189  2.972500 -1.197210658875
1190  2.975000 -1.197930245016
1191  2.977500 -1.198666826997
1192  2.980000 -1.199417069786
1193  2.982500 -1.200176925929
1194  2.985000 -1.200941811117
1195  2.987500 -1.201706934012
1196  2.990000 -1.202467667893
1197  2.992500 -1.203219849024
1198  2.995000 -1.203960148380
1199  2.997500 -1.204686198276
1200  3.000000 -1.205396672811
1201  3.002500 -1.206091319146
1202  3.005000 -1.206770817297
1203  3.007500 -1.207436643575
1204  3.010000 -1.208090835605
1205  3.012500 -1.208735899438
1206  3.015000 -1.209374554068
1207  3.017500 -1.210009602361
1208  3.020000 -1.210643740927
1209  3.022500 -1.211279392943
1210  3.025000 -1.211918560754
1211  3.027500 -1.212562710989
1212  3.030000 -1.213212694646
1213  3.032500 -1.213868629880
1214  3.035000 -1.214529950835
1215  3.037500 -1.215195516011
1216  3.040000 -1.215863839602
1217  3.042500 -1.216533274034
1218  3.045000 -1.217202349953
1219  3.047500 -1.217870071921
1220  3.050000 -1.218536142161
1221  3.052500 -1.219201136676
1222  3.055000 -1.219866611261
1223  3.057500 -1.220535089711
1224  3.060000 -1.221210025308
1225  3.062500 -1.221895723793
1226  3.065000 -1.222597182160
1227  3.067500 -1.223319965124
1228  3.070000 -1.224069951082
1229  3.072500 -1.224853023001
1230  3.075000 -1.225674561213
1231  3.077500 -1.226538766437
1232  3.080000 -1.227447465118
1233  3.082500 -1.228398750607
1234  3.085000 -1.229385335030
1235  3.087500 -1.230393609961
1236  3.090000 -1.231404365067
1237  3.092500 -1.232396084854
1238  3.095000 -1.233349356469
1239  3.097500 -1.234250306759
1240  3.100000 -1.235091563137
1241  3.102500 -1.235871345051
1242  3.105000 -1.236591903365
1243  3.107500 -1.237257993669
1244  3.110000 -1.237875790865
1245  3.112500 -1.238452194118
1246  3.115000 -1.238994329213
1247  3.117500 -1.239509290798
1248  3.120000 -1.240003965610
1249  3.122500 -1.240484903236
1250  3.125000 -1.240958230907
1251  3.127500 -1.241429586663
1252  3.130000 -1.241903953785
1253  3.132500 -1.242385623010
1254  3.135000 -1.242878010839
1255  3.137500 -1.243383566613
1256  3.140000 -1.243903646937
1257  3.142500 -1.244438444139
1258  3.145000 -1.244987024182
1259  3.147500 -1.245547450264
1260  3.150000 -1.246117101639
1261  3.152500 -1.246693002398
1262  3.155000 -1.247272299985
1263  3.157500 -1.247852644030
1264  3.160000 -1.248432555350
1265  3.162500 -1.249011576692
1266  3.165000 -1.249590272208
1267  3.167500 -1.250170255142
1268  3.170000 -1.250753984256
1269  3.172500 -1.251344575373
1270  3.175000 -1.251945522011
1271  3.177500 -1.252560456274
1272  3.180000 -1.253192824674
1273  3.182500 -1.253845545803
1274  3.185000 -1.254520572178
1275  3.187500 -1.255218488923
1276  3.190000 -1.255938084232
1277  3.192500 -1.256676093616
1278  3.195000 -1.257427130637
1279  3.197500 -1.258184103904
1280  3.200000 -1.258939036629
1281  3.202500 -1.259684170889
1282  3.205000 -1.260412972856
1283  3.207500 -1.261120900922
1284  3.210000 -1.261805692111
1285  3.212500 -1.262467264139
1286  3.215000 -1.263107424735
1287  3.217500 -1.263729463088
1288  3.220000 -1.264337735427
1289  3.222500 -1.264937407147
1290  3.225000 -1.265534142329
1291  3.227500 -1.266133860323
1292  3.230000 -1.266742631798
1293  3.232500 -1.267366359723
1294  3.235000 -1.268010638206
1295  3.237500 -1.268680470775
1296  3.240000 -1.269379942827
1297  3.242500 -1.270111613032
1298  3.245000 -1.270876105031
1299  3.247500 -1.271671494109
1300  3.250000 -1.272492852710
1301  3.252500 -1.273332332826
1302  3.255000 -1.274179827712
1303  3.257500 -1.275024386102
1304  3.260000 -1.275855805084
1305  3.262500 -1.276666050330
1306  3.265000 -1.277449983914
1307  3.267500 -1.278205303482
1308  3.270000 -1.278932203165
1309  3.272500 -1.279632679112
1310  3.275000 -1.280310036853
1311  3.277500 -1.280968365853
1312  3.280000 -1.281612152967
1313  3.282500 -1.282246018043
1314  3.285000 -1.282874473647
1315  3.287500 -1.283501789803
1316  3.290000 -1.284131833563
1317  3.292500 -1.284767921498
1318  3.295000 -1.285412771831
1319  3.297500 -1.286068331794
1320  3.300000 -1.286735760915
1321  3.302500 -1.287415429090
1322  3.305000 -1.288106833198
1323  3.307500 -1.288808756867
1324  3.310000 -1.289519396225
1325  3.312500 -1.290236459887
1326  3.315000 -1.290957524237
1327  3.317500 -1.291680140028
1328  3.320000 -1.292402039950
1329  3.322500 -1.293121221501
1330  3.325000 -1.293836082146
1331  3.327500 -1.294545301685
1332  3.330000 -1.295247904770
1333  3.332500 -1.295943151586
1334  3.335000 -1.296630490654
1335  3.337500 -1.297309543936
1336  3.340000 -1.297980068396
1337  3.342500 -1.298641958169
1338  3.345000 -1.299295314742
1339  3.347500 -1.299940466913
1340  3.350000 -1.300578082204
1341  3.352500 -1.301209167038
1342  3.355000 -1.301835080602
1343  3.357500 -1.302457634611
1344  3.360000 -1.303079049003
1345  3.362500 -1.303701934231
1346  3.365000 -1.304329256198
1347  3.367500 -1.304964250048
1348  3.370000 -1.305610403202
1349  3.372500 -1.306271269059
1350  3.375000 -1.306950300217
1351  3.377500 -1.307650700538
1352  3.380000 -1.308375100763
1353  3.382500 -1.309125308387
1354  3.385000 -1.309901772777
1355  3.387500 -1.310703263486
1356  3.390000 -1.311526457900
1357  3.392500 -1.312365850142
1358  3.395000 -1.313213987343
1359  3.397500 -1.314062237573
1360  3.400000 -1.314901878830
1361  3.402500 -1.315725246016
1362  3.405000 -1.316526505820
1363  3.407500 -1.317302083701
1364  3.410000 -1.318050625583
1365  3.412500 -1.318772636962
1366  3.415000 -1.319470050496
1367  3.417500 -1.320145855105
1368  3.420000 -1.320803606130
1369  3.422500 -1.321447243357
1370  3.425000 -1.322080812032
1371  3.427500 -1.322708248943
1372  3.430000 -1.323333195935
1373  3.432500 -1.323958927856
1374  3.435000 -1.324588150383
1375  3.437500 -1.325222891846
1376  3.440000 -1.325864499427
1377  3.442500 -1.326513542331
1378  3.445000 -1.327169883273
1379  3.447500 -1.327832736250
1380  3.450000 -1.328500958273
1381  3.452500 -1.329173168311
1382  3.455000 -1.329848078015
1383  3.457500 -1.330524718512
1384  3.460000 -1.331202660964
1385  3.462500 -1.331882134229
1386  3.465000 -1.332564027231
1387  3.467500 -1.333249869553
1388  3.470000 -1.333941705312
1389  3.472500 -1.334641981067
1390  3.475000 -1.335353198077
1391  3.477500 -1.336077708444
1392  3.480000 -1.336817331877
1393  3.482500 -1.337572975054
1394  3.485000 -1.338344260237
1395  3.487500 -1.339129080617
1396  3.490000 -1.339923385873
1397  3.492500 -1.340721284373
1398  3.495000 -1.341515453749
1399  3.497500 -1.342298101799
1400  3.500000 -1.343061833832
1401  3.502500 -1.343800681480
1402  3.505000 -1.344510546475
1403  3.507500 -1.345189436232
1404  3.510000 -1.345837200849
1405  3.512500 -1.346455246184
1406  3.515000 -1.347046182487
1407  3.517500 -1.347613464348
1408  3.520000 -1.348161052959
1409  3.522500 -1.348693210204
1410  3.525000 -1.349214349822
1411  3.527500 -1.349728871100
1412  3.530000 -1.350241042886
1413  3.532500 -1.350754902315
1414  3.535000 -1.351274146811
1415  3.537500 -1.351802088693
1416  3.540000 -1.352341545593
1417  3.542500 -1.352894752243
1418  3.545000 -1.353463331398
1419  3.547500 -1.354048279285
1420  3.550000 -1.354649960972
1421  3.552500 -1.355268200536
1422  3.555000 -1.355902423500
1423  3.557500 -1.356551806756
1424  3.560000 -1.357215523628
1425  3.562500 -1.357892852228
1426  3.565000 -1.358583441430
1427  3.567500 -1.359287256611
1428  3.570000 -1.360004645805
1429  3.572500 -1.360736193176
1430  3.575000 -1.361482519884
1431  3.577500 -1.362243965509
1432  3.580000 -1.363020165978
1433  3.582500 -1.363809693622
1434  3.585000 -1.364609620854
1435  3.587500 -1.365415256661
1436  3.590000 -1.366220335028
1437  3.592500 -1.367017444206
1438  3.595000 -1.367798869527
1439  3.597500 -1.368557583825
1440  3.600000 -1.369288072998
1441  3.602500 -1.369986885924
1442  3.605000 -1.370652677906
1443  3.607500 -1.371286053775
1444  3.610000 -1.371889237136
1445  3.612500 -1.372465691896
1446  3.615000 -1.373019835789
1447  3.617500 -1.373556835214
1448  3.620000 -1.374082369944
1449  3.622500 -1.374602582214
1450  3.625000 -1.375123938333
1451  3.627500 -1.375653285344
1452  3.630000 -1.376197778260
1453  3.632500 -1.376764967640
1454  3.635000 -1.377362747985
1455  3.637500 -1.377999435646
1456  3.640000 -1.378683672037
1457  3.642500 -1.379424355282
1458  3.645000 -1.380230219267
1459  3.647500 -1.381108948447
1460  3.650000 -1.382065318366
1461  3.652500 -1.383097698914
1462  3.655000 -1.384193212287
1463  3.657500 -1.385324338082
1464  3.660000 -1.386453080968
1465  3.662500 -1.387543831854
1466  3.665000 -1.388574250956
1467  3.667500 -1.389535974350
1468  3.670000 -1.390430028383
1469  3.672500 -1.391262352063
1470  3.675000 -1.392040899003
1471  3.677500 -1.392774044035
1472  3.680000 -1.393470014433
1473  3.682500 -1.394136472555
1474  3.685000 -1.394780435407
1475  3.687500 -1.395408236955
1476  3.690000 -1.396025532027
1477  3.692500 -1.396637217184
1478  3.695000 -1.397247444342
1479  3.697500 -1.397859579287
1480  3.700000 -1.398476215231
1481  3.702500 -1.399099140484
1482  3.705000 -1.399729367091
1483  3.707500 -1.400367166178
1484  3.710000 -1.401012221028
1485  3.712500 -1.401663765209
1486  3.715000 -1.402320770451
1487  3.717500 -1.402982166695
1488  3.720000 -1.403646995606
1489  3.722500 -1.404314610791
1490  3.725000 -1.404984714280
1491  3.727500 -1.405657400666
1492  3.730000 -1.406333119405
1493  3.732500 -1.407012602395
1494  3.735000 -1.407696754837
1495  3.737500 -1.408386470004
1496  3.740000 -1.409082499098
1497  3.742500 -1.409785324904
1498  3.745000 -1.410495016432
1499  3.747500 -1.411211133714
1500  3.750000 -1.411932655813
1501  3.752500 -1.412657998124
1502  3.755000 -1.413385086601
1503  3.757500 -1.414111460799
1504  3.760000 -1.414834543970
1505  3.762500 -1.415551744612
1506  3.765000 -1.416260727153
1507  3.767500 -1.416959522075
1508  3.770000 -1.417646634941
1509  3.772500 -1.418321038581
1510  3.775000 -1.418982162442
1511  3.777500 -1.419629836551
1512  3.780000 -1.420264284430
1513  3.782500 -1.420885986448
1514  3.785000 -1.421495655988
1515  3.787500 -1.422094195404
1516  3.790000 -1.422682661161
1517  3.792500 -1.423262325791
1518  3.795000 -1.423834633881
1519  3.797500 -1.424401242934
1520  3.800000 -1.424964095383
1521  3.802500 -1.425525406386
1522  3.805000 -1.426087722725
1523  3.807500 -1.426653966985
1524  3.810000 -1.427227513974
1525  3.812500 -1.427812175174
1526  3.815000 -1.428412275051
1527  3.817500 -1.429032655456
1528  3.820000 -1.429678694585
1529  3.822500 -1.430356357707
1530  3.825000 -1.431072163092
1531  3.827500 -1.431833148041
1532  3.830000 -1.432646603640
1533  3.832500 -1.433519574494
1534  3.835000 -1.434457721258
1535  3.837500 -1.435463136151
1536  3.840000 -1.436530439815
1537  3.842500 -1.437642324671
1538  3.845000 -1.438768220769
1539  3.847500 -1.439871724271
1540  3.850000 -1.440923108495
1541  3.852500 -1.441906238813
1542  3.855000 -1.442816819545
1543  3.857500 -1.443658008652
1544  3.860000 -1.444436478222
1545  3.862500 -1.445160439306
1546  3.865000 -1.445838371809
1547  3.867500 -1.446478687206
1548  3.870000 -1.447089445886
1549  3.872500 -1.447678313176
1550  3.875000 -1.448252560207
1551  3.877500 -1.448819058550
1552  3.880000 -1.449384275607
1553  3.882500 -1.449954214706
1554  3.885000 -1.450534408674
1555  3.887500 -1.451129716636
1556  3.890000 -1.451744144090
1557  3.892500 -1.452380633605
1558  3.895000 -1.453040653329
1559  3.897500 -1.453723960003
1560  3.900000 -1.454428235234
1561  3.902500 -1.455149102354
1562  3.905000 -1.455880523833
1563  3.907500 -1.456615498208
1564  3.910000 -1.457347177192
1565  3.912500 -1.458069742987
1566  3.915000 -1.458779247884
1567  3.917500 -1.459473729703
1568  3.920000 -1.460153135261
1569  3.922500 -1.460819008881
1570  3.925000 -1.461474105388
1571  3.927500 -1.462121943318
1572  3.930000 -1.462766499658
1573  3.932500 -1.463411926222
1574  3.935000 -1.464062233050
1575  3.937500 -1.464721051417
1576  3.940000 -1.465391297206
1577  3.942500 -1.466074887608
1578  3.945000 -1.466772341229
1579  3.947500 -1.467482552941
1580  3.950000 -1.468202685397
1581  3.952500 -1.468928245222
1582  3.955000 -1.469653579447
1583  3.957500 -1.470372671446
1584  3.960000 -1.471079988441
1585  3.962500 -1.471771268370
1586  3.965000 -1.472443888533
1587  3.967500 -1.473097045450
1588  3.970000 -1.473731544061
1589  3.972500 -1.474349583786
1590  3.975000 -1.474954423652
1591  3.977500 -1.475550143593
1592  3.980000 -1.476141365938
1593  3.982500 -1.476733104104
1594  3.985000 -1.477330613914
1595  3.987500 -1.477939268856
1596  3.990000 -1.478564411751
1597  3.992500 -1.479211177049
1598  3.995000 -1.479884260760
1599  3.997500 -1.480587592133
1600  4.000000 -1.481323862255
1601  4.002500 -1.482093854839
1602  4.005000 -1.482895705558
1603  4.007500 -1.483724261701
1604  4.010000 -1.484571006934
1605  4.012500 -1.485424788672
1606  4.015000 -1.486273636181
1607  4.017500 -1.487106714686
1608  4.020000 -1.487916068178
1609  4.022500 -1.488697128804
1610  4.025000 -1.489448474360
1611  4.027500 -1.490171055841
1612  4.030000 -1.490867557330
1613  4.032500 -1.491541694709
1614  4.035000 -1.492197810277
1615  4.037500 -1.492840492406
1616  4.040000 -1.493474404348
1617  4.042500 -1.494104124611
1618  4.045000 -1.494733998679
1619  4.047500 -1.495368061724
1620  4.050000 -1.496009926670
1621  4.052500 -1.496662684382
1622  4.055000 -1.497328779946
1623  4.057500 -1.498009848926
1624  4.060000 -1.498706608135
1625  4.062500 -1.499418718261
1626  4.065000 -1.500144698716
1627  4.067500 -1.500881997996
1628  4.070000 -1.501627132423
1629  4.072500 -1.502376004595
1630  4.075000 -1.503124241121
1631  4.077500 -1.503867647832
1632  4.080000 -1.504602558921
1633  4.082500 -1.505326085114
1634  4.085000 -1.506036243129
1635  4.087500 -1.506731966042
1636  4.090000 -1.507413014216
1637  4.092500 -1.508079868241
1638  4.095000 -1.508733565792
1639  4.097500 -1.509375629588
1640  4.100000 -1.510007952397
1641  4.102500 -1.510632702610
1642  4.105000 -1.511252285460
1643  4.107500 -1.511869239262
1644  4.110000 -1.512486250979
1645  4.112500 -1.513106046420
1646  4.115000 -1.513731362814
1647  4.117500 -1.514364807444
1648  4.120000 -1.515008836598
1649  4.122500 -1.515665547285
1650  4.125000 -1.516336478656
1651  4.127500 -1.517022410282
1652  4.130000 -1.517723102703
1653  4.132500 -1.518436978386
1654  4.135000 -1.519161070992
1655  4.137500 -1.519890976121
1656  4.140000 -1.520621118402
1657  4.142500 -1.521345297898
1658  4.145000 -1.522057588693
1659  4.147500 -1.522752836746
1660  4.150000 -1.523427323837
1661  4.152500 -1.524078957465
1662  4.155000 -1.524707279010
1663  4.157500 -1.525313203632
1664  4.160000 -1.525898818061
1665  4.162500 -1.526467160486
1666  4.165000 -1.527021896067
1667  4.167500 -1.527567226693
1668  4.170000 -1.528107671365
1669  4.172500 -1.528648016710
1670  4.175000 -1.529193164231
1671  4.177500 -1.529748045545
1672  4.180000 -1.530317537335
1673  4.182500 -1.530906264956
1674  4.185000 -1.531518379215
1675  4.187500 -1.532157173269
1676  4.190000 -1.532824625820
1677  4.192500 -1.533520760455
1678  4.195000 -1.534242949407
1679  4.197500 -1.534985540221
1680  4.200000 -1.535739948847
1681  4.202500 -1.536495720970
1682  4.205000 -1.537242302267
1683  4.207500 -1.537970883566
1684  4.210000 -1.538675562845
1685  4.212500 -1.539353657160
1686  4.215000 -1.540005316726
1687  4.217500 -1.540632905924
1688  4.220000 -1.541240368824
1689  4.222500 -1.541832762461
1690  4.225000 -1.542415819285
1691  4.227500 -1.542995849464
1692  4.230000 -1.543579529721
1693  4.232500 -1.544173898831
1694  4.235000 -1.544786274558
1695  4.237500 -1.545424199561
1696  4.240000 -1.546095402083
1697  4.242500 -1.546807542926
1698  4.245000 -1.547567681552
1699  4.247500 -1.548381399334
1700  4.250000 -1.549250634896
1701  4.252500 -1.550170931695
1702  4.255000 -1.551127853161
1703  4.257500 -1.552096795680
1704  4.260000 -1.553048703952
1705  4.262500 -1.553959628639
1706  4.265000 -1.554816131829
1707  4.267500 -1.555614462315
1708  4.270000 -1.556357051238
1709  4.272500 -1.557049704855
1710  4.275000 -1.557699606942
1711  4.277500 -1.558314430608
1712  4.280000 -1.558901886101
1713  4.282500 -1.559469470812
1714  4.285000 -1.560024513706
1715  4.287500 -1.560574089058
1716  4.290000 -1.561125016866
1717  4.292500 -1.561683963581
1718  4.295000 -1.562257380223
1719  4.297500 -1.562851424723
1720  4.300000 -1.563471981753
1721  4.302500 -1.564124298676
1722  4.305000 -1.564812794010
1723  4.307500 -1.565540335822
1724  4.310000 -1.566307504294
1725  4.312500 -1.567111561184
1726  4.315000 -1.567945686407
1727  4.317500 -1.568798880721
1728  4.320000 -1.569657450583
1729  4.322500 -1.570507571624
1730  4.325000 -1.571337951316
1731  4.327500 -1.572141221329
1732  4.330000 -1.572914075739
1733  4.332500 -1.573656440482
1734  4.335000 -1.574370238110
1735  4.337500 -1.575058780851
1736  4.340000 -1.575726011087
1737  4.342500 -1.576376071534
1738  4.345000 -1.577013113769
1739  4.347500 -1.577641069825
1740  4.350000 -1.578263561659
1741  4.352500 -1.578883763978
1742  4.355000 -1.579504376157
1743  4.357500 -1.580127610220
1744  4.360000 -1.580755081850
1745  4.362500 -1.581387882792
1746  4.365000 -1.582026503477
1747  4.367500 -1.582670954870
1748  4.370000 -1.583320811031
1749  4.372500 -1.583975334400
1750  4.375000 -1.584633579565
1751  4.377500 -1.585294544961
1752  4.380000 -1.585957291512
1753  4.382500 -1.586621058056
1754  4.385000 -1.587285314437
1755  4.387500 -1.587949801505
1756  4.390000 -1.588614582323
1757  4.392500 -1.589279927643
1758  4.395000 -1.589946365668
1759  4.397500 -1.590614616493
1760  4.400000 -1.591285578027
1761  4.402500 -1.591960295462
1762  4.405000 -1.592639900280
1763  4.407500 -1.593325680742
1764  4.410000 -1.594018951447
1765  4.412500 -1.594721122124
1766  4.415000 -1.595433600153
1767  4.417500 -1.596157845213
1768  4.420000 -1.596895218779
1769  4.422500 -1.597646910614
1770  4.425000 -1.598413765017
1771  4.427500 -1.599196160682
1772  4.430000 -1.599993681781
1773  4.432500 -1.600804855877
1774  4.435000 -1.601626934893
1775  4.437500 -1.602455750474
1776  4.440000 -1.603285922522
1777  4.442500 -1.604111102727
1778  4.445000 -1.604924787766
1779  4.447500 -1.605721032952
1780  4.450000 -1.606495123737
1781  4.452500 -1.607243948709
1782  4.455000 -1.607966016869
1783  4.457500 -1.608661426810
1784  4.460000 -1.609331529879
1785  4.462500 -1.609978720070
1786  4.465000 -1.610606161788
1787  4.467500 -1.611217553528
1788  4.470000 -1.611817065473
1789  4.472500 -1.612409169140
1790  4.475000 -1.612998581393
1791  4.477500 -1.613590202198
1792  4.480000 -1.614189082161
1793  4.482500 -1.614800368398
1794  4.485000 -1.615429253032
1795  4.487500 -1.616080812452
1796  4.490000 -1.616759883678
1797  4.492500 -1.617470640882
1798  4.495000 -1.618216140257
1799  4.497500 -1.618997479522
1800  4.500000 -1.619812730950
1801  4.502500 -1.620655855837
1802  4.505000 -1.621516292553
1803  4.507500 -1.622379956844
1804  4.510000 -1.623231894523
1805  4.512500 -1.624059364956
1806  4.515000 -1.624853854469
1807  4.517500 -1.625611284628
1808  4.520000 -1.626331146805
1809  4.522500 -1.627015386959
1810  4.525000 -1.627667376723
1811  4.527500 -1.628291254715
1812  4.530000 -1.628891479300
1813  4.532500 -1.629472552972
1814  4.535000 -1.630038784223
1815  4.537500 -1.630594274851
1816  4.540000 -1.631142698096
1817  4.542500 -1.631687387170
1818  4.545000 -1.632231213131
1819  4.547500 -1.632776529110
1820  4.550000 -1.633325125193
1821  4.552500 -1.633878319137
1822  4.555000 -1.634436907296
1823  4.557500 -1.635001240234
1824  4.560000 -1.635571357594
1825  4.562500 -1.636147059987
1826  4.565000 -1.636728128157
1827  4.567500 -1.637314494087
1828  4.570000 -1.637906390110
1829  4.572500 -1.638504450239
1830  4.575000 -1.639109809041
1831  4.577500 -1.639724152747
1832  4.580000 -1.640349673964
1833  4.582500 -1.640989006080
1834  4.585000 -1.641645175488
1835  4.587500 -1.642321468822
1836  4.590000 -1.643021257513
1837  4.592500 -1.643747699423
1838  4.595000 -1.644503345307
1839  4.597500 -1.645289604592
1840  4.600000 -1.646105957496
1841  4.602500 -1.646949249424
1842  4.605000 -1.647812998116
1843  4.607500 -1.648687468493
1844  4.610000 -1.649561000244
1845  4.612500 -1.650421959940
1846  4.615000 -1.651260842350
1847  4.617500 -1.652071552145
1848  4.620000 -1.652851375817
1849  4.622500 -1.653600403985
1850  4.625000 -1.654320722650
1851  4.627500 -1.655015672668
1852  4.630000 -1.655689341567
1853  4.632500 -1.656346232870
1854  4.635000 -1.656990980685
1855  4.637500 -1.657628163678
1856  4.640000 -1.658262226343
1857  4.642500 -1.658897321916
1858  4.645000 -1.659537252958
1859  4.647500 -1.660185339980
1860  4.650000 -1.660844263652
1861  4.652500 -1.661515967170
1862  4.655000 -1.662201382458
1863  4.657500 -1.662900421258
1864  4.660000 -1.663611827284
1865  4.662500 -1.664333288666
1866  4.665000 -1.665061563011
1867  4.667500 -1.665792935866
1868  4.670000 -1.666523645802
1869  4.672500 -1.667250377506
1870  4.675000 -1.667970608686
1871  4.677500 -1.668682732180
1872  4.680000 -1.669386067335
1873  4.682500 -1.670080803475
1874  4.685000 -1.670767756579
1875  4.687500 -1.671448127445
1876  4.690000 -1.672123379800
1877  4.692500 -1.672794997767
1878  4.695000 -1.673464313733
1879  4.697500 -1.674132376562
1880  4.700000 -1.674799877288
1881  4.702500 -1.675467053600
1882  4.705000 -1.676133719927
1883  4.707500 -1.676799296476
1884  4.710000 -1.677462969053
1885  4.712500 -1.678123770770
1886  4.715000 -1.678780752344
1887  4.717500 -1.679433284363
1888  4.720000 -1.680081035512
1889  4.722500 -1.680724095153
1890  4.725000 -1.681363053976
1891  4.727500 -1.681999005270
1892  4.730000 -1.682633392260
1893  4.732500 -1.683268003210
1894  4.735000 -1.683904890688
1895  4.737500 -1.684546213301
1896  4.740000 -1.685194152912
1897  4.742500 -1.685850741820
1898  4.745000 -1.686517748727
1899  4.747500 -1.687196445362
1900  4.750000 -1.687887575428
1901  4.752500 -1.688591046867
1902  4.755000 -1.689305990428
1903  4.757500 -1.690030628783
1904  4.760000 -1.690762455661
1905  4.762500 -1.691498479632
1906  4.765000 -1.692235527910
1907  4.767500 -1.692970696303
1908  4.770000 -1.693701603480
1909  4.772500 -1.694426708558
1910  4.775000 -1.695145246350
1911  4.777500 -1.695857421725
1912  4.780000 -1.696564127960
1913  4.782500 -1.697266869948
1914  4.785000 -1.697967536842
1915  4.787500 -1.698668178029
1916  4.790000 -1.699370865546
1917  4.792500 -1.700077537405
1918  4.795000 -1.700789768043
1919  4.797500 -1.701508582460
1920  4.800000 -1.702234362367
1921  4.802500 -1.702966653156
1922  4.805000 -1.703704229762
1923  4.807500 -1.704445157910
1924  4.810000 -1.705186965413
1925  4.812500 -1.705926986363
1926  4.815000 -1.706662650119
1927  4.817500 -1.707391870043
1928  4.820000 -1.708113205661
1929  4.822500 -1.708826052487
1930  4.825000 -1.709530624416
1931  4.827500 -1.710227843962
1932  4.830000 -1.710919244868
1933  4.832500 -1.711606797704
1934  4.835000 -1.712292710035
1935  4.837500 -1.712979256466
1936  4.840000 -1.713668622307
1937  4.842500 -1.714362717887
1938  4.845000 -1.715062853600
1939  4.847500 -1.715769678879
1940  4.850000 -1.716483056781
1941  4.852500 -1.717201865349
1942  4.855000 -1.717924016582
1943  4.857500 -1.718646589935
1944  4.860000 -1.719366216099
1945  4.862500 -1.720079429068
1946  4.865000 -1.720783172088
1947  4.867500 -1.721475101311
1948  4.870000 -1.722153813219
1949  4.872500 -1.722818905238
1950  4.875000 -1.723470975376
1951  4.877500 -1.724111421914
1952  4.880000 -1.724742247452
1953  4.882500 -1.725366011717
1954  4.885000 -1.725985614839
1955  4.887500 -1.726604117902
1956  4.890000 -1.727224731191
1957  4.892500 -1.727850580386
1958  4.895000 -1.728484654222
1959  4.897500 -1.729129656018
1960  4.900000 -1.729787899080
1961  4.902500 -1.730461150278
1962  4.905000 -1.731150387575
1963  4.907500 -1.731855670213
1964  4.910000 -1.732575912345
1965  4.912500 -1.733309000558
1966  4.915000 -1.734051770744
1967  4.917500 -1.734800310530
1968  4.920000 -1.735550325794
1969  4.922500 -1.736297768218
1970  4.925000 -1.737039043513
1971  4.927500 -1.737771394227
1972  4.930000 -1.738493003151
1973  4.932500 -1.739202817482
1974  4.935000 -1.739900535789
1975  4.937500 -1.740586258136
1976  4.940000 -1.741260392690
1977  4.942500 -1.741923478408
1978  4.945000 -1.742576077953
1979  4.947500 -1.743218679468
1980  4.950000 -1.743851675977
1981  4.952500 -1.744475405508
1982  4.955000 -1.745090181179
1983  4.957500 -1.745696313876
1984  4.960000 -1.746294299860
1985  4.962500 -1.746884884148
1986  4.965000 -1.747469064353
1987  4.967500 -1.748048182004
1988  4.970000 -1.748623945498
1989  4.972500 -1.749198535042
1990  4.975000 -1.749774488031
1991  4.977500 -1.750354738701
1992  4.980000 -1.750942562216
1993  4.982500 -1.751541593482
1994  4.985000 -1.752155744875
1995  4.987500 -1.752789150026
1996  4.990000 -1.753445996363
1997  4.992500 -1.754130419638
1998  4.995000 -1.754846062301
1999  4.997500 -1.755595419606
2000  5.000000 -1.756379005612
2001  5.002500 -1.757194131221
2002  5.005000 -1.758033629299
2003  5.007500 -1.758885456612
2004  5.010000 -1.759734385950
2005  5.012500 -1.760565338294
2006  5.015000 -1.761366676608
2007  5.017500 -1.762131646035
2008  5.020000 -1.762858044375
2009  5.022500 -1.763546913698
2010  5.025000 -1.764201425042
2011  5.027500 -1.764825859432
2012  5.030000 -1.765425073673
2013  5.032500 -1.766004188048
2014  5.035000 -1.766568402357
2015  5.037500 -1.767122870035
2016  5.040000 -1.767672658872
2017  5.042500 -1.768222741911
2018  5.045000 -1.768777931434
2019  5.047500 -1.769342946611
2020  5.050000 -1.769922228537
2021  5.052500 -1.770519913190
2022  5.055000 -1.771139656487
2023  5.057500 -1.771784527330
2024  5.060000 -1.772456514446
2025  5.062500 -1.773156282894
2026  5.065000 -1.773882758574
2027  5.067500 -1.774632773712
2028  5.070000 -1.775401068829
2029  5.072500 -1.776180780845
2030  5.075000 -1.776964508620
2031  5.077500 -1.777745426372
2032  5.080000 -1.778518327399
2033  5.082500 -1.779280093234
2034  5.085000 -1.780029631652
2035  5.087500 -1.780767621187
2036  5.090000 -1.781495933761
2037  5.092500 -1.782217295956
2038  5.095000 -1.782934800026
2039  5.097500 -1.783651752223
2040  5.100000 -1.784371356335
2041  5.102500 -1.785096426760
2042  5.105000 -1.785829259485
2043  5.107500 -1.786571207020
2044  5.110000 -1.787322549609
2045  5.112500 -1.788082219899
2046  5.115000 -1.788847760148
2047  5.117500 -1.789615437531
2048  5.120000 -1.790380590838
2049  5.122500 -1.791138250586
2050  5.125000 -1.791883869949
2051  5.127500 -1.792613830466
2052  5.130000 -1.793325688241
2053  5.132500 -1.794018352927
2054  5.135000 -1.794691868980
2055  5.137500 -1.795347246011
2056  5.140000 -1.795986177284
2057  5.142500 -1.796610897216
2058  5.145000 -1.797223928561
2059  5.147500 -1.797827993791
2060  5.150000 -1.798425966181
2061  5.152500 -1.799020681692
2062  5.155000 -1.799615003191
2063  5.157500 -1.800211790547
2064  5.160000 -1.800813754951
2065  5.162500 -1.801423610819
2066  5.165000 -1.802043913816
2067  5.167500 -1.802677074839
2068  5.170000 -1.803325328467
2069  5.172500 -1.803990629024
2070  5.175000 -1.804674605938
2071  5.177500 -1.805378325539
2072  5.180000 -1.806102249351
2073  5.182500 -1.806845950665
2074  5.185000 -1.807607711101
2075  5.187500 -1.808384529200
2076  5.190000 -1.809171869763
2077  5.192500 -1.809963945232
2078  5.195000 -1.810754280727
2079  5.197500 -1.811536362127
2080  5.200000 -1.812304406393
2081  5.202500 -1.813054022101
2082  5.205000 -1.813782401539
2083  5.207500 -1.814488287948
2084  5.210000 -1.815171816714
2085  5.212500 -1.815834242628
2086  5.215000 -1.816477648268
2087  5.217500 -1.817104803053
2088  5.220000 -1.817718935898
2089  5.222500 -1.818323623732
2090  5.225000 -1.818922732457
2091  5.227500 -1.819520407306
2092  5.230000 -1.820121021425
2093  5.232500 -1.820729155512
2094  5.235000 -1.821349565622
2095  5.237500 -1.821987229359
2096  5.240000 -1.822647254267
2097  5.242500 -1.823334896314
2098  5.245000 -1.824055335993
2099  5.247500 -1.824813302860
2100  5.250000 -1.825612468504
2101  5.252500 -1.826454322622
2102  5.255000 -1.827336387438
2103  5.257500 -1.828250454852
2104  5.260000 -1.829181640704
2105  5.262500 -1.830110821335
2106  5.265000 -1.831020048005
2107  5.267500 -1.831896807177
2108  5.270000 -1.832735271876
2109  5.272500 -1.833534933895
2110  5.275000 -1.834298415399
2111  5.277500 -1.835030036732
2112  5.280000 -1.835734967150
2113  5.282500 -1.836418525529
2114  5.285000 -1.837085958059
2115  5.287500 -1.837742214774
2116  5.290000 -1.838391893665
2117  5.292500 -1.839039055545
2118  5.295000 -1.839687134240
2119  5.297500 -1.840338656197
2120  5.300000 -1.840995208552
2121  5.302500 -1.841657150805
2122  5.305000 -1.842323505012
2123  5.307500 -1.842991953849
2124  5.310000 -1.843659146572
2125  5.312500 -1.844321026395
2126  5.315000 -1.844973526140
2127  5.317500 -1.845613124883
2128  5.320000 -1.846237352369
2129  5.322500 -1.846844938184
2130  5.325000 -1.847435907933
2131  5.327500 -1.848011350049
2132  5.330000 -1.848573212177
2133  5.332500 -1.849124241130
2134  5.335000 -1.849667679861
2135  5.337500 -1.850207078749
2136  5.340000 -1.850746351226
2137  5.342500 -1.851289499320
2138  5.345000 -1.851840666053
2139  5.347500 -1.852404052292
2140  5.350000 -1.852983753852
2141  5.352500 -1.853583760251
2142  5.355000 -1.854207597260
2143  5.357500 -1.854858059540
2144  5.360000 -1.855536864864
2145  5.362500 -1.856243965125
2146  5.365000 -1.856976984972
2147  5.367500 -1.857730686542
2148  5.370000 -1.858497245282
2149  5.372500 -1.859267156619
2150  5.375000 -1.860030961829
2151  5.377500 -1.860781059442
2152  5.380000 -1.861512617134
2153  5.382500 -1.862223517543
2154  5.385000 -1.862913994271
2155  5.387500 -1.863585913997
2156  5.390000 -1.864242230404
2157  5.392500 -1.864886594127
2158  5.395000 -1.865522905145
2159  5.397500 -1.866155317756
2160  5.400000 -1.866787740897
2161  5.402500 -1.867424046104
2162  5.405000 -1.868067825858
2163  5.407500 -1.868722248909
2164  5.410000 -1.869389942407
2165  5.412500 -1.870072751106
2166  5.415000 -1.870771516827
2167  5.417500 -1.871485987719
2168  5.420000 -1.872214556161
2169  5.422500 -1.872954385185
2170  5.425000 -1.873701605843
2171  5.427500 -1.874451757531
2172  5.430000 -1.875200438430
2173  5.432500 -1.875944034530
2174  5.435000 -1.876679811654
2175  5.437500 -1.877406212317
2176  5.440000 -1.878122922592
2177  5.442500 -1.878830469042
2178  5.445000 -1.879530099494
2179  5.447500 -1.880223502285
2180  5.450000 -1.880912599394
2181  5.452500 -1.881599336473
2182  5.455000 -1.882285507080
2183  5.457500 -1.882972684070
2184  5.460000 -1.883661958764
2185  5.462500 -1.884354048883
2186  5.465000 -1.885048971266
2187  5.467500 -1.885746267527
2188  5.470000 -1.886444890257
2189  5.472500 -1.887143375332
2190  5.475000 -1.887840035953
2191  5.477500 -1.888533131779
2192  5.480000 -1.889221065897
2193  5.482500 -1.889902566949
2194  5.485000 -1.890576770841
2195  5.487500 -1.891243249133
2196  5.490000 -1.891902012444
2197  5.492500 -1.892553464239
2198  5.495000 -1.893198392968
2199  5.497500 -1.893837763992
2200  5.500000 -1.894472729416
2201  5.502500 -1.895104588521
2202  5.505000 -1.895734608707
2203  5.507500 -1.896364148785
2204  5.510000 -1.896994458364
2205  5.512500 -1.897626726266
2206  5.515000 -1.898262096427
2207  5.517500 -1.898901612147
2208  5.520000 -1.899546244364
2209  5.522500 -1.900196870625
2210  5.525000 -1.900854344058
2211  5.527500 -1.901519347584
2212  5.530000 -1.902192462281
2213  5.532500 -1.902874087938
2214  5.535000 -1.903564430152
2215  5.537500 -1.904263373755
2216  5.540000 -1.904970447736
2217  5.542500 -1.905684727719
2218  5.545000 -1.906404748699
2219  5.547500 -1.907128550167
2220  5.550000 -1.907853778510
2221  5.552500 -1.908577836212
2222  5.555000 -1.909298044081
2223  5.557500 -1.910011989764
2224  5.560000 -1.910717634546
2225  5.562500 -1.911413685667
2226  5.565000 -1.912099558383
2227  5.567500 -1.912775455133
2228  5.570000 -1.913442345278
2229  5.572500 -1.914101891035
2230  5.575000 -1.914756274605
2231  5.577500 -1.915408262973
2232  5.580000 -1.916061007915
2233  5.582500 -1.916718062015
2234  5.585000 -1.917383190266
2235  5.587500 -1.918060475095
2236  5.590000 -1.918754018755
2237  5.592500 -1.919467941409
2238  5.595000 -1.920206001821
2239  5.597500 -1.920971217645
2240  5.600000 -1.921765194542
2241  5.602500 -1.922586928034
2242  5.605000 -1.923431719516
2243  5.607500 -1.924290527875
2244  5.610000 -1.925150568802
2245  5.612500 -1.925997881304
2246  5.615000 -1.926820765255
2247  5.617500 -1.927611748949
2248  5.620000 -1.928367718981
2249  5.622500 -1.929088957428
2250  5.625000 -1.929777989051
2251  5.627500 -1.930438684298
2252  5.630000 -1.931075594541
2253  5.632500 -1.931693640098
2254  5.635000 -1.932297862936
2255  5.637500 -1.932893374036
2256  5.640000 -1.933485318358
2257  5.642500 -1.934078812331
2258  5.645000 -1.934678985781
2259  5.647500 -1.935290932623
2260  5.650000 -1.935919652215
2261  5.652500 -1.936569987242
2262  5.655000 -1.937246364657
2263  5.657500 -1.937952424694
2264  5.660000 -1.938690413931
2265  5.662500 -1.939460071018
2266  5.665000 -1.940257682920
2267  5.667500 -1.941075017356
2268  5.670000 -1.941899817178
2269  5.672500 -1.942718157912
2270  5.675000 -1.943517959893
2271  5.677500 -1.944291082520
2272  5.680000 -1.945033812742
2273  5.682500 -1.945745965254
2274  5.685000 -1.946429716929
2275  5.687500 -1.947088526130
2276  5.690000 -1.947726616539
2277  5.692500 -1.948348417488
2278  5.695000 -1.948958471887
2279  5.697500 -1.949561232225
2280  5.700000 -1.950160997798
2281  5.702500 -1.950761779392
2282  5.705000 -1.951367291758
2283  5.707500 -1.951980828817
2284  5.710000 -1.952605195302
2285  5.712500 -1.953242576666
2286  5.715000 -1.953894265021
2287  5.717500 -1.954560515495
2288  5.720000 -1.955240446691
2289  5.722500 -1.955932005309
2290  5.725000 -1.956632011102
2291  5.727500 -1.957336674089
2292  5.730000 -1.958042075079
2293  5.732500 -1.958744575228
2294  5.735000 -1.959441444646
2295  5.737500 -1.960131021405
2296  5.740000 -1.960812823144
2297  5.742500 -1.961487263153
2298  5.745000 -1.962155578411
2299  5.747500 -1.962819683603
2300  5.750000 -1.963481907224
2301  5.752500 -1.964144680271
2302  5.755000 -1.964810548649
2303  5.757500 -1.965481955167
2304  5.760000 -1.966161126369
2305  5.762500 -1.966849919168
2306  5.765000 -1.967549570602
2307  5.767500 -1.968260680505
2308  5.770000 -1.968982905838
2309  5.772500 -1.969715008713
2310  5.775000 -1.970454742808
2311  5.777500 -1.971199030963
2312  5.780000 -1.971944251389
2313  5.782500 -1.972686701094
2314  5.785000 -1.973422848288
2315  5.787500 -1.974149857992
2316  5.790000 -1.974865697819
2317  5.792500 -1.975569147062
2318  5.795000 -1.976259718908
2319  5.797500 -1.976937601135
2320  5.800000 -1.977603409272
2321  5.802500 -1.978258159816
2322  5.805000 -1.978903013668
2323  5.807500 -1.979539377605
2324  5.810000 -1.980168756320
2325  5.812500 -1.980792645971
2326  5.815000 -1.981412625702
2327  5.817500 -1.982030341260
2328  5.820000 -1.982647538607
2329  5.822500 -1.983265891871
2330  5.825000 -1.983887389161
2331  5.827500 -1.984514007022
2332  5.830000 -1.985147912350
2333  5.832500 -1.985791393296
2334  5.835000 -1.986446937696
2335  5.837500 -1.987117076282
2336  5.840000 -1.987804400468
2337  5.842500 -1.988511342113
2338  5.845000 -1.989240139845
2339  5.847500 -1.989992343460
2340  5.850000 -1.990768550091
2341  5.852500 -1.991567538623
2342  5.855000 -1.992385888817
2343  5.857500 -1.993217404070
2344  5.860000 -1.994053579558
2345  5.862500 -1.994884478467
2346  5.865000 -1.995700764951
2347  5.867500 -1.996495210292
2348  5.870000 -1.997263507506
2349  5.872500 -1.998003985687
2350  5.875000 -1.998717017913
2351  5.877500 -1.999404426359
2352  5.880000 -2.000069089073
2353  5.882500 -2.000714338546
2354  5.885000 -2.001343878860
2355  5.887500 -2.001961469618
2356  5.890000 -2.002570967350
2357  5.892500 -2.003176183190
2358  5.895000 -2.003780790170
2359  5.897500 -2.004388465242
2360  5.900000 -2.005002584247
2361  5.902500 -2.005626372280
2362  5.905000 -2.006262680670
2363  5.907500 -2.006913868211
2364  5.910000 -2.007581585487
2365  5.912500 -2.008266715104
2366  5.915000 -2.008968962575
2367  5.917500 -2.009686759661
2368  5.920000 -2.010417279023
2369  5.922500 -2.011156545552
2370  5.925000 -2.011900026512
2371  5.927500 -2.012643064326
2372  5.930000 -2.013381528198
2373  5.932500 -2.014112359217
2374  5.935000 -2.014833671766
2375  5.937500 -2.015544640511
2376  5.940000 -2.016245307452
2377  5.942500 -2.016936475363
2378  5.945000 -2.017619213520
2379  5.947500 -2.018294765351
2380  5.950000 -2.018964317748
2381  5.952500 -2.019628734417
2382  5.955000 -2.020288598284
2383  5.957500 -2.020944094669
2384  5.960000 -2.021594938067
2385  5.962500 -2.022240501380
2386  5.965000 -2.022879931769
2387  5.967500 -2.023512292531
2388  5.970000 -2.024136853441
2389  5.972500 -2.024753047003
2390  5.975000 -2.025360816990
2391  5.977500 -2.025960592645
2392  5.980000 -2.026553194017
2393  5.982500 -2.027140012496
2394  5.985000 -2.027722904424
2395  5.987500 -2.028304183676
2396  5.990000 -2.028886415279
2397  5.992500 -2.029472582128
2398  5.995000 -2.030065902509
2399  5.997500 -2.030669791648
2400  6.000000 -2.031287921905
2401  6.002500 -2.031923993620
2402  6.005000 -2.032581741445
2403  6.007500 -2.033264606625
2404  6.010000 -2.033975649795
2405  6.012500 -2.034716950027
2406  6.015000 -2.035488848093
2407  6.017500 -2.036289059909
2408  6.020000 -2.037111848058
2409  6.022500 -2.037948127950
2410  6.025000 -2.038786171412
2411  6.027500 -2.039614608280
2412  6.030000 -2.040424605430
2413  6.032500 -2.041210830452
2414  6.035000 -2.041971317952
2415  6.037500 -2.042706603288
2416  6.040000 -2.043418968113
2417  6.042500 -2.044111468873
2418  6.045000 -2.044787586815
2419  6.047500 -2.045450841111
2420  6.050000 -2.046104730368
2421  6.052500 -2.046752527898
2422  6.055000 -2.047397121797
2423  6.057500 -2.048040977334
2424  6.060000 -2.048686019389
2425  6.062500 -2.049333643490
2426  6.065000 -2.049984681342
2427  6.067500 -2.050639109970
2428  6.070000 -2.051296425704
2429  6.072500 -2.051955585796
2430  6.075000 -2.052615135999
2431  6.077500 -2.053273659421
2432  6.080000 -2.053929812118
2433  6.082500 -2.054582561634
2434  6.085000 -2.055231372922
2435  6.087500 -2.055876322630
2436  6.090000 -2.056518095543
2437  6.092500 -2.057157825229
2438  6.095000 -2.057797077526
2439  6.097500 -2.058437707829
2440  6.100000 -2.059081841041
2441  6.102500 -2.059731710816
2442  6.105000 -2.060389514795
2443  6.107500 -2.061057178340
2444  6.110000 -2.061736326778
2445  6.112500 -2.062427932723
2446  6.115000 -2.063132203321
2447  6.117500 -2.063848360327
2448  6.120000 -2.064574503306
2449  6.122500 -2.065307707180
2450  6.125000 -2.066044058138
2451  6.127500 -2.066779238023
2452  6.130000 -2.067509073945
2453  6.132500 -2.068230083153
2454  6.135000 -2.068939767129
2455  6.137500 -2.069636736854
2456  6.140000 -2.070320736124
2457  6.142500 -2.070992294042
2458  6.145000 -2.071652750113
2459  6.147500 -2.072303736487
2460  6.150000 -2.072947219655
2461  6.152500 -2.073585395756
2462  6.155000 -2.074220398806
2463  6.157500 -2.074854451886
2464  6.160000 -2.075489641679
2465  6.162500 -2.076127763549
2466  6.165000 -2.076770437065
2467  6.167500 -2.077419138274
2468  6.170000 -2.078074964560
2469  6.172500 -2.078738820804
2470  6.175000 -2.079411253589
2471  6.177500 -2.080092714319
2472  6.180000 -2.080783406238
2473  6.182500 -2.081483340748
2474  6.185000 -2.082192575357
2475  6.187500 -2.082910951528
2476  6.190000 -2.083638390121
2477  6.192500 -2.084374777567
2478  6.195000 -2.085119871693
2479  6.197500 -2.085873222577
2480  6.200000 -2.086634140180
2481  6.202500 -2.087401535950
2482  6.205000 -2.088173587865
2483  6.207500 -2.088947956721
2484  6.210000 -2.089721778002
2485  6.212500 -2.090491741517
2486  6.215000 -2.091254442585
2487  6.217500 -2.092006838878
2488  6.220000 -2.092746392660
2489  6.222500 -2.093471354731
2490  6.225000 -2.094180788264
2491  6.227500 -2.094874707502
2492  6.230000 -2.095553893533
2493  6.232500 -2.096219647678
2494  6.235000 -2.096873813660
2495  6.237500 -2.097518587181
2496  6.240000 -2.098156481437
2497  6.242500 -2.098790036912
2498  6.245000 -2.099422055850
2499  6.247500 -2.100055273595
2500  6.250000 -2.100692308725
2501  6.252500 -2.101335656071
2502  6.255000 -2.101987485831
2503  6.257500 -2.102649679113
2504  6.260000 -2.103323503534
2505  6.262500 -2.104009480681
2506  6.265000 -2.104707249414
2507  6.267500 -2.105415437646
2508  6.270000 -2.106131611752
2509  6.272500 -2.106852543958
2510  6.275000 -2.107574491849
2511  6.277500 -2.108293685102
2512  6.280000 -2.109006869708
2513  6.282500 -2.109711553764
2514  6.285000 -2.110406297043
2515  6.287500 -2.111090559388
2516  6.290000 -2.111764741546
2517  6.292500 -2.112429788079
2518  6.295000 -2.113087167324
2519  6.297500 -2.113738563917
2520  6.300000 -2.114385875484
2521  6.302500 -2.115030901304
2522  6.305000 -2.115675401718
2523  6.307500 -2.116320791856
2524  6.310000 -2.116968238588
2525  6.312500 -2.117618503164
2526  6.315000 -2.118271973537
2527  6.317500 -2.118928505247
2528  6.320000 -2.119587651391
2529  6.322500 -2.120248556428
2530  6.325000 -2.120910251877
2531  6.327500 -2.121571704158
2532  6.330000 -2.122232025068
2533  6.332500 -2.122890538262
2534  6.335000 -2.123546939117
2535  6.337500 -2.124201242811
2536  6.340000 -2.124853889242
2537  6.342500 -2.125505488282
2538  6.345000 -2.126156992049
2539  6.347500 -2.126809383342
2540  6.350000 -2.127463642261
2541  6.352500 -2.128120713531
2542  6.355000 -2.128781260273
2543  6.357500 -2.129445577869
2544  6.360000 -2.130113595042
2545  6.362500 -2.130784705358
2546  6.365000 -2.131457895271
2547  6.367500 -2.132131737692
2548  6.370000 -2.132804620687
2549  6.372500 -2.133474995373
2550  6.375000 -2.134141413831
2551  6.377500 -2.134802889497
2552  6.380000 -2.135458927403
2553  6.382500 -2.136109660591
2554  6.385000 -2.136755801368
2555  6.387500 -2.137398555262
2556  6.390000 -2.138039535228
2557  6.392500 -2.138680835404
2558  6.395000 -2.139324680994
2559  6.397500 -2.139973551406
2560  6.400000 -2.140629847994
2561  6.402500 -2.141295893325
2562  6.405000 -2.141973698671
2563  6.407500 -2.142664635100
2564  6.410000 -2.143369201566
2565  6.412500 -2.144086935573
2566  6.415000 -2.144815836858
2567  6.417500 -2.145552497062
2568  6.420000 -2.146292191287
2569  6.422500 -2.147029724035
2570  6.425000 -2.147759986602
2571  6.427500 -2.148478787672
2572  6.430000 -2.149183411811
2573  6.432500 -2.149872575152
2574  6.435000 -2.150546480954
2575  6.437500 -2.151206424758
2576  6.440000 -2.151854533956
2577  6.442500 -2.152493395601
2578  6.445000 -2.153126067691
2579  6.447500 -2.153755802596
2580  6.450000 -2.154385899786
2581  6.452500 -2.155019663138
2582  6.455000 -2.155660264154
2583  6.457500 -2.156310538294
2584  6.460000 -2.156972832748
2585  6.462500 -2.157648711531
2586  6.465000 -2.158338620437
2587  6.467500 -2.159041667404
2588  6.470000 -2.159755351258
2589  6.472500 -2.160475414863
2590  6.475000 -2.161196500097
2591  6.477500 -2.161912896141
2592  6.480000 -2.162619407364
2593  6.482500 -2.163312235215
2594  6.485000 -2.163989129274
2595  6.487500 -2.164649535001
2596  6.490000 -2.165294245316
2597  6.492500 -2.165925164997
2598  6.495000 -2.166544828389
2599  6.497500 -2.167156334272
2600  6.500000 -2.167762977413
2601  6.502500 -2.168368549633
2602  6.505000 -2.168976798290
2603  6.507500 -2.169591592287
2604  6.510000 -2.170216872527
2605  6.512500 -2.170856637719
2606  6.515000 -2.171514830271
2607  6.517500 -2.172195092078
2608  6.520000 -2.172900599860
2609  6.522500 -2.173633535645
2610  6.525000 -2.174394519708
2611  6.527500 -2.175181645440
2612  6.530000 -2.175989668532
2613  6.532500 -2.176809763447
2614  6.535000 -2.177630810916
2615  6.537500 -2.178441792519
2616  6.540000 -2.179233903967
2617  6.542500 -2.180001961235
2618  6.545000 -2.180744002222
2619  6.547500 -2.181460501406
2620  6.550000 -2.182153440364
2621  6.552500 -2.182825560209
2622  6.555000 -2.183480071860
2623  6.557500 -2.184120298309
2624  6.560000 -2.184749609210
2625  6.562500 -2.185371260717
2626  6.565000 -2.185988383279
2627  6.567500 -2.186603957153
2628  6.570000 -2.187220897045
2629  6.572500 -2.187841862551
2630  6.575000 -2.188469398747
2631  6.577500 -2.189105924337
2632  6.580000 -2.189753633840
2633  6.582500 -2.190414681914
2634  6.585000 -2.191090853690
2635  6.587500 -2.191783834199
2636  6.590000 -2.192494839307
2637  6.592500 -2.193224727192
2638  6.595000 -2.193973578229
2639  6.597500 -2.194740686190
2640  6.600000 -2.195524478545
2641  6.602500 -2.196322051066
2642  6.605000 -2.197129333061
2643  6.607500 -2.197941101962
2644  6.610000 -2.198751656582
2645  6.612500 -2.199555643219
2646  6.615000 -2.200348335142
2647  6.617500 -2.201126376222
2648  6.620000 -2.201887597794
2649  6.622500 -2.202631163966
2650  6.625000 -2.203357300043
2651  6.627500 -2.204067115092
2652  6.630000 -2.204762297625
2653  6.632500 -2.205444941338
2654  6.635000 -2.206117393096
2655  6.637500 -2.206782218909
2656  6.640000 -2.207442062485
2657  6.642500 -2.208099703658
2658  6.645000 -2.208757829477
2659  6.647500 -2.209418993984
2660  6.650000 -2.210085543507
2661  6.652500 -2.210759406532
2662  6.655000 -2.211442219591
2663  6.657500 -2.212134904498
2664  6.660000 -2.212837517567
2665  6.662500 -2.213549145764
2666  6.665000 -2.214267807399
2667  6.667500 -2.214990610620
2668  6.670000 -2.215713985079
2669  6.672500 -2.216434114304
2670  6.675000 -2.217147654752
2671  6.677500 -2.217852001848
2672  6.680000 -2.218545656626
2673  6.682500 -2.219228229780
2674  6.685000 -2.219900362618
2675  6.687500 -2.220563476029
2676  6.690000 -2.221219631971
2677  6.692500 -2.221871352911
2678  6.695000 -2.222521493742
2679  6.697500 -2.223173185519
2680  6.700000 -2.223829386423
2681  6.702500 -2.224493292939
2682  6.705000 -2.225167714076
2683  6.707500 -2.225854873659
2684  6.710000 -2.226556381431
2685  6.712500 -2.227272627629
2686  6.715000 -2.228002387800
2687  6.717500 -2.228742494955
2688  6.720000 -2.229487710172
2689  6.722500 -2.230231476012
2690  6.725000 -2.230966921166
2691  6.727500 -2.231688042000
2692  6.730000 -2.232390665206
2693  6.732500 -2.233072539013
2694  6.735000 -2.233733372318
2695  6.737500 -2.234374287253
2696  6.740000 -2.234997394392
2697  6.742500 -2.235605465330
2698  6.745000 -2.236201640891
2699  6.747500 -2.236789352875
2700  6.750000 -2.237372179239
2701  6.752500 -2.237953699375
2702  6.755000 -2.238537608511
2703  6.757500 -2.239127548298
2704  6.760000 -2.239727105708
2705  6.762500 -2.240339779383
2706  6.765000 -2.240968866734
2707  6.767500 -2.241617257852
2708  6.770000 -2.242287368679
2709  6.772500 -2.242980687762
2710  6.775000 -2.243697337961
2711  6.777500 -2.244435567026
2712  6.780000 -2.245191467885
2713  6.782500 -2.245959299034
2714  6.785000 -2.246731773047
2715  6.787500 -2.247501691390
2716  6.790000 -2.248263144353
2717  6.792500 -2.249012235295
2718  6.795000 -2.249747139277
2719  6.797500 -2.250467958936
2720  6.800000 -2.251175909452
2721  6.802500 -2.251873070655
2722  6.805000 -2.252561925016
2723  6.807500 -2.253245199886
2724  6.810000 -2.253925431160
2725  6.812500 -2.254604937497
2726  6.815000 -2.255285614050
2727  6.817500 -2.255968802282
2728  6.820000 -2.256655121330
2729  6.822500 -2.257344570831
2730  6.825000 -2.258036139634
2731  6.827500 -2.258728222011
2732  6.830000 -2.259418593073
2733  6.832500 -2.260104851707
2734  6.835000 -2.260784648304
2735  6.837500 -2.261456058007
2736  6.840000 -2.262117817143
2737  6.842500 -2.262769419462
2738  6.845000 -2.263411038036
2739  6.847500 -2.264043562876
2740  6.850000 -2.264668298753
2741  6.852500 -2.265287017205
2742  6.855000 -2.265901725964
2743  6.857500 -2.266514626439
2744  6.860000 -2.267127955344
2745  6.862500 -2.267743924360
2746  6.865000 -2.268364693434
2747  6.867500 -2.268992303454
2748  6.870000 -2.269628581553
2749  6.872500 -2.270274855412
2750  6.875000 -2.270932079850
2751  6.877500 -2.271600487273
2752  6.880000 -2.272279648378
2753  6.882500 -2.272968453553
2754  6.885000 -2.273664845195
2755  6.887500 -2.274366304292
2756  6.890000 -2.275069916408
2757  6.892500 -2.275772681199
2758  6.895000 -2.276471873591
2759  6.897500 -2.277165358414
2760  6.900000 -2.277851657199
2761  6.902500 -2.278529998834
2762  6.905000 -2.279200207408
2763  6.907500 -2.279862656876
2764  6.910000 -2.280518074810
2765  6.912500 -2.281167547659
2766  6.915000 -2.281812317803
2767  6.917500 -2.282453728976
2768  6.920000 -2.283093140115
2769  6.922500 -2.283732122699
2770  6.925000 -2.284372144939
2771  6.927500 -2.285014654860
2772  6.930000 -2.285661148044
2773  6.932500 -2.286313033940
2774  6.935000 -2.286971742519
2775  6.937500 -2.287638635089
2776  6.940000 -2.288314926258
2777  6.942500 -2.289001846813
2778  6.945000 -2.289700265341
2779  6.947500 -2.290410800885
2780  6.950000 -2.291133558447
2781  6.952500 -2.291867965333
2782  6.955000 -2.292612892267
2783  6.957500 -2.293365878987
2784  6.960000 -2.294123663843
2785  6.962500 -2.294882386404
2786  6.965000 -2.295637832696
2787  6.967500 -2.296385767362
2788  6.970000 -2.297122736224
2789  6.972500 -2.297846458272
2790  6.975000 -2.298555690527
2791  6.977500 -2.299250140826
2792  6.980000 -2.299930637967
2793  6.982500 -2.300598653649
2794  6.985000 -2.301256321455
2795  6.987500 -2.301906227855
2796  6.990000 -2.302551088696
2797  6.992500 -2.303194082026
2798  6.995000 -2.303838524284
2799  6.997500 -2.304487873824
2800  7.000000 -2.305145563564
2801  7.002500 -2.305815276702
2802  7.005000 -2.306500405607
2803  7.007500 -2.307204161799
2804  7.010000 -2.307928956693
2805  7.012500 -2.308676156961
2806  7.015000 -2.309445169707
2807  7.017500 -2.310232336991
2808  7.020000 -2.311030944690
2809  7.022500 -2.311831286688
2810  7.025000 -2.312622748865
2811  7.027500 -2.313396448112
2812  7.030000 -2.314146417130
2813  7.032500 -2.314870067168
2814  7.035000 -2.315567510193
2815  7.037500 -2.316240605400
2816  7.040000 -2.316892387867
2817  7.042500 -2.317526282922
2818  7.045000 -2.318146161752
2819  7.047500 -2.318755898577
2820  7.050000 -2.319359454482
2821  7.052500 -2.319960800981
2822  7.055000 -2.320563812305
2823  7.057500 -2.321172272985
2824  7.060000 -2.321789719753
2825  7.062500 -2.322419547273
2826  7.065000 -2.323064808203
2827  7.067500 -2.323727840892
2828  7.070000 -2.324409871731
2829  7.072500 -2.325110845860
2830  7.075000 -2.325828573370
2831  7.077500 -2.326558696161
2832  7.080000 -2.327294867122
2833  7.082500 -2.328029744686
2834  7.085000 -2.328756492747
2835  7.087500 -2.329469981893
2836  7.090000 -2.330167096456
2837  7.092500 -2.330847131030
2838  7.095000 -2.331510917149
2839  7.097500 -2.332160409237
2840  7.100000 -2.332798555853
2841  7.102500 -2.333428587210
2842  7.105000 -2.334054076149
2843  7.107500 -2.334678679043
2844  7.110000 -2.335306187794
2845  7.112500 -2.335940310651
2846  7.115000 -2.336584915896
2847  7.117500 -2.337243399331
2848  7.120000 -2.337918841535
2849  7.122500 -2.338613592812
2850  7.125000 -2.339328730946
2851  7.127500 -2.340063614972
2852  7.130000 -2.340815178170
2853  7.132500 -2.341577614902
2854  7.135000 -2.342342778461
2855  7.137500 -2.343101955914
2856  7.140000 -2.343847560563
2857  7.142500 -2.344574224813
2858  7.145000 -2.345279408696
2859  7.147500 -2.345962715896
2860  7.150000 -2.346625482843
2861  7.152500 -2.347269850103
2862  7.155000 -2.347898828763
2863  7.157500 -2.348515526509
2864  7.160000 -2.349123309190
2865  7.162500 -2.349725504455
2866  7.165000 -2.350325493685
2867  7.167500 -2.350926624134
2868  7.170000 -2.351532147353
2869  7.172500 -2.352145186317
2870  7.175000 -2.352768819885
2871  7.177500 -2.353405910669
2872  7.180000 -2.354059166949
2873  7.182500 -2.354730873379
2874  7.185000 -2.355422732714
2875  7.187500 -2.356135871600
2876  7.190000 -2.356870037175
2877  7.192500 -2.357623807892
2878  7.195000 -2.358393599099
2879  7.197500 -2.359174220168
2880  7.200000 -2.359959104270
2881  7.202500 -2.360741163224
2882  7.205000 -2.361513976185
2883  7.207500 -2.362272574953
2884  7.210000 -2.363013652481
2885  7.212500 -2.363735458127
2886  7.215000 -2.364437560116
2887  7.217500 -2.365120473550
2888  7.220000 -2.365785225633
2889  7.222500 -2.366433233936
2890  7.225000 -2.367066225955
2891  7.227500 -2.367686012962
2892  7.230000 -2.368294535116
2893  7.232500 -2.368893682098
2894  7.235000 -2.369485595817
2895  7.237500 -2.370072347677
2896  7.240000 -2.370656091843
2897  7.242500 -2.371239099386
2898  7.245000 -2.371823707593
2899  7.247500 -2.372412287560
2900  7.250000 -2.373007334189
2901  7.252500 -2.373611325305
2902  7.255000 -2.374226869955
2903  7.257500 -2.374856564663
2904  7.260000 -2.375502951005
2905  7.262500 -2.376168359945
2906  7.265000 -2.376854809536
2907  7.267500 -2.377563523078
2908  7.270000 -2.378294761960
2909  7.272500 -2.379047048271
2910  7.275000 -2.379816836626
2911  7.277500 -2.380598561893
2912  7.280000 -2.381385030469
2913  7.282500 -2.382168463693
2914  7.285000 -2.382942098115
2915  7.287500 -2.383701274396
2916  7.290000 -2.384443458063
2917  7.292500 -2.385168081128
2918  7.295000 -2.385875989154
2919  7.297500 -2.386568831688
2920  7.300000 -2.387248918482
2921  7.302500 -2.387918806347
2922  7.305000 -2.388581146668
2923  7.307500 -2.389238413553
2924  7.310000 -2.389893088576
2925  7.312500 -2.390547241239
2926  7.315000 -2.391202759204
2927  7.317500 -2.391860931070
2928  7.320000 -2.392522683048
2929  7.322500 -2.393188396101
2930  7.325000 -2.393857863031
2931  7.327500 -2.394530470238
2932  7.330000 -2.395205079649
2933  7.332500 -2.395880323789
2934  7.335000 -2.396554800934
2935  7.337500 -2.397227456310
2936  7.340000 -2.397897440291
2937  7.342500 -2.398564383169
2938  7.345000 -2.399228487435
2939  7.347500 -2.399890481433
2940  7.350000 -2.400551454068
2941  7.352500 -2.401212821226
2942  7.355000 -2.401876427641
2943  7.357500 -2.402544203676
2944  7.360000 -2.403218112450
2945  7.362500 -2.403899986529
2946  7.365000 -2.404591440560
2947  7.367500 -2.405293654485
2948  7.370000 -2.406007038129
2949  7.372500 -2.406731192443
2950  7.375000 -2.407464610406
2951  7.377500 -2.408204626926
2952  7.380000 -2.408947841213
2953  7.382500 -2.409690082311
2954  7.385000 -2.410427236289
2955  7.387500 -2.411156053081
2956  7.390000 -2.411874049784
2957  7.392500 -2.412580053467
2958  7.395000 -2.413273905169
2959  7.397500 -2.413956360839
2960  7.400000 -2.414628658399
2961  7.402500 -2.415292726209
2962  7.405000 -2.415950573438
2963  7.407500 -2.416604392010
2964  7.410000 -2.417256495465
2965  7.412500 -2.417908936125
2966  7.415000 -2.418563725891
2967  7.417500 -2.419222566958
2968  7.420000 -2.419886777868
2969  7.422500 -2.420557311404
2970  7.425000 -2.421234570513
2971  7.427500 -2.421918499157
2972  7.430000 -2.422608642503
2973  7.432500 -2.423303974127
2974  7.435000 -2.424003198156
2975  7.437500 -2.424705038342
2976  7.440000 -2.425408176647
2977  7.442500 -2.426111850566
2978  7.445000 -2.426815444165
2979  7.447500 -2.427519198661
2980  7.450000 -2.428223555260
2981  7.452500 -2.428929510073
2982  7.455000 -2.429638169895
2983  7.457500 -2.430350931624
2984  7.460000 -2.431069127346
2985  7.462500 -2.431793774951
2986  7.465000 -2.432525327802
2987  7.467500 -2.433263584986
2988  7.470000 -2.434007079128
2989  7.472500 -2.434753455978
2990  7.475000 -2.435499158944
2991  7.477500 -2.436240024263
2992  7.480000 -2.436971757396
2993  7.482500 -2.437690640200
2994  7.485000 -2.438393940962
2995  7.487500 -2.439080108950
2996  7.490000 -2.439748886023
2997  7.492500 -2.440400772333
2998  7.495000 -2.441037058567
2999  7.497500 -2.441659732606
