#n  real_time  lyapunov_exponential
0  0.000000 -inf
1  0.002500 -0.003126103383
2  0.005000 -0.004378183486
3  0.007500 -0.006257666766
4  0.010000 -0.008609646062
5  0.012500 -0.011404532132
6  0.015000 -0.014633871551
7  0.017500 -0.018295458398
8  0.020000 -0.022389605302
9  0.022500 -0.026917892552
10  0.025000 -0.031882657644
11  0.027500 -0.037286751034
12  0.030000 -0.043133398966
13  0.032500 -0.049426111212
14  0.035000 -0.056168605643
15  0.037500 -0.063364735360
16  0.040000 -0.071018409054
17  0.042500 -0.079133497885
18  0.045000 -0.087713722368
19  0.047500 -0.096762512633
20  0.050000 -0.106282834175
21  0.052500 -0.116276970285
22  0.055000 -0.126746250166
23  0.057500 -0.137690709966
24  0.060000 -0.149108671710
25  0.062500 -0.160996222819
26  0.065000 -0.173346577181
27  0.067500 -0.186149298165
28  0.070000 -0.199389365510
29  0.072500 -0.213046073659
30  0.075000 -0.227091761463
31  0.077500 -0.241490394801
32  0.080000 -0.256196059283
33  0.082500 -0.271151471573
34  0.085000 -0.286286685458
35  0.087500 -0.301518245179
36  0.090000 -0.316749105278
37  0.092500 -0.331869661363
38  0.095000 -0.346760179029
39  0.097500 -0.361294734951
40  0.100000 -0.375346497819
41  0.102500 -0.388793838418
42  0.105000 -0.401526483916
43  0.107500 -0.413450841548
44  0.110000 -0.424493768658
45  0.112500 -0.434604408188
46  0.115000 -0.443754110589
47  0.117500 -0.451934787813
48  0.120000 -0.459156214796
49  0.122500 -0.465442807678
50  0.125000 -0.470830317246
51  0.127500 -0.475362741095
52  0.130000 -0.479089626362
53  0.132500 -0.482063831315
54  0.135000 -0.484339743993
55  0.137500 -0.485971916178
56  0.140000 -0.487014052727
57  0.142500 -0.487518292264
58  0.145000 -0.487534719151
59  0.147500 -0.487111054244
60  0.150000 -0.486292480701
61  0.152500 -0.485121569637
62  0.155000 -0.483638277774
63  0.157500 -0.481879995782
64  0.160000 -0.479881630930
65  0.162500 -0.477675711871
66  0.165000 -0.475292506460
67  0.167500 -0.472760146035
68  0.170000 -0.470104751392
69  0.172500 -0.467350557051
70  0.175000 -0.464520031501
71  0.177500 -0.461633991891
72  0.180000 -0.458711712139
73  0.182500 -0.455771023887
74  0.185000 -0.452828409998
75  0.187500 -0.449899090517
76  0.190000 -0.446997101160
77  0.192500 -0.444135364420
78  0.195000 -0.441325753591
79  0.197500 -0.438579149840
80  0.200000 -0.435905492686
81  0.202500 -0.433313824126
82  0.205000 -0.430812326644
83  0.207500 -0.428408355446
84  0.210000 -0.426108465167
85  0.212500 -0.423918431351
86  0.215000 -0.421843267045
87  0.217500 -0.419887234777
88  0.220000 -0.418053854366
89  0.222500 -0.416345906985
90  0.225000 -0.414765435902
91  0.227500 -0.413313744597
92  0.230000 -0.411991392840
93  0.232500 -0.410798191569
94  0.235000 -0.409733197520
95  0.237500 -0.408794708626
96  0.240000 -0.407980261423
97  0.242500 -0.407286631789
98  0.245000 -0.406709840430
99  0.247500 -0.406245164679
100  0.250000 -0.405887158006
101  0.252500 -0.405629678849
102  0.255000 -0.405465929916
103  0.257500 -0.405388509084
104  0.260000 -0.405389472491
105  0.262500 -0.405460410025
106  0.265000 -0.405592532807
107  0.267500 -0.405776771584
108  0.270000 -0.406003884375
109  0.272500 -0.406264570959
110  0.275000 -0.406549591396
111  0.277500 -0.406849885250
112  0.280000 -0.407156688063
113  0.282500 -0.407461641594
114  0.285000 -0.407756894621
115  0.287500 -0.408035191527
116  0.290000 -0.408289946416
117  0.292500 -0.408515301358
118  0.295000 -0.408706168039
119  0.297500 -0.408858252808
120  0.300000 -0.408968065843
121  0.302500 -0.409032915645
122  0.305000 -0.409050890525
123  0.307500 -0.409020829024
124  0.310000 -0.408942281254
125  0.312500 -0.408815463294
126  0.315000 -0.408641206503
127  0.317500 -0.408420903632
128  0.320000 -0.408156453243
129  0.322500 -0.407850203806
130  0.325000 -0.407504898540
131  0.327500 -0.407123621876
132  0.330000 -0.406709748107
133  0.332500 -0.406266892772
134  0.335000 -0.405798866896
135  0.337500 -0.405309634328
136  0.340000 -0.404803272117
137  0.342500 -0.404283933862
138  0.345000 -0.403755815903
139  0.347500 -0.403223126108
140  0.350000 -0.402690055053
141  0.352500 -0.402160749352
142  0.355000 -0.401639286800
143  0.357500 -0.401129653142
144  0.360000 -0.400635720127
145  0.362500 -0.400161224628
146  0.365000 -0.399709748559
147  0.367500 -0.399284699369
148  0.370000 -0.398889290905
149  0.372500 -0.398526524444
150  0.375000 -0.398199169794
151  0.377500 -0.397909746254
152  0.380000 -0.397660503465
153  0.382500 -0.397453402038
154  0.385000 -0.397290094017
155  0.387500 -0.397171903297
156  0.390000 -0.397099806074
157  0.392500 -0.397074411683
158  0.395000 -0.397095944038
159  0.397500 -0.397164224197
160  0.400000 -0.397278654482
161  0.402500 -0.397438204847
162  0.405000 -0.397641402154
163  0.407500 -0.397886323156
164  0.410000 -0.398170592036
165  0.412500 -0.398491383298
166  0.415000 -0.398845430892
167  0.417500 -0.399229044306
168  0.420000 -0.399638132195
169  0.422500 -0.400068233971
170  0.425000 -0.400514559458
171  0.427500 -0.400972036431
172  0.430000 -0.401435365442
173  0.432500 -0.401899081008
174  0.435000 -0.402357617808
175  0.437500 -0.402805380333
176  0.440000 -0.403236814017
177  0.442500 -0.403646475934
178  0.445000 -0.404029102927
179  0.447500 -0.404379675319
180  0.450000 -0.404693474448
181  0.452500 -0.404966132609
182  0.455000 -0.405193674403
183  0.457500 -0.405372548891
184  0.460000 -0.405499652319
185  0.462500 -0.405572341655
186  0.465000 -0.405588439415
187  0.467500 -0.405546230611
188  0.470000 -0.405444452745
189  0.472500 -0.405282279950
190  0.475000 -0.405059302420
191  0.477500 -0.404775502201
192  0.480000 -0.404431226409
193  0.482500 -0.404027158778
194  0.485000 -0.403564290445
195  0.487500 -0.403043890581
196  0.490000 -0.402467477521
197  0.492500 -0.401836790825
198  0.495000 -0.401153764596
199  0.497500 -0.400420502342
200  0.500000 -0.399639253529
201  0.502500 -0.398812391907
202  0.505000 -0.397942395683
203  0.507500 -0.397031829503
204  0.510000 -0.396083328218
205  0.512500 -0.395099582357
206  0.515000 -0.394083325244
207  0.517500 -0.393037321630
208  0.520000 -0.391964357768
209  0.522500 -0.390867232813
210  0.525000 -0.389748751440
211  0.527500 -0.388611717583
212  0.530000 -0.387458929192
213  0.532500 -0.386293173918
214  0.535000 -0.385117225642
215  0.537500 -0.383933841752
216  0.540000 -0.382745761110
217  0.542500 -0.381555702631
218  0.545000 -0.380366364407
219  0.547500 -0.379180423325
220  0.550000 -0.378000535119
221  0.552500 -0.376829334819
222  0.555000 -0.375669437529
223  0.557500 -0.374523439524
224  0.560000 -0.373393919601
225  0.562500 -0.372283440683
226  0.565000 -0.371194551598
227  0.567500 -0.370129789040
228  0.570000 -0.369091679683
229  0.572500 -0.368082742386
230  0.575000 -0.367105490507
231  0.577500 -0.366162434251
232  0.580000 -0.365256083066
233  0.582500 -0.364388948037
234  0.585000 -0.363563544231
235  0.587500 -0.362782392981
236  0.590000 -0.362048024036
237  0.592500 -0.361362977571
238  0.595000 -0.360729805945
239  0.597500 -0.360151075191
240  0.600000 -0.359629366097
241  0.602500 -0.359167274862
242  0.605000 -0.358767413113
243  0.607500 -0.358432407200
244  0.610000 -0.358164896606
245  0.612500 -0.357967531186
246  0.615000 -0.357842967072
247  0.617500 -0.357793860854
248  0.620000 -0.357822861713
249  0.622500 -0.357932601001
250  0.625000 -0.358125678771
251  0.627500 -0.358404646528
252  0.630000 -0.358771985487
253  0.632500 -0.359230079338
254  0.635000 -0.359781180458
255  0.637500 -0.360427368322
256  0.640000 -0.361170498662
257  0.642500 -0.362012141870
258  0.645000 -0.362953509009
259  0.647500 -0.363995363863
260  0.650000 -0.365137919699
261  0.652500 -0.366380719960
262  0.655000 -0.367722503072
263  0.657500 -0.369161053135
264  0.660000 -0.370693040439
265  0.662500 -0.372313859034
266  0.665000 -0.374017472279
267  0.667500 -0.375796281665
268  0.670000 -0.377641038306
269  0.672500 -0.379540819011
270  0.675000 -0.381483088819
271  0.677500 -0.383453867127
272  0.680000 -0.385438004929
273  0.682500 -0.387419566318
274  0.685000 -0.389382290870
275  0.687500 -0.391310098800
276  0.690000 -0.393187592064
277  0.692500 -0.395000504489
278  0.695000 -0.396736063095
279  0.697500 -0.398383237770
280  0.700000 -0.399932873664
281  0.702500 -0.401377715518
282  0.705000 -0.402712343314
283  0.707500 -0.403933043165
284  0.710000 -0.405037637462
285  0.712500 -0.406025295032
286  0.715000 -0.406896337581
287  0.717500 -0.407652053792
288  0.720000 -0.408294528222
289  0.722500 -0.408826488734
290  0.725000 -0.409251173739
291  0.727500 -0.409572218895
292  0.730000 -0.409793561923
293  0.732500 -0.409919363704
294  0.735000 -0.409953943603
295  0.737500 -0.409901727015
296  0.740000 -0.409767203250
297  0.742500 -0.409554892055
298  0.745000 -0.409269317303
299  0.747500 -0.408914986576
300  0.750000 -0.408496375566
301  0.752500 -0.408017916408
302  0.755000 -0.407483989183
303  0.757500 -0.406898916007
304  0.760000 -0.406266957170
305  0.762500 -0.405592308937
306  0.765000 -0.404879102662
307  0.767500 -0.404131404957
308  0.770000 -0.403353218691
309  0.772500 -0.402548484616
310  0.775000 -0.401721083512
311  0.777500 -0.400874838712
312  0.780000 -0.400013518901
313  0.782500 -0.399140841137
314  0.785000 -0.398260474001
315  0.787500 -0.397376040837
316  0.790000 -0.396491123023
317  0.792500 -0.395609263245
318  0.795000 -0.394733968714
319  0.797500 -0.393868714308
320  0.800000 -0.393016945581
321  0.802500 -0.392182081604
322  0.805000 -0.391367517593
323  0.807500 -0.390576627262
324  0.810000 -0.389812764841
325  0.812500 -0.389079266671
326  0.815000 -0.388379452280
327  0.817500 -0.387716624848
328  0.820000 -0.387094070874
329  0.822500 -0.386515058900
330  0.825000 -0.385982837075
331  0.827500 -0.385500629271
332  0.830000 -0.385071629458
333  0.832500 -0.384698993918
334  0.835000 -0.384385830839
335  0.837500 -0.384135186690
336  0.840000 -0.383950028704
337  0.842500 -0.383833222622
338  0.845000 -0.383787504730
339  0.847500 -0.383815447082
340  0.850000 -0.383919414610
341  0.852500 -0.384101512738
342  0.855000 -0.384363524055
343  0.857500 -0.384706832619
344  0.860000 -0.385132334752
345  0.862500 -0.385640335651
346  0.865000 -0.386230432170
347  0.867500 -0.386901383573
348  0.870000 -0.387650974323
349  0.872500 -0.388475875918
350  0.875000 -0.389371518476
351  0.877500 -0.390331986644
352  0.880000 -0.391349957874
353  0.882500 -0.392416702824
354  0.885000 -0.393522166274
355  0.887500 -0.394655141126
356  0.890000 -0.395803537586
357  0.892500 -0.396954735583
358  0.895000 -0.398095993838
359  0.897500 -0.399214877810
360  0.900000 -0.400299664470
361  0.902500 -0.401339685957
362  0.905000 -0.402325585499
363  0.907500 -0.403249473849
364  0.910000 -0.404104989040
365  0.912500 -0.404887273169
366  0.915000 -0.405592885955
367  0.917500 -0.406219676222
368  0.920000 -0.406766630463
369  0.922500 -0.407233713906
370  0.925000 -0.407621715230
371  0.927500 -0.407932102082
372  0.930000 -0.408166891382
373  0.932500 -0.408328535984
374  0.935000 -0.408419827700
375  0.937500 -0.408443815677
376  0.940000 -0.408403738652
377  0.942500 -0.408302969313
378  0.945000 -0.408144969085
379  0.947500 -0.407933251669
380  0.950000 -0.407671353895
381  0.952500 -0.407362812573
382  0.955000 -0.407011146266
383  0.957500 -0.406619841019
384  0.960000 -0.406192339291
385  0.962500 -0.405732031418
386  0.965000 -0.405242249067
387  0.967500 -0.404726260261
388  0.970000 -0.404187265565
389  0.972500 -0.403628395171
390  0.975000 -0.403052706594
391  0.977500 -0.402463182787
392  0.980000 -0.401862730492
393  0.982500 -0.401254178672
394  0.985000 -0.400640276892
395  0.987500 -0.400023693525
396  0.990000 -0.399407013703
397  0.992500 -0.398792736885
398  0.995000 -0.398183273989
399  0.997500 -0.397580943976
400  1.000000 -0.396987969839
401  1.002500 -0.396406473903
402  1.005000 -0.395838472387
403  1.007500 -0.395285869178
404  1.010000 -0.394750448743
405  1.012500 -0.394233868188
406  1.015000 -0.393737648419
407  1.017500 -0.393263164426
408  1.020000 -0.392811634738
409  1.022500 -0.392384110119
410  1.025000 -0.391981461647
411  1.027500 -0.391604368347
412  1.030000 -0.391253304647
413  1.032500 -0.390928527980
414  1.035000 -0.390630066941
415  1.037500 -0.390357710515
416  1.040000 -0.390110998937
417  1.042500 -0.389889216848
418  1.045000 -0.389691389453
419  1.047500 -0.389516282403
420  1.050000 -0.389362406101
421  1.052500 -0.389228025062
422  1.055000 -0.389111172814
423  1.057500 -0.389009672616
424  1.060000 -0.388921164018
425  1.062500 -0.388843134986
426  1.065000 -0.388772958967
427  1.067500 -0.388707935960
428  1.070000 -0.388645336372
429  1.072500 -0.388582446224
430  1.075000 -0.388516612161
431  1.077500 -0.388445284710
432  1.080000 -0.388366058349
433  1.082500 -0.388276707165
434  1.085000 -0.388175215153
435  1.087500 -0.388059800562
436  1.090000 -0.387928934013
437  1.092500 -0.387781350466
438  1.095000 -0.387616055345
439  1.097500 -0.387432325406
440  1.100000 -0.387229705004
441  1.102500 -0.387007998576
442  1.105000 -0.386767260097
443  1.107500 -0.386507780321
444  1.110000 -0.386230072493
445  1.112500 -0.385934857171
446  1.115000 -0.385623046705
447  1.117500 -0.385295729796
448  1.120000 -0.384954156499
449  1.122500 -0.384599723927
450  1.125000 -0.384233962850
451  1.127500 -0.383858525301
452  1.130000 -0.383475173290
453  1.132500 -0.383085768632
454  1.135000 -0.382692263910
455  1.137500 -0.382296694537
456  1.140000 -0.381901171887
457  1.142500 -0.381507877441
458  1.145000 -0.381119057889
459  1.147500 -0.380737021120
460  1.150000 -0.380364133040
461  1.152500 -0.380002815147
462  1.155000 -0.379655542798
463  1.157500 -0.379324844086
464  1.160000 -0.379013299279
465  1.162500 -0.378723540711
466  1.165000 -0.378458253066
467  1.167500 -0.378220173952
468  1.170000 -0.378012094652
469  1.172500 -0.377836860922
470  1.175000 -0.377697373655
471  1.177500 -0.377596589236
472  1.180000 -0.377537519269
473  1.182500 -0.377523229381
474  1.185000 -0.377556836612
475  1.187500 -0.377641504809
476  1.190000 -0.377780437250
477  1.192500 -0.377976865458
478  1.195000 -0.378234032864
479  1.197500 -0.378555171568
480  1.200000 -0.378943469892
481  1.202500 -0.379402027787
482  1.205000 -0.379933796360
483  1.207500 -0.380541496853
484  1.210000 -0.381227513513
485  1.212500 -0.381993753945
486  1.215000 -0.382841470299
487  1.217500 -0.383771035507
488  1.220000 -0.384781671792
489  1.222500 -0.385871135329
490  1.225000 -0.387035372616
491  1.227500 -0.388268181907
492  1.230000 -0.389560935597
493  1.232500 -0.390902441005
494  1.235000 -0.392279026232
495  1.237500 -0.393674919837
496  1.240000 -0.395072939003
497  1.242500 -0.396455419270
498  1.245000 -0.397805240988
499  1.247500 -0.399106772619
500  1.250000 -0.400346578584
501  1.252500 -0.401513814645
502  1.255000 -0.402600318249
503  1.257500 -0.403600460838
504  1.260000 -0.404510851576
505  1.262500 -0.405329974633
506  1.265000 -0.406057820344
507  1.267500 -0.406695546721
508  1.270000 -0.407245188482
509  1.272500 -0.407709417961
510  1.275000 -0.408091354915
511  1.277500 -0.408394418892
512  1.280000 -0.408622216856
513  1.282500 -0.408778459059
514  1.285000 -0.408866897051
515  1.287500 -0.408891278745
516  1.290000 -0.408855316472
517  1.292500 -0.408762664836
518  1.295000 -0.408616905907
519  1.297500 -0.408421539863
520  1.300000 -0.408179979647
521  1.302500 -0.407895548573
522  1.305000 -0.407571480057
523  1.307500 -0.407210918877
524  1.310000 -0.406816923487
525  1.312500 -0.406392469077
526  1.315000 -0.405940451107
527  1.317500 -0.405463689132
528  1.320000 -0.404964930795
529  1.322500 -0.404446855869
530  1.325000 -0.403912080291
531  1.327500 -0.403363160134
532  1.330000 -0.402802595467
533  1.332500 -0.402232834095
534  1.335000 -0.401656275145
535  1.337500 -0.401075272491
536  1.340000 -0.400492137999
537  1.342500 -0.399909144605
538  1.345000 -0.399328529184
539  1.347500 -0.398752495225
540  1.350000 -0.398183215294
541  1.352500 -0.397622833265
542  1.355000 -0.397073466306
543  1.357500 -0.396537206596
544  1.360000 -0.396016122743
545  1.362500 -0.395512260861
546  1.365000 -0.395027645271
547  1.367500 -0.394564278754
548  1.370000 -0.394124142302
549  1.372500 -0.393709194270
550  1.375000 -0.393321368825
551  1.377500 -0.392962573578
552  1.380000 -0.392634686240
553  1.382500 -0.392339550113
554  1.385000 -0.392078968234
555  1.387500 -0.391854695877
556  1.390000 -0.391668431166
557  1.392500 -0.391521803426
558  1.395000 -0.391416358905
559  1.397500 -0.391353543443
560  1.400000 -0.391334681613
561  1.402500 -0.391360951867
562  1.405000 -0.391433357201
563  1.407500 -0.391552690933
564  1.410000 -0.391719497299
565  1.412500 -0.391934026807
566  1.415000 -0.392196186638
567  1.417500 -0.392505486913
568  1.420000 -0.392860984379
569  1.422500 -0.393261225965
570  1.425000 -0.393704195787
571  1.427500 -0.394187270310
572  1.430000 -0.394707187456
573  1.432500 -0.395260036065
574  1.435000 -0.395841272068
575  1.437500 -0.396445766567
576  1.440000 -0.397067888607
577  1.442500 -0.397701621863
578  1.445000 -0.398340710132
579  1.447500 -0.398978822351
580  1.450000 -0.399609724687
581  1.452500 -0.400227446027
582  1.455000 -0.400826424140
583  1.457500 -0.401401622750
584  1.460000 -0.401948613942
585  1.462500 -0.402463624744
586  1.465000 -0.402943550507
587  1.467500 -0.403385940361
588  1.470000 -0.403788961325
589  1.472500 -0.404151347834
590  1.475000 -0.404472342810
591  1.477500 -0.404751635331
592  1.480000 -0.404989298682
593  1.482500 -0.405185731462
594  1.485000 -0.405341603352
595  1.487500 -0.405457806411
596  1.490000 -0.405535412184
597  1.492500 -0.405575634507
598  1.495000 -0.405579797675
599  1.497500 -0.405549309473
600  1.500000 -0.405485638549
601  1.502500 -0.405390295578
602  1.505000 -0.405264817684
603  1.507500 -0.405110755671
604  1.510000 -0.404929663598
605  1.512500 -0.404723090360
606  1.515000 -0.404492572917
607  1.517500 -0.404239630916
608  1.520000 -0.403965762462
609  1.522500 -0.403672440833
610  1.525000 -0.403361111981
611  1.527500 -0.403033192676
612  1.530000 -0.402690069172
613  1.532500 -0.402333096308
614  1.535000 -0.401963596955
615  1.537500 -0.401582861746
616  1.540000 -0.401192149038
617  1.542500 -0.400792685048
618  1.545000 -0.400385664146
619  1.547500 -0.399972249248
620  1.550000 -0.399553572306
621  1.552500 -0.399130734867
622  1.555000 -0.398704808665
623  1.557500 -0.398276836266
624  1.560000 -0.397847831718
625  1.562500 -0.397418781214
626  1.565000 -0.396990643759
627  1.567500 -0.396564351826
628  1.570000 -0.396140811988
629  1.572500 -0.395720905538
630  1.575000 -0.395305489069
631  1.577500 -0.394895395020
632  1.580000 -0.394491432176
633  1.582500 -0.394094386123
634  1.585000 -0.393705019636
635  1.587500 -0.393324073010
636  1.590000 -0.392952264315
637  1.592500 -0.392590289570
638  1.595000 -0.392238822833
639  1.597500 -0.391898516184
640  1.600000 -0.391569999615
641  1.602500 -0.391253880790
642  1.605000 -0.390950744684
643  1.607500 -0.390661153087
644  1.610000 -0.390385643951
645  1.612500 -0.390124730591
646  1.615000 -0.389878900698
647  1.617500 -0.389648615191
648  1.620000 -0.389434306858
649  1.622500 -0.389236378814
650  1.625000 -0.389055202737
651  1.627500 -0.388891116901
652  1.630000 -0.388744423985
653  1.632500 -0.388615388664
654  1.635000 -0.388504234997
655  1.637500 -0.388411143596
656  1.640000 -0.388336248621
657  1.642500 -0.388279634599
658  1.645000 -0.388241333116
659  1.647500 -0.388221319413
660  1.650000 -0.388219508942
661  1.652500 -0.388235753943
662  1.655000 -0.388269840125
663  1.657500 -0.388321483535
664  1.660000 -0.388390327712
665  1.662500 -0.388475941253
666  1.665000 -0.388577815908
667  1.667500 -0.388695365325
668  1.670000 -0.388827924597
669  1.672500 -0.388974750724
670  1.675000 -0.389135024127
671  1.677500 -0.389307851302
672  1.680000 -0.389492268719
673  1.682500 -0.389687247996
674  1.685000 -0.389891702383
675  1.687500 -0.390104494492
676  1.690000 -0.390324445235
677  1.692500 -0.390550343808
678  1.695000 -0.390780958553
679  1.697500 -0.391015048490
680  1.700000 -0.391251375257
681  1.702500 -0.391488715186
682  1.705000 -0.391725871221
683  1.707500 -0.391961684414
684  1.710000 -0.392195044727
685  1.712500 -0.392424900895
686  1.715000 -0.392650269181
687  1.717500 -0.392870240851
688  1.720000 -0.393083988287
689  1.722500 -0.393290769692
690  1.725000 -0.393489932371
691  1.727500 -0.393680914643
692  1.730000 -0.393863246466
693  1.732500 -0.394036548864
694  1.735000 -0.394200532298
695  1.737500 -0.394354994095
696  1.740000 -0.394499815093
697  1.742500 -0.394634955629
698  1.745000 -0.394760451008
699  1.747500 -0.394876406562
700  1.750000 -0.394982992416
701  1.752500 -0.395080438060
702  1.755000 -0.395169026792
703  1.757500 -0.395249090106
704  1.760000 -0.395321002080
705  1.762500 -0.395385173803
706  1.765000 -0.395442047861
707  1.767500 -0.395492092916
708  1.770000 -0.395535798378
709  1.772500 -0.395573669182
710  1.775000 -0.395606220665
711  1.777500 -0.395633973552
712  1.780000 -0.395657449025
713  1.782500 -0.395677163887
714  1.785000 -0.395693625805
715  1.787500 -0.395707328638
716  1.790000 -0.395718747826
717  1.792500 -0.395728335869
718  1.795000 -0.395736517877
719  1.797500 -0.395743687226
720  1.800000 -0.395750201310
721  1.802500 -0.395756377439
722  1.805000 -0.395762488907
723  1.807500 -0.395768761259
724  1.810000 -0.395775368835
725  1.812500 -0.395782431617
726  1.815000 -0.395790012470
727  1.817500 -0.395798114833
728  1.820000 -0.395806680960
729  1.822500 -0.395815590761
730  1.825000 -0.395824661354
731  1.827500 -0.395833647386
732  1.830000 -0.395842242207
733  1.832500 -0.395850079943
734  1.835000 -0.395856738512
735  1.837500 -0.395861743610
736  1.840000 -0.395864573652
737  1.842500 -0.395864665640
738  1.845000 -0.395861421885
739  1.847500 -0.395854217499
740  1.850000 -0.395842408529
741  1.852500 -0.395825340579
742  1.855000 -0.395802357755
743  1.857500 -0.395772811747
744  1.860000 -0.395736070864
745  1.862500 -0.395691528823
746  1.865000 -0.395638613130
747  1.867500 -0.395576792881
748  1.870000 -0.395505585852
749  1.872500 -0.395424564774
750  1.875000 -0.395333362710
751  1.877500 -0.395231677498
752  1.880000 -0.395119275236
753  1.882500 -0.394995992839
754  1.885000 -0.394861739686
755  1.887500 -0.394716498445
756  1.890000 -0.394560325118
757  1.892500 -0.394393348427
758  1.895000 -0.394215768605
759  1.897500 -0.394027855702
760  1.900000 -0.393829947492
761  1.902500 -0.393622447077
762  1.905000 -0.393405820259
763  1.907500 -0.393180592766
764  1.910000 -0.392947347389
765  1.912500 -0.392706721095
766  1.915000 -0.392459402158
767  1.917500 -0.392206127352
768  1.920000 -0.391947679230
769  1.922500 -0.391684883527
770  1.925000 -0.391418606687
771  1.927500 -0.391149753531
772  1.930000 -0.390879265084
773  1.932500 -0.390608116535
774  1.935000 -0.390337315350
775  1.937500 -0.390067899510
776  1.940000 -0.389800935878
777  1.942500 -0.389537518659
778  1.945000 -0.389278767951
779  1.947500 -0.389025828346
780  1.950000 -0.388779867556
781  1.952500 -0.388542075027
782  1.955000 -0.388313660496
783  1.957500 -0.388095852448
784  1.960000 -0.387889896388
785  1.962500 -0.387697052888
786  1.965000 -0.387518595295
787  1.967500 -0.387355807005
788  1.970000 -0.387209978188
789  1.972500 -0.387082401792
790  1.975000 -0.386974368668
791  1.977500 -0.386887161596
792  1.980000 -0.386822047950
793  1.982500 -0.386780270719
794  1.985000 -0.386763037526
795  1.987500 -0.386771507242
796  1.990000 -0.386806773744
797  1.992500 -0.386869846324
798  1.995000 -0.386961626205
799  1.997500 -0.387082878649
800  2.000000 -0.387234200188
801  2.002500 -0.387415980626
802  2.005000 -0.387628359761
803  2.007500 -0.387871179178
804  2.010000 -0.388143930101
805  2.012500 -0.388445699203
806  2.015000 -0.388775115386
807  2.017500 -0.389130301872
808  2.020000 -0.389508839237
809  2.022500 -0.389907746090
810  2.025000 -0.390323484357
811  2.027500 -0.390751995332
812  2.030000 -0.391188770274
813  2.032500 -0.391628955475
814  2.035000 -0.392067486893
815  2.037500 -0.392499244551
816  2.040000 -0.392919213353
817  2.042500 -0.393322635676
818  2.045000 -0.393705142566
819  2.047500 -0.394062854094
820  2.050000 -0.394392444370
821  2.052500 -0.394691171594
822  2.055000 -0.394956877355
823  2.057500 -0.395187961639
824  2.060000 -0.395383340773
825  2.062500 -0.395542395116
826  2.065000 -0.395664912198
827  2.067500 -0.395751029628
828  2.070000 -0.395801180736
829  2.072500 -0.395816044762
830  2.075000 -0.395796502508
831  2.077500 -0.395743597725
832  2.080000 -0.395658504081
833  2.082500 -0.395542497323
834  2.085000 -0.395396932097
835  2.087500 -0.395223222858
836  2.090000 -0.395022828302
837  2.092500 -0.394797238802
838  2.095000 -0.394547966370
839  2.097500 -0.394276536723
840  2.100000 -0.393984483113
841  2.102500 -0.393673341599
842  2.105000 -0.393344647528
843  2.107500 -0.392999932990
844  2.110000 -0.392640725095
845  2.112500 -0.392268544912
846  2.115000 -0.391884906961
847  2.117500 -0.391491319164
848  2.120000 -0.391089283171
849  2.122500 -0.390680295006
850  2.125000 -0.390265845984
851  2.127500 -0.389847423852
852  2.130000 -0.389426514142
853  2.132500 -0.389004601696
854  2.135000 -0.388583172350
855  2.137500 -0.388163714784
856  2.140000 -0.387747722503
857  2.142500 -0.387336695974
858  2.145000 -0.386932144896
859  2.147500 -0.386535590629
860  2.150000 -0.386148568770
861  2.152500 -0.385772631894
862  2.155000 -0.385409352469
863  2.157500 -0.385060325956
864  2.160000 -0.384727174105
865  2.162500 -0.384411548471
866  2.165000 -0.384115134150
867  2.167500 -0.383839653751
868  2.170000 -0.383586871629
869  2.172500 -0.383358598358
870  2.175000 -0.383156695470
871  2.177500 -0.382983080416
872  2.180000 -0.382839731737
873  2.182500 -0.382728694375
874  2.185000 -0.382652085004
875  2.187500 -0.382612097242
876  2.190000 -0.382611006448
877  2.192500 -0.382651173735
878  2.195000 -0.382735048593
879  2.197500 -0.382865169244
880  2.200000 -0.383044159429
881  2.202500 -0.383274719735
882  2.205000 -0.383559610658
883  2.207500 -0.383901623401
884  2.210000 -0.384303532577
885  2.212500 -0.384768022622
886  2.215000 -0.385297576501
887  2.217500 -0.385894311529
888  2.220000 -0.386559743285
889  2.222500 -0.387294456759
890  2.225000 -0.388097668048
891  2.227500 -0.388966677736
892  2.230000 -0.389896259111
893  2.232500 -0.390878097485
894  2.235000 -0.391900487817
895  2.237500 -0.392948549882
896  2.240000 -0.394005140820
897  2.242500 -0.395052389003
898  2.245000 -0.396073457850
899  2.247500 -0.397054014024
900  2.250000 -0.397983040911
901  2.252500 -0.398852960034
902  2.255000 -0.399659262529
903  2.257500 -0.400399912537
904  2.260000 -0.401074721858
905  2.262500 -0.401684802766
906  2.265000 -0.402232135098
907  2.267500 -0.402719244711
908  2.270000 -0.403148974596
909  2.272500 -0.403524327004
910  2.275000 -0.403848357384
911  2.277500 -0.404124105009
912  2.280000 -0.404354549021
913  2.282500 -0.404542581854
914  2.285000 -0.404690994366
915  2.287500 -0.404802468755
916  2.290000 -0.404879576586
917  2.292500 -0.404924780061
918  2.295000 -0.404940435322
919  2.297500 -0.404928796901
920  2.300000 -0.404892022797
921  2.302500 -0.404832179765
922  2.305000 -0.404751248592
923  2.307500 -0.404651129184
924  2.310000 -0.404533645385
925  2.312500 -0.404400549435
926  2.315000 -0.404253526063
927  2.317500 -0.404094196176
928  2.320000 -0.403924120138
929  2.322500 -0.403744800656
930  2.325000 -0.403557685247
931  2.327500 -0.403364168309
932  2.330000 -0.403165592789
933  2.332500 -0.402963251462
934  2.335000 -0.402758387797
935  2.337500 -0.402552196447
936  2.340000 -0.402345823318
937  2.342500 -0.402140365249
938  2.345000 -0.401936869275
939  2.347500 -0.401736331481
940  2.350000 -0.401539695440
941  2.352500 -0.401347850227
942  2.355000 -0.401161628021
943  2.357500 -0.400981801295
944  2.360000 -0.400809079605
945  2.362500 -0.400644106009
946  2.365000 -0.400487453145
947  2.367500 -0.400339619028
948  2.370000 -0.400201022617
949  2.372500 -0.400071999272
950  2.375000 -0.399952796195
951  2.377500 -0.399843568003
952  2.380000 -0.399744372611
953  2.382500 -0.399655167620
954  2.385000 -0.399575807431
955  2.387500 -0.399506041326
956  2.390000 -0.399445512779
957  2.392500 -0.399393760224
958  2.395000 -0.399350219534
959  2.397500 -0.399314228388
960  2.400000 -0.399285032664
961  2.402500 -0.399261794925
962  2.405000 -0.399243604952
963  2.407500 -0.399229492195
964  2.410000 -0.399218439894
965  2.412500 -0.399209400518
966  2.415000 -0.399201312093
967  2.417500 -0.399193114918
968  2.420000 -0.399183768154
969  2.422500 -0.399172265754
970  2.425000 -0.399157651262
971  2.427500 -0.399139031070
972  2.430000 -0.399115585814
973  2.432500 -0.399086579699
974  2.435000 -0.399051367656
975  2.437500 -0.399009400320
976  2.440000 -0.398960226935
977  2.442500 -0.398903496341
978  2.445000 -0.398838956257
979  2.447500 -0.398766451115
980  2.450000 -0.398685918691
981  2.452500 -0.398597385803
982  2.455000 -0.398500963310
983  2.457500 -0.398396840628
984  2.460000 -0.398285279959
985  2.462500 -0.398166610401
986  2.465000 -0.398041222048
987  2.467500 -0.397909560200
988  2.470000 -0.397772119757
989  2.472500 -0.397629439841
990  2.475000 -0.397482098683
991  2.477500 -0.397330708797
992  2.480000 -0.397175912434
993  2.482500 -0.397018377316
994  2.485000 -0.396858792631
995  2.487500 -0.396697865262
996  2.490000 -0.396536316234
997  2.492500 -0.396374877328
998  2.495000 -0.396214287849
999  2.497500 -0.396055291493
1000  2.500000 -0.395898633286
1001  2.502500 -0.395745056550
1002  2.505000 -0.395595299853
1003  2.507500 -0.395450093907
1004  2.510000 -0.395310158372
1005  2.512500 -0.395176198509
1006  2.515000 -0.395048901663
1007  2.517500 -0.394928933507
1008  2.520000 -0.394816934027
1009  2.522500 -0.394713513195
1010  2.525000 -0.394619246301
1011  2.527500 -0.394534668914
1012  2.530000 -0.394460271439
1013  2.532500 -0.394396493274
1014  2.535000 -0.394343716559
1015  2.537500 -0.394302259545
1016  2.540000 -0.394272369626
1017  2.542500 -0.394254216111
1018  2.545000 -0.394247882862
1019  2.547500 -0.394253360932
1020  2.550000 -0.394270541417
1021  2.552500 -0.394299208787
1022  2.555000 -0.394339034961
1023  2.557500 -0.394389574516
1024  2.560000 -0.394450261367
1025  2.562500 -0.394520407352
1026  2.565000 -0.394599203083
1027  2.567500 -0.394685721430
1028  2.570000 -0.394778923897
1029  2.572500 -0.394877670079
1030  2.575000 -0.394980730173
1031  2.577500 -0.395086800423
1032  2.580000 -0.395194521116
1033  2.582500 -0.395302496629
1034  2.585000 -0.395409316818
1035  2.587500 -0.395513578976
1036  2.590000 -0.395613909516
1037  2.592500 -0.395708984560
1038  2.595000 -0.395797548685
1039  2.597500 -0.395878431248
1040  2.600000 -0.395950559838
1041  2.602500 -0.396012970638
1042  2.605000 -0.396064815625
1043  2.607500 -0.396105366737
1044  2.610000 -0.396134017235
1045  2.612500 -0.396150280613
1046  2.615000 -0.396153787433
1047  2.617500 -0.396144280518
1048  2.620000 -0.396121608890
1049  2.622500 -0.396085720843
1050  2.625000 -0.396036656480
1051  2.627500 -0.395974539999
1052  2.630000 -0.395899571965
1053  2.632500 -0.395812021735
1054  2.635000 -0.395712220196
1055  2.637500 -0.395600552889
1056  2.640000 -0.395477453596
1057  2.642500 -0.395343398422
1058  2.645000 -0.395198900390
1059  2.647500 -0.395044504531
1060  2.650000 -0.394880783480
1061  2.652500 -0.394708333536
1062  2.655000 -0.394527771162
1063  2.657500 -0.394339729903
1064  2.660000 -0.394144857680
1065  2.662500 -0.393943814434
1066  2.665000 -0.393737270082
1067  2.667500 -0.393525902766
1068  2.670000 -0.393310397351
1069  2.672500 -0.393091444163
1070  2.675000 -0.392869737930
1071  2.677500 -0.392645976910
1072  2.680000 -0.392420862183
1073  2.682500 -0.392195097097
1074  2.685000 -0.391969386837
1075  2.687500 -0.391744438115
1076  2.690000 -0.391520958965
1077  2.692500 -0.391299658628
1078  2.695000 -0.391081247516
1079  2.697500 -0.390866437251
1080  2.700000 -0.390655940759
1081  2.702500 -0.390450472421
1082  2.705000 -0.390250748267
1083  2.707500 -0.390057486202
1084  2.710000 -0.389871406260
1085  2.712500 -0.389693230873
1086  2.715000 -0.389523685150
1087  2.717500 -0.389363497143
1088  2.720000 -0.389213398102
1089  2.722500 -0.389074122694
1090  2.725000 -0.388946409173
1091  2.727500 -0.388830999477
1092  2.730000 -0.388728639232
1093  2.732500 -0.388640077627
1094  2.735000 -0.388566067131
1095  2.737500 -0.388507363005
1096  2.740000 -0.388464722556
1097  2.742500 -0.388438904080
1098  2.745000 -0.388430665400
1099  2.747500 -0.388440761923
1100  2.750000 -0.388469944099
1101  2.752500 -0.388518954157
1102  2.755000 -0.388588521943
1103  2.757500 -0.388679359699
1104  2.760000 -0.388792155537
1105  2.762500 -0.388927565382
1106  2.765000 -0.389086203064
1107  2.767500 -0.389268628264
1108  2.770000 -0.389475331943
1109  2.772500 -0.389706718918
1110  2.775000 -0.389963087217
1111  2.777500 -0.390244603960
1112  2.780000 -0.390551277602
1113  2.782500 -0.390882926617
1114  2.785000 -0.391239145048
1115  2.787500 -0.391619265849
1116  2.790000 -0.392022323608
1117  2.792500 -0.392447019057
1118  2.795000 -0.392891688667
1119  2.797500 -0.393354283437
1120  2.800000 -0.393832361537
1121  2.802500 -0.394323099346
1122  2.805000 -0.394823324579
1123  2.807500 -0.395329573170
1124  2.810000 -0.395838168808
1125  2.812500 -0.396345320664
1126  2.815000 -0.396847231857
1127  2.817500 -0.397340209283
1128  2.820000 -0.397820765102
1129  2.822500 -0.398285701686
1130  2.825000 -0.398732174569
1131  2.827500 -0.399157731285
1132  2.830000 -0.399560327062
1133  2.832500 -0.399938320610
1134  2.835000 -0.400290454514
1135  2.837500 -0.400615825026
1136  2.840000 -0.400913845689
1137  2.842500 -0.401184208406
1138  2.845000 -0.401426844690
1139  2.847500 -0.401641888939
1140  2.850000 -0.401829644845
1141  2.852500 -0.401990555490
1142  2.855000 -0.402125177273
1143  2.857500 -0.402234157559
1144  2.860000 -0.402318215760
1145  2.862500 -0.402378127521
1146  2.865000 -0.402414711608
1147  2.867500 -0.402428819141
1148  2.870000 -0.402421324826
1149  2.872500 -0.402393119852
1150  2.875000 -0.402345106206
1151  2.877500 -0.402278192142
1152  2.880000 -0.402193288625
1153  2.882500 -0.402091306559
1154  2.885000 -0.401973154664
1155  2.887500 -0.401839737888
1156  2.890000 -0.401691956247
1157  2.892500 -0.401530704016
1158  2.895000 -0.401356869203
1159  2.897500 -0.401171333249
1160  2.900000 -0.400974970909
1161  2.902500 -0.400768650278
1162  2.905000 -0.400553232933
1163  2.907500 -0.400329574160
1164  2.910000 -0.400098523250
1165  2.912500 -0.399860923841
1166  2.915000 -0.399617614300
1167  2.917500 -0.399369428122
1168  2.920000 -0.399117194344
1169  2.922500 -0.398861737956
1170  2.925000 -0.398603880312
1171  2.927500 -0.398344439513
1172  2.930000 -0.398084230778
1173  2.932500 -0.397824066773
1174  2.935000 -0.397564757901
1175  2.937500 -0.397307112542
1176  2.940000 -0.397051937230
1177  2.942500 -0.396800036747
1178  2.945000 -0.396552214140
1179  2.947500 -0.396309270622
1180  2.950000 -0.396072005355
1181  2.952500 -0.395841215075
1182  2.955000 -0.395617693558
1183  2.957500 -0.395402230863
1184  2.960000 -0.395195612352
1185  2.962500 -0.394998617413
1186  2.965000 -0.394812017853
1187  2.967500 -0.394636575911
1188  2.970000 -0.394473041799
1189  2.972500 -0.394322150733
1190  2.975000 -0.394184619329
1191  2.977500 -0.394061141304
1192  2.980000 -0.393952382352
1193  2.982500 -0.393858974090
1194  2.985000 -0.393781506961
1195  2.987500 -0.393720521956
1196  2.990000 -0.393676501059
1197  2.992500 -0.393649856300
1198  2.995000 -0.393640917357
1199  2.997500 -0.393649917706
1200  3.000000 -0.393676979361
1201  3.002500 -0.393722096418
1202  3.005000 -0.393785117709
1203  3.007500 -0.393865729122
1204  3.010000 -0.393963436326
1205  3.012500 -0.394077548928
1206  3.015000 -0.394207167333
1207  3.017500 -0.394351173783
1208  3.020000 -0.394508229184
1209  3.022500 -0.394676777288
1210  3.025000 -0.394855057545
1211  3.027500 -0.395041127415
1212  3.030000 -0.395232894233
1213  3.032500 -0.395428155736
1214  3.035000 -0.395624647458
1215  3.037500 -0.395820094315
1216  3.040000 -0.396012263167
1217  3.042500 -0.396199012996
1218  3.045000 -0.396378339661
1219  3.047500 -0.396548412827
1220  3.050000 -0.396707603623
1221  3.052500 -0.396854502531
1222  3.055000 -0.396987927895
1223  3.057500 -0.397106926122
1224  3.060000 -0.397210765025
1225  3.062500 -0.397298921975
1226  3.065000 -0.397371068457
1227  3.067500 -0.397427052483
1228  3.070000 -0.397466880058
1229  3.072500 -0.397490696631
1230  3.075000 -0.397498769209
1231  3.077500 -0.397491469587
1232  3.080000 -0.397469258959
1233  3.082500 -0.397432674044
1234  3.085000 -0.397382314738
1235  3.087500 -0.397318833262
1236  3.090000 -0.397242924700
1237  3.092500 -0.397155318808
1238  3.095000 -0.397056772978
1239  3.097500 -0.396948066205
1240  3.100000 -0.396829993939
1241  3.102500 -0.396703363699
1242  3.105000 -0.396568991334
1243  3.107500 -0.396427697828
1244  3.110000 -0.396280306564
1245  3.112500 -0.396127640957
1246  3.115000 -0.395970522383
1247  3.117500 -0.395809768350
1248  3.120000 -0.395646190835
1249  3.122500 -0.395480594745
1250  3.125000 -0.395313776450
1251  3.127500 -0.395146522349
1252  3.130000 -0.394979607413
1253  3.132500 -0.394813793680
1254  3.135000 -0.394649828659
1255  3.137500 -0.394488443599
1256  3.140000 -0.394330351601
1257  3.142500 -0.394176245521
1258  3.145000 -0.394026795643
1259  3.147500 -0.393882647086
1260  3.150000 -0.393744416899
1261  3.152500 -0.393612690836
1262  3.155000 -0.393488019766
1263  3.157500 -0.393370915714
1264  3.160000 -0.393261847506
1265  3.162500 -0.393161236035
1266  3.165000 -0.393069449141
1267  3.167500 -0.392986796161
1268  3.170000 -0.392913522194
1269  3.172500 -0.392849802177
1270  3.175000 -0.392795734886
1271  3.177500 -0.392751337037
1272  3.180000 -0.392716537689
1273  3.182500 -0.392691173195
1274  3.185000 -0.392674982999
1275  3.187500 -0.392667606600
1276  3.190000 -0.392668582035
1277  3.192500 -0.392677346220
1278  3.195000 -0.392693237471
1279  3.197500 -0.392715500465
1280  3.200000 -0.392743293815
1281  3.202500 -0.392775700302
1282  3.205000 -0.392811739651
1283  3.207500 -0.392850383596
1284  3.210000 -0.392890572794
1285  3.212500 -0.392931235016
1286  3.215000 -0.392971303946
1287  3.217500 -0.393009737849
1288  3.220000 -0.393045537401
1289  3.222500 -0.393077762026
1290  3.225000 -0.393105544196
1291  3.227500 -0.393128101318
1292  3.230000 -0.393144744973
1293  3.232500 -0.393154887468
1294  3.235000 -0.393158045773
1295  3.237500 -0.393153843061
1296  3.240000 -0.393142008142
1297  3.242500 -0.393122373125
1298  3.245000 -0.393094869677
1299  3.247500 -0.393059524224
1300  3.250000 -0.393016452427
1301  3.252500 -0.392965853220
1302  3.255000 -0.392908002658
1303  3.257500 -0.392843247769
1304  3.260000 -0.392772000570
1305  3.262500 -0.392694732371
1306  3.265000 -0.392611968431
1307  3.267500 -0.392524283034
1308  3.270000 -0.392432295010
1309  3.272500 -0.392336663710
1310  3.275000 -0.392238085429
1311  3.277500 -0.392137290278
1312  3.280000 -0.392035039466
1313  3.282500 -0.391932122974
1314  3.285000 -0.391829357603
1315  3.287500 -0.391727585344
1316  3.290000 -0.391627672059
1317  3.292500 -0.391530506425
1318  3.295000 -0.391436999120
1319  3.297500 -0.391348082204
1320  3.300000 -0.391264708668
1321  3.302500 -0.391187852100
1322  3.305000 -0.391118506439
1323  3.307500 -0.391057685750
1324  3.310000 -0.391006423963
1325  3.312500 -0.390965774512
1326  3.315000 -0.390936809766
1327  3.317500 -0.390920620159
1328  3.320000 -0.390918312859
1329  3.322500 -0.390931009803
1330  3.325000 -0.390959844863
1331  3.327500 -0.391005959848
1332  3.330000 -0.391070498961
1333  3.332500 -0.391154601231
1334  3.335000 -0.391259390306
1335  3.337500 -0.391385960846
1336  3.340000 -0.391535360561
1337  3.342500 -0.391708566764
1338  3.345000 -0.391906456082
1339  3.347500 -0.392129765853
1340  3.350000 -0.392379045663
1341  3.352500 -0.392654597702
1342  3.355000 -0.392956405276
1343  3.357500 -0.393284050067
1344  3.360000 -0.393636621079
1345  3.362500 -0.394012621595
1346  3.365000 -0.394409885019
1347  3.367500 -0.394825515279
1348  3.370000 -0.395255871038
1349  3.372500 -0.395696612623
1350  3.375000 -0.396142823996
1351  3.377500 -0.396589208532
1352  3.380000 -0.397030339697
1353  3.382500 -0.397460932305
1354  3.385000 -0.397876093727
1355  3.387500 -0.398271520342
1356  3.390000 -0.398643619774
1357  3.392500 -0.398989557269
1358  3.395000 -0.399307238432
1359  3.397500 -0.399595247446
1360  3.400000 -0.399852760312
1361  3.402500 -0.400079449165
1362  3.405000 -0.400275388758
1363  3.407500 -0.400440971634
1364  3.410000 -0.400576834939
1365  3.412500 -0.400683799512
1366  3.415000 -0.400762820516
1367  3.417500 -0.400814948234
1368  3.420000 -0.400841297453
1369  3.422500 -0.400843023883
1370  3.425000 -0.400821306233
1371  3.427500 -0.400777332761
1372  3.430000 -0.400712291328
1373  3.432500 -0.400627362180
1374  3.435000 -0.400523712823
1375  3.437500 -0.400402494501
1376  3.440000 -0.400264839914
1377  3.442500 -0.400111861847
1378  3.445000 -0.399944652517
1379  3.447500 -0.399764283436
1380  3.450000 -0.399571805660
1381  3.452500 -0.399368250325
1382  3.455000 -0.399154629393
1383  3.457500 -0.398931936541
1384  3.460000 -0.398701148139
1385  3.462500 -0.398463224311
1386  3.465000 -0.398219110015
1387  3.467500 -0.397969736152
1388  3.470000 -0.397716020670
1389  3.472500 -0.397458869666
1390  3.475000 -0.397199178465
1391  3.477500 -0.396937832669
1392  3.480000 -0.396675709188
1393  3.482500 -0.396413677220
1394  3.485000 -0.396152599197
1395  3.487500 -0.395893331688
1396  3.490000 -0.395636726241
1397  3.492500 -0.395383630170
1398  3.495000 -0.395134887278
1399  3.497500 -0.394891338497
1400  3.500000 -0.394653822443
1401  3.502500 -0.394423175863
1402  3.505000 -0.394200233958
1403  3.507500 -0.393985830558
1404  3.510000 -0.393780798120
1405  3.512500 -0.393585967513
1406  3.515000 -0.393402167539
1407  3.517500 -0.393230224150
1408  3.520000 -0.393070959279
1409  3.522500 -0.392925189214
1410  3.525000 -0.392793722415
1411  3.527500 -0.392677356657
1412  3.530000 -0.392576875359
1413  3.532500 -0.392493042931
1414  3.535000 -0.392426598950
1415  3.537500 -0.392378250938
1416  3.540000 -0.392348665483
1417  3.542500 -0.392338457435
1418  3.545000 -0.392348176870
1419  3.547500 -0.392378293541
1420  3.550000 -0.392429178532
1421  3.552500 -0.392501082963
1422  3.555000 -0.392594113684
1423  3.557500 -0.392708206174
1424  3.560000 -0.392843095217
1425  3.562500 -0.392998284405
1426  3.565000 -0.393173016179
1427  3.567500 -0.393366244821
1428  3.570000 -0.393576615562
1429  3.572500 -0.393802453520
1430  3.575000 -0.394041766362
1431  3.577500 -0.394292264102
1432  3.580000 -0.394551398140
1433  3.582500 -0.394816419531
1434  3.585000 -0.395084453775
1435  3.587500 -0.395352586739
1436  3.590000 -0.395617954362
1437  3.592500 -0.395877828023
1438  3.595000 -0.396129688278
1439  3.597500 -0.396371281672
1440  3.600000 -0.396600658027
1441  3.602500 -0.396816188334
1442  3.605000 -0.397016565475
1443  3.607500 -0.397200791283
1444  3.610000 -0.397368153909
1445  3.612500 -0.397518199259
1446  3.615000 -0.397650699675
1447  3.617500 -0.397765622296
1448  3.620000 -0.397863098765
1449  3.622500 -0.397943397332
1450  3.625000 -0.398006897895
1451  3.627500 -0.398054070163
1452  3.630000 -0.398085454862
1453  3.632500 -0.398101647800
1454  3.635000 -0.398103286501
1455  3.637500 -0.398091039092
1456  3.640000 -0.398065595145
1457  3.642500 -0.398027658175
1458  3.645000 -0.397977939536
1459  3.647500 -0.397917153480
1460  3.650000 -0.397846013181
1461  3.652500 -0.397765227550
1462  3.655000 -0.397675498702
1463  3.657500 -0.397577519950
1464  3.660000 -0.397471974228
1465  3.662500 -0.397359532857
1466  3.665000 -0.397240854587
1467  3.667500 -0.397116584860
1468  3.670000 -0.396987355243
1469  3.672500 -0.396853782996
1470  3.675000 -0.396716470744
1471  3.677500 -0.396576006223
1472  3.680000 -0.396432962086
1473  3.682500 -0.396287895745
1474  3.685000 -0.396141349236
1475  3.687500 -0.395993849101
1476  3.690000 -0.395845906271
1477  3.692500 -0.395698015951
1478  3.695000 -0.395550657484
1479  3.697500 -0.395404294213
1480  3.700000 -0.395259373320
1481  3.702500 -0.395116325644
1482  3.705000 -0.394975565475
1483  3.707500 -0.394837490335
1484  3.710000 -0.394702480722
1485  3.712500 -0.394570899840
1486  3.715000 -0.394443093306
1487  3.717500 -0.394319388833
1488  3.720000 -0.394200095902
1489  3.722500 -0.394085505410
1490  3.725000 -0.393975889313
1491  3.727500 -0.393871500262
1492  3.730000 -0.393772571231
1493  3.732500 -0.393679315153
1494  3.735000 -0.393591924563
1495  3.737500 -0.393510571253
1496  3.740000 -0.393435405956
1497  3.742500 -0.393366558050
1498  3.745000 -0.393304135310
1499  3.747500 -0.393248223695
1500  3.750000 -0.393198887194
1501  3.752500 -0.393156167734
1502  3.755000 -0.393120085152
1503  3.757500 -0.393090637249
1504  3.760000 -0.393067799921
1505  3.762500 -0.393051527389
1506  3.765000 -0.393041752511
1507  3.767500 -0.393038387203
1508  3.770000 -0.393041322954
1509  3.772500 -0.393050431445
1510  3.775000 -0.393065565271
1511  3.777500 -0.393086558754
1512  3.780000 -0.393113228857
1513  3.782500 -0.393145376182
1514  3.785000 -0.393182786053
1515  3.787500 -0.393225229662
1516  3.790000 -0.393272465284
1517  3.792500 -0.393324239539
1518  3.795000 -0.393380288688
1519  3.797500 -0.393440339963
1520  3.800000 -0.393504112898
1521  3.802500 -0.393571320675
1522  3.805000 -0.393641671448
1523  3.807500 -0.393714869653
1524  3.810000 -0.393790617285
1525  3.812500 -0.393868615139
1526  3.815000 -0.393948563999
1527  3.817500 -0.394030165793
1528  3.820000 -0.394113124670
1529  3.822500 -0.394197148045
1530  3.825000 -0.394281947568
1531  3.827500 -0.394367240044
1532  3.830000 -0.394452748290
1533  3.832500 -0.394538201939
1534  3.835000 -0.394623338185
1535  3.837500 -0.394707902478
1536  3.840000 -0.394791649163
1537  3.842500 -0.394874342072
1538  3.845000 -0.394955755059
1539  3.847500 -0.395035672500
1540  3.850000 -0.395113889729
1541  3.852500 -0.395190213432
1542  3.855000 -0.395264461997
1543  3.857500 -0.395336465806
1544  3.860000 -0.395406067481
1545  3.862500 -0.395473122073
1546  3.865000 -0.395537497202
1547  3.867500 -0.395599073142
1548  3.870000 -0.395657742841
1549  3.872500 -0.395713411894
1550  3.875000 -0.395765998448
1551  3.877500 -0.395815433055
1552  3.880000 -0.395861658457
1553  3.882500 -0.395904629319
1554  3.885000 -0.395944311900
1555  3.887500 -0.395980683664
1556  3.890000 -0.396013732834
1557  3.892500 -0.396043457900
1558  3.895000 -0.396069867063
1559  3.897500 -0.396092977637
1560  3.900000 -0.396112815404
1561  3.902500 -0.396129413923
1562  3.905000 -0.396142813804
1563  3.907500 -0.396153061941
1564  3.910000 -0.396160210720
1565  3.912500 -0.396164317200
1566  3.915000 -0.396165442263
1567  3.917500 -0.396163649764
1568  3.920000 -0.396159005653
1569  3.922500 -0.396151577101
1570  3.925000 -0.396141431623
1571  3.927500 -0.396128636206
1572  3.930000 -0.396113256449
1573  3.932500 -0.396095355728
1574  3.935000 -0.396074994377
1575  3.937500 -0.396052228914
1576  3.940000 -0.396027111297
1577  3.942500 -0.395999688240
1578  3.945000 -0.395970000579
1579  3.947500 -0.395938082710
1580  3.950000 -0.395903962096
1581  3.952500 -0.395867658863
1582  3.955000 -0.395829185481
1583  3.957500 -0.395788546548
1584  3.960000 -0.395745738678
1585  3.962500 -0.395700750506
1586  3.965000 -0.395653562798
1587  3.967500 -0.395604148701
1588  3.970000 -0.395552474098
1589  3.972500 -0.395498498103
1590  3.975000 -0.395442173669
1591  3.977500 -0.395383448321
1592  3.980000 -0.395322265003
1593  3.982500 -0.395258563037
1594  3.985000 -0.395192279172
1595  3.987500 -0.395123348726
1596  3.990000 -0.395051706800
1597  3.992500 -0.394977289554
1598  3.995000 -0.394900035522
1599  3.997500 -0.394819886956
1600  4.000000 -0.394736791182
1601  4.002500 -0.394650701943
1602  4.005000 -0.394561580727
1603  4.007500 -0.394469398046
1604  4.010000 -0.394374134671
1605  4.012500 -0.394275782790
1606  4.015000 -0.394174347100
1607  4.017500 -0.394069845801
1608  4.020000 -0.393962311504
1609  4.022500 -0.393851792037
1610  4.025000 -0.393738351152
1611  4.027500 -0.393622069127
1612  4.030000 -0.393503043268
1613  4.032500 -0.393381388318
1614  4.035000 -0.393257236768
1615  4.037500 -0.393130739079
1616  4.040000 -0.393002063827
1617  4.042500 -0.392871397773
1618  4.045000 -0.392738945866
1619  4.047500 -0.392604931187
1620  4.050000 -0.392469594848
1621  4.052500 -0.392333195840
1622  4.055000 -0.392196010856
1623  4.057500 -0.392058334082
1624  4.060000 -0.391920476965
1625  4.062500 -0.391782767971
1626  4.065000 -0.391645552325
1627  4.067500 -0.391509191754
1628  4.070000 -0.391374064222
1629  4.072500 -0.391240563658
1630  4.075000 -0.391109099694
1631  4.077500 -0.390980097397
1632  4.080000 -0.390853996994
1633  4.082500 -0.390731253595
1634  4.085000 -0.390612336901
1635  4.087500 -0.390497730895
1636  4.090000 -0.390387933501
1637  4.092500 -0.390283456192
1638  4.095000 -0.390184823555
1639  4.097500 -0.390092572756
1640  4.100000 -0.390007252908
1641  4.102500 -0.389929424302
1642  4.105000 -0.389859657451
1643  4.107500 -0.389798531910
1644  4.110000 -0.389746634815
1645  4.112500 -0.389704559054
1646  4.115000 -0.389672901002
1647  4.117500 -0.389652257693
1648  4.120000 -0.389643223328
1649  4.122500 -0.389646384939
1650  4.125000 -0.389662317056
1651  4.127500 -0.389691575152
1652  4.130000 -0.389734687634
1653  4.132500 -0.389792146119
1654  4.135000 -0.389864393691
1655  4.137500 -0.389951810870
1656  4.140000 -0.390054698994
1657  4.142500 -0.390173260818
1658  4.145000 -0.390307578237
1659  4.147500 -0.390457587245
1660  4.150000 -0.390623050606
1661  4.152500 -0.390803529118
1662  4.155000 -0.390998353021
1663  4.157500 -0.391206595768
1664  4.160000 -0.391427053147
1665  4.162500 -0.391658231345
1666  4.165000 -0.391898347758
1667  4.167500 -0.392145348004
1668  4.170000 -0.392396941319
1669  4.172500 -0.392650654460
1670  4.175000 -0.392903901575
1671  4.177500 -0.393154064794
1672  4.180000 -0.393398578316
1673  4.182500 -0.393635008076
1674  4.185000 -0.393861119900
1675  4.187500 -0.394074931152
1676  4.190000 -0.394274743605
1677  4.192500 -0.394459157919
1678  4.195000 -0.394627072133
1679  4.197500 -0.394777667732
1680  4.200000 -0.394910387161
1681  4.202500 -0.395024906388
1682  4.205000 -0.395121105450
1683  4.207500 -0.395199039179
1684  4.210000 -0.395258909571
1685  4.212500 -0.395301040652
1686  4.215000 -0.395325856261
1687  4.217500 -0.395333860821
1688  4.220000 -0.395325622992
1689  4.222500 -0.395301761970
1690  4.225000 -0.395262936126
1691  4.227500 -0.395209833713
1692  4.230000 -0.395143165315
1693  4.232500 -0.395063657783
1694  4.235000 -0.394972049417
1695  4.237500 -0.394869086184
1696  4.240000 -0.394755518783
1697  4.242500 -0.394632100425
1698  4.245000 -0.394499585192
1699  4.247500 -0.394358726868
1700  4.250000 -0.394210278164
1701  4.252500 -0.394054990264
1702  4.255000 -0.393893612634
1703  4.257500 -0.393726893053
1704  4.260000 -0.393555577823
1705  4.262500 -0.393380412130
1706  4.265000 -0.393202140538
1707  4.267500 -0.393021507586
1708  4.270000 -0.392839258494
1709  4.272500 -0.392656139941
1710  4.275000 -0.392472900929
1711  4.277500 -0.392290293718
1712  4.280000 -0.392109074829
1713  4.282500 -0.391930006114
1714  4.285000 -0.391753855894
1715  4.287500 -0.391581400164
1716  4.290000 -0.391413423864
1717  4.292500 -0.391250722225
1718  4.295000 -0.391094102180
1719  4.297500 -0.390944383855
1720  4.300000 -0.390802402129
1721  4.302500 -0.390669008274
1722  4.305000 -0.390545071658
1723  4.307500 -0.390431481515
1724  4.310000 -0.390329148772
1725  4.312500 -0.390239007902
1726  4.315000 -0.390162018783
1727  4.317500 -0.390099168511
1728  4.320000 -0.390051473107
1729  4.322500 -0.390019979015
1730  4.325000 -0.390005764243
1731  4.327500 -0.390009938971
1732  4.330000 -0.390033645311
1733  4.332500 -0.390078055840
1734  4.335000 -0.390144370338
1735  4.337500 -0.390233809936
1736  4.340000 -0.390347607574
1737  4.342500 -0.390486993262
1738  4.345000 -0.390653172054
1739  4.347500 -0.390847291944
1740  4.350000 -0.391070398040
1741  4.352500 -0.391323368421
1742  4.355000 -0.391606826370
1743  4.357500 -0.391921023614
1744  4.360000 -0.392265690913
1745  4.362500 -0.392639857432
1746  4.365000 -0.393041650776
1747  4.367500 -0.393468106798
1748  4.370000 -0.393915039868
1749  4.372500 -0.394377040807
1750  4.375000 -0.394847663740
1751  4.377500 -0.395319819534
1752  4.380000 -0.395786319086
1753  4.382500 -0.396240443052
1754  4.385000 -0.396676401705
1755  4.387500 -0.397089599104
1756  4.390000 -0.397476693339
1757  4.392500 -0.397835502830
1758  4.395000 -0.398164827902
1759  4.397500 -0.398464246455
1760  4.400000 -0.398733921041
1761  4.402500 -0.398974434999
1762  4.405000 -0.399186662199
1763  4.407500 -0.399371668012
1764  4.410000 -0.399530636372
1765  4.412500 -0.399664817352
1766  4.415000 -0.399775490251
1767  4.417500 -0.399863938132
1768  4.420000 -0.399931430657
1769  4.422500 -0.399979212850
1770  4.425000 -0.400008498074
1771  4.427500 -0.400020463944
1772  4.430000 -0.400016250285
1773  4.432500 -0.399996958482
1774  4.435000 -0.399963651766
1775  4.437500 -0.399917356108
1776  4.440000 -0.399859061481
1777  4.442500 -0.399789723352
1778  4.445000 -0.399710264256
1779  4.447500 -0.399621575401
1780  4.450000 -0.399524518232
1781  4.452500 -0.399419925922
1782  4.455000 -0.399308604760
1783  4.457500 -0.399191335426
1784  4.460000 -0.399068874127
1785  4.462500 -0.398941953598
1786  4.465000 -0.398811283954
1787  4.467500 -0.398677553392
1788  4.470000 -0.398541428735
1789  4.472500 -0.398403555815
1790  4.475000 -0.398264559693
1791  4.477500 -0.398125044706
1792  4.480000 -0.397985594339
1793  4.482500 -0.397846770917
1794  4.485000 -0.397709115106
1795  4.487500 -0.397573145219
1796  4.490000 -0.397439356329
1797  4.492500 -0.397308219164
1798  4.495000 -0.397180178802
1799  4.497500 -0.397055653145
1800  4.500000 -0.396935031187
1801  4.502500 -0.396818671070
1802  4.505000 -0.396706897947
1803  4.507500 -0.396600001661
1804  4.510000 -0.396498234270
1805  4.512500 -0.396401807463
1806  4.515000 -0.396310889892
1807  4.517500 -0.396225604513
1808  4.520000 -0.396146025992
1809  4.522500 -0.396072178277
1810  4.525000 -0.396004032448
1811  4.527500 -0.395941504966
1812  4.530000 -0.395884456462
1813  4.532500 -0.395832691191
1814  4.535000 -0.395785957314
1815  4.537500 -0.395743948115
1816  4.540000 -0.395706304281
1817  4.542500 -0.395672617304
1818  4.545000 -0.395642434054
1819  4.547500 -0.395615262497
1820  4.550000 -0.395590578479
1821  4.552500 -0.395567833446
1822  4.555000 -0.395546462892
1823  4.557500 -0.395525895308
1824  4.560000 -0.395505561340
1825  4.562500 -0.395484902874
1826  4.565000 -0.395463381755
1827  4.567500 -0.395440487876
1828  4.570000 -0.395415746413
1829  4.572500 -0.395388724032
1830  4.575000 -0.395359033967
1831  4.577500 -0.395326339895
1832  4.580000 -0.395290358641
1833  4.582500 -0.395250861750
1834  4.585000 -0.395207676027
1835  4.587500 -0.395160683159
1836  4.590000 -0.395109818575
1837  4.592500 -0.395055069662
1838  4.595000 -0.394996473496
1839  4.597500 -0.394934114213
1840  4.600000 -0.394868120140
1841  4.602500 -0.394798660788
1842  4.605000 -0.394725943791
1843  4.607500 -0.394650211864
1844  4.610000 -0.394571739835
1845  4.612500 -0.394490831783
1846  4.615000 -0.394407818314
1847  4.617500 -0.394323053997
1848  4.620000 -0.394236914957
1849  4.622500 -0.394149796627
1850  4.625000 -0.394062111668
1851  4.627500 -0.393974288027
1852  4.630000 -0.393886767128
1853  4.632500 -0.393800002180
1854  4.635000 -0.393714456588
1855  4.637500 -0.393630602421
1856  4.640000 -0.393548918949
1857  4.642500 -0.393469891194
1858  4.645000 -0.393394008474
1859  4.647500 -0.393321762922
1860  4.650000 -0.393253647927
1861  4.652500 -0.393190156478
1862  4.655000 -0.393131779356
1863  4.657500 -0.393079003144
1864  4.660000 -0.393032307996
1865  4.662500 -0.392992165119
1866  4.665000 -0.392959033904
1867  4.667500 -0.392933358649
1868  4.670000 -0.392915564809
1869  4.672500 -0.392906054694
1870  4.675000 -0.392905202559
1871  4.677500 -0.392913349014
1872  4.680000 -0.392930794690
1873  4.682500 -0.392957793134
1874  4.685000 -0.392994542907
1875  4.687500 -0.393041178915
1876  4.690000 -0.393097763052
1877  4.692500 -0.393164274311
1878  4.695000 -0.393240598619
1879  4.697500 -0.393326518748
1880  4.700000 -0.393421704819
1881  4.702500 -0.393525706007
1882  4.705000 -0.393637944224
1883  4.707500 -0.393757710591
1884  4.710000 -0.393884165585
1885  4.712500 -0.394016343628
1886  4.715000 -0.394153162701
1887  4.717500 -0.394293439273
1888  4.720000 -0.394435908343
1889  4.722500 -0.394579247959
1890  4.725000 -0.394722107048
1891  4.727500 -0.394863135026
1892  4.730000 -0.395001011416
1893  4.732500 -0.395134473716
1894  4.735000 -0.395262341947
1895  4.737500 -0.395383538727
1896  4.740000 -0.395497104174
1897  4.742500 -0.395602205458
1898  4.745000 -0.395698141269
1899  4.747500 -0.395784341770
1900  4.750000 -0.395860364841
1901  4.752500 -0.395925889492
1902  4.755000 -0.395980707278
1903  4.757500 -0.396024712513
1904  4.760000 -0.396057891904
1905  4.762500 -0.396080314135
1906  4.765000 -0.396092119760
1907  4.767500 -0.396093511675
1908  4.770000 -0.396084746318
1909  4.772500 -0.396066125695
1910  4.775000 -0.396037990236
1911  4.777500 -0.396000712498
1912  4.780000 -0.395954691633
1913  4.782500 -0.395900348611
1914  4.785000 -0.395838122084
1915  4.787500 -0.395768464866
1916  4.790000 -0.395691840930
1917  4.792500 -0.395608722872
1918  4.795000 -0.395519589784
1919  4.797500 -0.395424925473
1920  4.800000 -0.395325216982
1921  4.802500 -0.395220953378
1922  4.805000 -0.395112624753
1923  4.807500 -0.395000721416
1924  4.810000 -0.394885733247
1925  4.812500 -0.394768149183
1926  4.815000 -0.394648456818
1927  4.817500 -0.394527142092
1928  4.820000 -0.394404689063
1929  4.822500 -0.394281579740
1930  4.825000 -0.394158293962
1931  4.827500 -0.394035309319
1932  4.830000 -0.393913101098
1933  4.832500 -0.393792142247
1934  4.835000 -0.393672903351
1935  4.837500 -0.393555852603
1936  4.840000 -0.393441455767
1937  4.842500 -0.393330176131
1938  4.845000 -0.393222474418
1939  4.847500 -0.393118808672
1940  4.850000 -0.393019634091
1941  4.852500 -0.392925402798
1942  4.855000 -0.392836563539
1943  4.857500 -0.392753561290
1944  4.860000 -0.392676836760
1945  4.862500 -0.392606825757
1946  4.865000 -0.392543958411
1947  4.867500 -0.392488658212
1948  4.870000 -0.392441340843
1949  4.872500 -0.392402412766
1950  4.875000 -0.392372269520
1951  4.877500 -0.392351293699
1952  4.880000 -0.392339852544
1953  4.882500 -0.392338295101
1954  4.885000 -0.392346948891
1955  4.887500 -0.392366116028
1956  4.890000 -0.392396068715
1957  4.892500 -0.392437044077
1958  4.895000 -0.392489238259
1959  4.897500 -0.392552799780
1960  4.900000 -0.392627822108
1961  4.902500 -0.392714335509
1962  4.905000 -0.392812298241
1963  4.907500 -0.392921587244
1964  4.910000 -0.393041988597
1965  4.912500 -0.393173188064
1966  4.915000 -0.393314762243
1967  4.917500 -0.393466170904
1968  4.920000 -0.393626751232
1969  4.922500 -0.393795714792
1970  4.925000 -0.393972148002
1971  4.927500 -0.394155016864
1972  4.930000 -0.394343176475
1973  4.932500 -0.394535385555
1974  4.935000 -0.394730325799
1975  4.937500 -0.394926625398
1976  4.940000 -0.395122885621
1977  4.942500 -0.395317708995
1978  4.945000 -0.395509727389
1979  4.947500 -0.395697628373
1980  4.950000 -0.395880178376
1981  4.952500 -0.396056241562
1982  4.955000 -0.396224793818
1983  4.957500 -0.396384931677
1984  4.960000 -0.396535876452
1985  4.962500 -0.396676974136
1986  4.965000 -0.396807691824
1987  4.967500 -0.396927611481
1988  4.970000 -0.397036421853
1989  4.972500 -0.397133909258
1990  4.975000 -0.397219947846
1991  4.977500 -0.397294489819
1992  4.980000 -0.397357555953
1993  4.982500 -0.397409226657
1994  4.985000 -0.397449633745
1995  4.987500 -0.397478952962
1996  4.990000 -0.397497397313
1997  4.992500 -0.397505211178
1998  4.995000 -0.397502665160
1999  4.997500 -0.397490051628
2000  5.000000 -0.397467680885
2001  5.002500 -0.397435877896
2002  5.005000 -0.397394979518
2003  5.007500 -0.397345332157
2004  5.010000 -0.397287289822
2005  5.012500 -0.397221212497
2006  5.015000 -0.397147464799
2007  5.017500 -0.397066414886
2008  5.020000 -0.396978433567
2009  5.022500 -0.396883893594
2010  5.025000 -0.396783169104
2011  5.027500 -0.396676635182
2012  5.030000 -0.396564667543
2013  5.032500 -0.396447642292
2014  5.035000 -0.396325935767
2015  5.037500 -0.396199924443
2016  5.040000 -0.396069984886
2017  5.042500 -0.395936493748
2018  5.045000 -0.395799827801
2019  5.047500 -0.395660363996
2020  5.050000 -0.395518479539
2021  5.052500 -0.395374551992
2022  5.055000 -0.395228959373
2023  5.057500 -0.395082080272
2024  5.060000 -0.394934293966
2025  5.062500 -0.394785980531
2026  5.065000 -0.394637520953
2027  5.067500 -0.394489297224
2028  5.070000 -0.394341692431
2029  5.072500 -0.394195090826
2030  5.075000 -0.394049877869
2031  5.077500 -0.393906440256
2032  5.080000 -0.393765165907
2033  5.082500 -0.393626443913
2034  5.085000 -0.393490664448
2035  5.087500 -0.393358218618
2036  5.090000 -0.393229498253
2037  5.092500 -0.393104895620
2038  5.095000 -0.392984803055
2039  5.097500 -0.392869612488
2040  5.100000 -0.392759714854
2041  5.102500 -0.392655499365
2042  5.105000 -0.392557352618
2043  5.107500 -0.392465657524
2044  5.110000 -0.392380792016
2045  5.112500 -0.392303127509
2046  5.115000 -0.392233027075
2047  5.117500 -0.392170843293
2048  5.120000 -0.392116915726
2049  5.122500 -0.392071567977
2050  5.125000 -0.392035104279
2051  5.127500 -0.392007805562
2052  5.130000 -0.391989924957
2053  5.132500 -0.391981682696
2054  5.135000 -0.391983260373
2055  5.137500 -0.391994794569
2056  5.140000 -0.392016369862
2057  5.142500 -0.392048011283
2058  5.145000 -0.392089676350
2059  5.147500 -0.392141246858
2060  5.150000 -0.392202520719
2061  5.152500 -0.392273204217
2062  5.155000 -0.392352905148
2063  5.157500 -0.392441127428
2064  5.160000 -0.392537267787
2065  5.162500 -0.392640615214
2066  5.165000 -0.392750353786
2067  5.167500 -0.392865569352
2068  5.170000 -0.392985260373
2069  5.172500 -0.393108352878
2070  5.175000 -0.393233719163
2071  5.177500 -0.393360199470
2072  5.180000 -0.393486625583
2073  5.182500 -0.393611845015
2074  5.185000 -0.393734744446
2075  5.187500 -0.393854271097
2076  5.190000 -0.393969450999
2077  5.192500 -0.394079403434
2078  5.195000 -0.394183351186
2079  5.197500 -0.394280626628
2080  5.200000 -0.394370673939
2081  5.202500 -0.394453047974
2082  5.205000 -0.394527410425
2083  5.207500 -0.394593523935
2084  5.210000 -0.394651244815
2085  5.212500 -0.394700514926
2086  5.215000 -0.394741353195
2087  5.217500 -0.394773847136
2088  5.220000 -0.394798144647
2089  5.222500 -0.394814446264
2090  5.225000 -0.394822997997
2091  5.227500 -0.394824084795
2092  5.230000 -0.394818024665
2093  5.232500 -0.394805163422
2094  5.235000 -0.394785870054
2095  5.237500 -0.394760532637
2096  5.240000 -0.394729554763
2097  5.242500 -0.394693352414
2098  5.245000 -0.394652351240
2099  5.247500 -0.394606984173
2100  5.250000 -0.394557689341
2101  5.252500 -0.394504908224
2102  5.255000 -0.394449084022
2103  5.257500 -0.394390660179
2104  5.260000 -0.394330079038
2105  5.262500 -0.394267780597
2106  5.265000 -0.394204201325
2107  5.267500 -0.394139773013
2108  5.270000 -0.394074921646
2109  5.272500 -0.394010066249
2110  5.275000 -0.393945617706
2111  5.277500 -0.393881977513
2112  5.280000 -0.393819536460
2113  5.282500 -0.393758673207
2114  5.285000 -0.393699752747
2115  5.287500 -0.393643124732
2116  5.290000 -0.393589121652
2117  5.292500 -0.393538056856
2118  5.295000 -0.393490222402
2119  5.297500 -0.393445886734
2120  5.300000 -0.393405292187
2121  5.302500 -0.393368652342
2122  5.305000 -0.393336149228
2123  5.307500 -0.393307930426
2124  5.310000 -0.393284106102
2125  5.312500 -0.393264746048
2126  5.315000 -0.393249876789
2127  5.317500 -0.393239478869
2128  5.320000 -0.393233484432
2129  5.322500 -0.393231775214
2130  5.325000 -0.393234181113
2131  5.327500 -0.393240479474
2132  5.330000 -0.393250395250
2133  5.332500 -0.393263602182
2134  5.335000 -0.393279725097
2135  5.337500 -0.393298343430
2136  5.340000 -0.393318995973
2137  5.342500 -0.393341186831
2138  5.345000 -0.393364392473
2139  5.347500 -0.393388069725
2140  5.350000 -0.393411664439
2141  5.352500 -0.393434620598
2142  5.355000 -0.393456389496
2143  5.357500 -0.393476438715
2144  5.360000 -0.393494260562
2145  5.362500 -0.393509379712
2146  5.365000 -0.393521359844
2147  5.367500 -0.393529809118
2148  5.370000 -0.393534384419
2149  5.372500 -0.393534794358
2150  5.375000 -0.393530801077
2151  5.377500 -0.393522220959
2152  5.380000 -0.393508924360
2153  5.382500 -0.393490834533
2154  5.385000 -0.393467925879
2155  5.387500 -0.393440221692
2156  5.390000 -0.393407791550
2157  5.392500 -0.393370748457
2158  5.395000 -0.393329245877
2159  5.397500 -0.393283474725
2160  5.400000 -0.393233660414
2161  5.402500 -0.393180059996
2162  5.405000 -0.393122959443
2163  5.407500 -0.393062671106
2164  5.410000 -0.392999531348
2165  5.412500 -0.392933898384
2166  5.415000 -0.392866150308
2167  5.417500 -0.392796683309
2168  5.420000 -0.392725910074
2169  5.422500 -0.392654258349
2170  5.425000 -0.392582169665
2171  5.427500 -0.392510098190
2172  5.430000 -0.392438509700
2173  5.432500 -0.392367880655
2174  5.435000 -0.392298697339
2175  5.437500 -0.392231455066
2176  5.440000 -0.392166657402
2177  5.442500 -0.392104815391
2178  5.445000 -0.392046446751
2179  5.447500 -0.391992075002
2180  5.450000 -0.391942228480
2181  5.452500 -0.391897439206
2182  5.455000 -0.391858241531
2183  5.457500 -0.391825170514
2184  5.460000 -0.391798759937
2185  5.462500 -0.391779539878
2186  5.465000 -0.391768033726
2187  5.467500 -0.391764754513
2188  5.470000 -0.391770200406
2189  5.472500 -0.391784849208
2190  5.475000 -0.391809151651
2191  5.477500 -0.391843523294
2192  5.480000 -0.391888334787
2193  5.482500 -0.391943900307
2194  5.485000 -0.392010463968
2195  5.487500 -0.392088184104
2196  5.490000 -0.392177115449
2197  5.492500 -0.392277189425
2198  5.495000 -0.392388193071
2199  5.497500 -0.392509747553
2200  5.500000 -0.392641287666
2201  5.502500 -0.392782044330
2202  5.505000 -0.392931032557
2203  5.507500 -0.393087047692
2204  5.510000 -0.393248672655
2205  5.512500 -0.393414298277
2206  5.515000 -0.393582157562
2207  5.517500 -0.393750372861
2208  5.520000 -0.393917012951
2209  5.522500 -0.394080155215
2210  5.525000 -0.394237947184
2211  5.527500 -0.394388661788
2212  5.530000 -0.394530741841
2213  5.532500 -0.394662831137
2214  5.535000 -0.394783791567
2215  5.537500 -0.394892707430
2216  5.540000 -0.394988879208
2217  5.542500 -0.395071809656
2218  5.545000 -0.395141184974
2219  5.547500 -0.395196853488
2220  5.550000 -0.395238803736
2221  5.552500 -0.395267143276
2222  5.555000 -0.395282079071
2223  5.557500 -0.395283899906
2224  5.560000 -0.395272960994
2225  5.562500 -0.395249670770
2226  5.565000 -0.395214479732
2227  5.567500 -0.395167871119
2228  5.570000 -0.395110353234
2229  5.572500 -0.395042453160
2230  5.575000 -0.394964711681
2231  5.577500 -0.394877679207
2232  5.580000 -0.394781912543
2233  5.582500 -0.394677972353
2234  5.585000 -0.394566421204
2235  5.587500 -0.394447822079
2236  5.590000 -0.394322737281
2237  5.592500 -0.394191727653
2238  5.595000 -0.394055352057
2239  5.597500 -0.393914167066
2240  5.600000 -0.393768726829
2241  5.602500 -0.393619583075
2242  5.605000 -0.393467285231
2243  5.607500 -0.393312380641
2244  5.610000 -0.393155414854
2245  5.612500 -0.392996931982
2246  5.615000 -0.392837475105
2247  5.617500 -0.392677586729
2248  5.620000 -0.392517809270
2249  5.622500 -0.392358685575
2250  5.625000 -0.392200759468
2251  5.627500 -0.392044576315
2252  5.630000 -0.391890683606
2253  5.632500 -0.391739631556
2254  5.635000 -0.391591973703
2255  5.637500 -0.391448267522
2256  5.640000 -0.391309075031
2257  5.642500 -0.391174963387
2258  5.645000 -0.391046505471
2259  5.647500 -0.390924280433
2260  5.650000 -0.390808874206
2261  5.652500 -0.390700879941
2262  5.655000 -0.390600898367
2263  5.657500 -0.390509538019
2264  5.660000 -0.390427415308
2265  5.662500 -0.390355154366
2266  5.665000 -0.390293386606
2267  5.667500 -0.390242749896
2268  5.670000 -0.390203887234
2269  5.672500 -0.390177444770
2270  5.675000 -0.390164068981
2271  5.677500 -0.390164402760
2272  5.680000 -0.390179080094
2273  5.682500 -0.390208718956
2274  5.685000 -0.390253911930
2275  5.687500 -0.390315213987
2276  5.690000 -0.390393126752
2277  5.692500 -0.390488078489
2278  5.695000 -0.390600399054
2279  5.697500 -0.390730289092
2280  5.700000 -0.390877783079
2281  5.702500 -0.391042706353
2282  5.705000 -0.391224627323
2283  5.707500 -0.391422807596
2284  5.710000 -0.391636154889
2285  5.712500 -0.391863185997
2286  5.715000 -0.392102009133
2287  5.717500 -0.392350335602
2288  5.720000 -0.392605528666
2289  5.722500 -0.392864692024
2290  5.725000 -0.393124792095
2291  5.727500 -0.393382799756
2292  5.730000 -0.393635831734
2293  5.732500 -0.393881271889
2294  5.735000 -0.394116858227
2295  5.737500 -0.394340730044
2296  5.740000 -0.394551437829
2297  5.742500 -0.394747923964
2298  5.745000 -0.394929484261
2299  5.747500 -0.395095719714
2300  5.750000 -0.395246485712
2301  5.752500 -0.395381843564
2302  5.755000 -0.395502017034
2303  5.757500 -0.395607355016
2304  5.760000 -0.395698300490
2305  5.762500 -0.395775365285
2306  5.765000 -0.395839109939
2307  5.767500 -0.395890127858
2308  5.770000 -0.395929033008
2309  5.772500 -0.395956450452
2310  5.775000 -0.395973009156
2311  5.777500 -0.395979336568
2312  5.780000 -0.395976054593
2313  5.782500 -0.395963776641
2314  5.785000 -0.395943105501
2315  5.787500 -0.395914631844
2316  5.790000 -0.395878933206
2317  5.792500 -0.395836573329
2318  5.795000 -0.395788101763
2319  5.797500 -0.395734053667
2320  5.800000 -0.395674949739
2321  5.802500 -0.395611296239
2322  5.805000 -0.395543585081
2323  5.807500 -0.395472293937
2324  5.810000 -0.395397886374
2325  5.812500 -0.395320811967
2326  5.815000 -0.395241506406
2327  5.817500 -0.395160391570
2328  5.820000 -0.395077875569
2329  5.822500 -0.394994352740
2330  5.825000 -0.394910203605
2331  5.827500 -0.394825794764
2332  5.830000 -0.394741478756
2333  5.832500 -0.394657593849
2334  5.835000 -0.394574463782
2335  5.837500 -0.394492397457
2336  5.840000 -0.394411688566
2337  5.842500 -0.394332615176
2338  5.845000 -0.394255439259
2339  5.847500 -0.394180406183
2340  5.850000 -0.394107744158
2341  5.852500 -0.394037663651
2342  5.855000 -0.393970356784
2343  5.857500 -0.393905996711
2344  5.860000 -0.393844737000
2345  5.862500 -0.393786711027
2346  5.865000 -0.393732031405
2347  5.867500 -0.393680789457
2348  5.870000 -0.393633054763
2349  5.872500 -0.393588874799
2350  5.875000 -0.393548274688
2351  5.877500 -0.393511257094
2352  5.880000 -0.393477802272
2353  5.882500 -0.393447868306
2354  5.885000 -0.393421391548
2355  5.887500 -0.393398287280
2356  5.890000 -0.393378450610
2357  5.892500 -0.393361757598
2358  5.895000 -0.393348066638
2359  5.897500 -0.393337220059
2360  5.900000 -0.393329045954
2361  5.902500 -0.393323360203
2362  5.905000 -0.393319968663
2363  5.907500 -0.393318669488
2364  5.910000 -0.393319255542
2365  5.912500 -0.393321516847
2366  5.915000 -0.393325243032
2367  5.917500 -0.393330225727
2368  5.920000 -0.393336260849
2369  5.922500 -0.393343150752
2370  5.925000 -0.393350706187
2371  5.927500 -0.393358748050
2372  5.930000 -0.393367108891
2373  5.932500 -0.393375634164
2374  5.935000 -0.393384183216
2375  5.937500 -0.393392630009
2376  5.940000 -0.393400863576
2377  5.942500 -0.393408788236
2378  5.945000 -0.393416323564
2379  5.947500 -0.393423404161
2380  5.950000 -0.393429979213
2381  5.952500 -0.393436011901
2382  5.955000 -0.393441478647
2383  5.957500 -0.393446368251
2384  5.960000 -0.393450680923
2385  5.962500 -0.393454427239
2386  5.965000 -0.393457627037
2387  5.967500 -0.393460308278
2388  5.970000 -0.393462505875
2389  5.972500 -0.393464260521
2390  5.975000 -0.393465617514
2391  5.977500 -0.393466625593
2392  5.980000 -0.393467335808
2393  5.982500 -0.393467800410
2394  5.985000 -0.393468071780
2395  5.987500 -0.393468201415
2396  5.990000 -0.393468238945
2397  5.992500 -0.393468231227
2398  5.995000 -0.393468221477
2399  5.997500 -0.393468248492
2400  6.000000 -0.393468345916
2401  6.002500 -0.393468541602
2402  6.005000 -0.393468857035
2403  6.007500 -0.393469306845
2404  6.010000 -0.393469898404
2405  6.012500 -0.393470631512
2406  6.015000 -0.393471498165
2407  6.017500 -0.393472482430
2408  6.020000 -0.393473560406
2409  6.022500 -0.393474700277
2410  6.025000 -0.393475862468
2411  6.027500 -0.393476999886
2412  6.030000 -0.393478058256
2413  6.032500 -0.393478976537
2414  6.035000 -0.393479687423
2415  6.037500 -0.393480117914
2416  6.040000 -0.393480189955
2417  6.042500 -0.393479821127
2418  6.045000 -0.393478925383
2419  6.047500 -0.393477413822
2420  6.050000 -0.393475195486
2421  6.052500 -0.393472178160
2422  6.055000 -0.393468269180
2423  6.057500 -0.393463376221
2424  6.060000 -0.393457408069
2425  6.062500 -0.393450275350
2426  6.065000 -0.393441891221
2427  6.067500 -0.393432172012
2428  6.070000 -0.393421037805
2429  6.072500 -0.393408412956
2430  6.075000 -0.393394226545
2431  6.077500 -0.393378412769
2432  6.080000 -0.393360911252
2433  6.082500 -0.393341667306
2434  6.085000 -0.393320632107
2435  6.087500 -0.393297762829
2436  6.090000 -0.393273022706
2437  6.092500 -0.393246381050
2438  6.095000 -0.393217813219
2439  6.097500 -0.393187300544
2440  6.100000 -0.393154830223
2441  6.102500 -0.393120395184
2442  6.105000 -0.393083993929
2443  6.107500 -0.393045630360
2444  6.110000 -0.393005313593
2445  6.112500 -0.392963057770
2446  6.115000 -0.392918881871
2447  6.117500 -0.392872809527
2448  6.120000 -0.392824868844
2449  6.122500 -0.392775092241
2450  6.125000 -0.392723516302
2451  6.127500 -0.392670181644
2452  6.130000 -0.392615132807
2453  6.132500 -0.392558418165
2454  6.135000 -0.392500089862
2455  6.137500 -0.392440203763
2456  6.140000 -0.392378819444
2457  6.142500 -0.392316000186
2458  6.145000 -0.392251813009
2459  6.147500 -0.392186328717
2460  6.150000 -0.392119621970
2461  6.152500 -0.392051771374
2462  6.155000 -0.391982859586
2463  6.157500 -0.391912973443
2464  6.160000 -0.391842204100
2465  6.162500 -0.391770647180
2466  6.165000 -0.391698402940
2467  6.167500 -0.391625576444
2468  6.170000 -0.391552277739
2469  6.172500 -0.391478622045
2470  6.175000 -0.391404729939
2471  6.177500 -0.391330727547
2472  6.180000 -0.391256746731
2473  6.182500 -0.391182925278
2474  6.185000 -0.391109407086
2475  6.187500 -0.391036342335
2476  6.190000 -0.390963887667
2477  6.192500 -0.390892206346
2478  6.195000 -0.390821468411
2479  6.197500 -0.390751850822
2480  6.200000 -0.390683537589
2481  6.202500 -0.390616719888
2482  6.205000 -0.390551596161
2483  6.207500 -0.390488372197
2484  6.210000 -0.390427261196
2485  6.212500 -0.390368483800
2486  6.215000 -0.390312268108
2487  6.217500 -0.390258849647
2488  6.220000 -0.390208471322
2489  6.222500 -0.390161383301
2490  6.225000 -0.390117842871
2491  6.227500 -0.390078114214
2492  6.230000 -0.390042468127
2493  6.232500 -0.390011181643
2494  6.235000 -0.389984537557
2495  6.237500 -0.389962823830
2496  6.240000 -0.389946332835
2497  6.242500 -0.389935360447
2498  6.245000 -0.389930204904
2499  6.247500 -0.389931165429
2500  6.250000 -0.389938540553
2501  6.252500 -0.389952626086
2502  6.255000 -0.389973712665
2503  6.257500 -0.390002082825
2504  6.260000 -0.390038007486
2505  6.262500 -0.390081741790
2506  6.265000 -0.390133520172
2507  6.267500 -0.390193550586
2508  6.270000 -0.390262007777
2509  6.272500 -0.390339025534
2510  6.275000 -0.390424687872
2511  6.277500 -0.390519019141
2512  6.280000 -0.390621973162
2513  6.282500 -0.390733421566
2514  6.285000 -0.390853141693
2515  6.287500 -0.390980804577
2516  6.290000 -0.391115963760
2517  6.292500 -0.391258045914
2518  6.295000 -0.391406344423
2519  6.297500 -0.391560017191
2520  6.300000 -0.391718089921
2521  6.302500 -0.391879465856
2522  6.305000 -0.392042942488
2523  6.307500 -0.392207235099
2524  6.310000 -0.392371006114
2525  6.312500 -0.392532898534
2526  6.315000 -0.392691571024
2527  6.317500 -0.392845732061
2528  6.320000 -0.392994170604
2529  6.322500 -0.393135781351
2530  6.325000 -0.393269583314
2531  6.327500 -0.393394731359
2532  6.330000 -0.393510521040
2533  6.332500 -0.393616387618
2534  6.335000 -0.393711900480
2535  6.337500 -0.393796754240
2536  6.340000 -0.393870757728
2537  6.342500 -0.393933821938
2538  6.345000 -0.393985947709
2539  6.347500 -0.394027213776
2540  6.350000 -0.394057765557
2541  6.352500 -0.394077804927
2542  6.355000 -0.394087581078
2543  6.357500 -0.394087382492
2544  6.360000 -0.394077529983
2545  6.362500 -0.394058370750
2546  6.365000 -0.394030273318
2547  6.367500 -0.393993623305
2548  6.370000 -0.393948819881
2549  6.372500 -0.393896272845
2550  6.375000 -0.393836400236
2551  6.377500 -0.393769626379
2552  6.380000 -0.393696380324
2553  6.382500 -0.393617094603
2554  6.385000 -0.393532204257
2555  6.387500 -0.393442146095
2556  6.390000 -0.393347358139
2557  6.392500 -0.393248279240
2558  6.395000 -0.393145348813
2559  6.397500 -0.393039006700
2560  6.400000 -0.392929693120
2561  6.402500 -0.392817848696
2562  6.405000 -0.392703914551
2563  6.407500 -0.392588332464
2564  6.410000 -0.392471545063
2565  6.412500 -0.392353996062
2566  6.415000 -0.392236130529
2567  6.417500 -0.392118395179
2568  6.420000 -0.392001238683
2569  6.422500 -0.391885112000
2570  6.425000 -0.391770468711
2571  6.427500 -0.391657765356
2572  6.430000 -0.391547461770
2573  6.432500 -0.391440021414
2574  6.435000 -0.391335911676
2575  6.437500 -0.391235604152
2576  6.440000 -0.391139574883
2577  6.442500 -0.391048304531
2578  6.445000 -0.390962278489
2579  6.447500 -0.390881986873
2580  6.450000 -0.390807924401
2581  6.452500 -0.390740590087
2582  6.455000 -0.390680486727
2583  6.457500 -0.390628120098
2584  6.460000 -0.390583997814
2585  6.462500 -0.390548627722
2586  6.465000 -0.390522515739
2587  6.467500 -0.390506162982
2588  6.470000 -0.390500062002
2589  6.472500 -0.390504691928
2590  6.475000 -0.390520512239
2591  6.477500 -0.390547954894
2592  6.480000 -0.390587414447
2593  6.482500 -0.390639235799
2594  6.485000 -0.390703699205
2595  6.487500 -0.390781002193
2596  6.490000 -0.390871238205
2597  6.492500 -0.390974371967
2598  6.495000 -0.391090212043
2599  6.497500 -0.391218381630
2600  6.500000 -0.391358289500
2601  6.502500 -0.391509104044
2602  6.505000 -0.391669734386
2603  6.507500 -0.391838823327
2604  6.510000 -0.392014756868
2605  6.512500 -0.392195693945
2606  6.515000 -0.392379617446
2607  6.517500 -0.392564403953
2608  6.520000 -0.392747905802
2609  6.522500 -0.392928036211
2610  6.525000 -0.393102847473
2611  6.527500 -0.393270593847
2612  6.530000 -0.393429774156
2613  6.532500 -0.393579153021
2614  6.535000 -0.393717762957
2615  6.537500 -0.393844891607
2616  6.540000 -0.393960059000
2617  6.542500 -0.394062989411
2618  6.545000 -0.394153581431
2619  6.547500 -0.394231878797
2620  6.550000 -0.394298043556
2621  6.552500 -0.394352332343
2622  6.555000 -0.394395076036
2623  6.557500 -0.394426662691
2624  6.560000 -0.394447523479
2625  6.562500 -0.394458121261
2626  6.565000 -0.394458941410
2627  6.567500 -0.394450484512
2628  6.570000 -0.394433260616
2629  6.572500 -0.394407784739
2630  6.575000 -0.394374573383
2631  6.577500 -0.394334141862
2632  6.580000 -0.394287002269
2633  6.582500 -0.394233661950
2634  6.585000 -0.394174622369
2635  6.587500 -0.394110378279
2636  6.590000 -0.394041417131
2637  6.592500 -0.393968218645
2638  6.595000 -0.393891254525
2639  6.597500 -0.393810988248
2640  6.600000 -0.393727874927
2641  6.602500 -0.393642361190
2642  6.605000 -0.393554885082
2643  6.607500 -0.393465875952
2644  6.610000 -0.393375754323
2645  6.612500 -0.393284931714
2646  6.615000 -0.393193810416
2647  6.617500 -0.393102783206
2648  6.620000 -0.393012232980
2649  6.622500 -0.392922532301
2650  6.625000 -0.392834042848
2651  6.627500 -0.392747114757
2652  6.630000 -0.392662085839
2653  6.632500 -0.392579280667
2654  6.635000 -0.392499009521
2655  6.637500 -0.392421567186
2656  6.640000 -0.392347231588
2657  6.642500 -0.392276262267
2658  6.645000 -0.392208898685
2659  6.647500 -0.392145358373
2660  6.650000 -0.392085834919
2661  6.652500 -0.392030495813
2662  6.655000 -0.391979480182
2663  6.657500 -0.391932896440
2664  6.660000 -0.391890819898
2665  6.662500 -0.391853290414
2666  6.665000 -0.391820310136
2667  6.667500 -0.391791841448
2668  6.670000 -0.391767805222
2669  6.672500 -0.391748079495
2670  6.675000 -0.391732498700
2671  6.677500 -0.391720853586
2672  6.680000 -0.391712891942
2673  6.682500 -0.391708320236
2674  6.685000 -0.391706806257
2675  6.687500 -0.391707982767
2676  6.690000 -0.391711452190
2677  6.692500 -0.391716792234
2678  6.695000 -0.391723562338
2679  6.697500 -0.391731310743
2680  6.700000 -0.391739581978
2681  6.702500 -0.391747924478
2682  6.705000 -0.391755898081
2683  6.707500 -0.391763081130
2684  6.710000 -0.391769076951
2685  6.712500 -0.391773519520
2686  6.715000 -0.391776078175
2687  6.717500 -0.391776461308
2688  6.720000 -0.391774419009
2689  6.722500 -0.391769744705
2690  6.725000 -0.391762275860
2691  6.727500 -0.391751893848
2692  6.730000 -0.391738523119
2693  6.732500 -0.391722129794
2694  6.735000 -0.391702719813
2695  6.737500 -0.391680336763
2696  6.740000 -0.391655059497
2697  6.742500 -0.391626999632
2698  6.745000 -0.391596299017
2699  6.747500 -0.391563127216
2700  6.750000 -0.391527679072
2701  6.752500 -0.391490172369
2702  6.755000 -0.391450845632
2703  6.757500 -0.391409956065
2704  6.760000 -0.391367777636
2705  6.762500 -0.391324599314
2706  6.765000 -0.391280723436
2707  6.767500 -0.391236464220
2708  6.770000 -0.391192146385
2709  6.772500 -0.391148103873
2710  6.775000 -0.391104678665
2711  6.777500 -0.391062219656
2712  6.780000 -0.391021081575
2713  6.782500 -0.390981623937
2714  6.785000 -0.390944209984
2715  6.787500 -0.390909205606
2716  6.790000 -0.390876978205
2717  6.792500 -0.390847895474
2718  6.795000 -0.390822324055
2719  6.797500 -0.390800628039
2720  6.800000 -0.390783167261
2721  6.802500 -0.390770295348
2722  6.805000 -0.390762357472
2723  6.807500 -0.390759687731
2724  6.810000 -0.390762606121
2725  6.812500 -0.390771415018
2726  6.815000 -0.390786395105
2727  6.817500 -0.390807800680
2728  6.820000 -0.390835854290
2729  6.822500 -0.390870740647
2730  6.825000 -0.390912599802
2731  6.827500 -0.390961519612
2732  6.830000 -0.391017527564
2733  6.832500 -0.391080582131
2734  6.835000 -0.391150563907
2735  6.837500 -0.391227266907
2736  6.840000 -0.391310390544
2737  6.842500 -0.391399532944
2738  6.845000 -0.391494186360
2739  6.847500 -0.391593735528
2740  6.850000 -0.391697459771
2741  6.852500 -0.391804539523
2742  6.855000 -0.391914067679
2743  6.857500 -0.392025065738
2744  6.860000 -0.392136504252
2745  6.862500 -0.392247326539
2746  6.865000 -0.392356474238
2747  6.867500 -0.392462912994
2748  6.870000 -0.392565656557
2749  6.872500 -0.392663787804
2750  6.875000 -0.392756475561
2751  6.877500 -0.392842986650
2752  6.880000 -0.392922693056
2753  6.882500 -0.392995074562
2754  6.885000 -0.393059717482
2755  6.887500 -0.393116310323
2756  6.890000 -0.393164637191
2757  6.892500 -0.393204569770
2758  6.895000 -0.393236058525
2759  6.897500 -0.393259123693
2760  6.900000 -0.393273846474
2761  6.902500 -0.393280360676
2762  6.905000 -0.393278845017
2763  6.907500 -0.393269516160
2764  6.910000 -0.393252622518
2765  6.912500 -0.393228438810
2766  6.915000 -0.393197261337
2767  6.917500 -0.393159403918
2768  6.920000 -0.393115194417
2769  6.922500 -0.393064971807
2770  6.925000 -0.393009083693
2771  6.927500 -0.392947884245
2772  6.930000 -0.392881732473
2773  6.932500 -0.392810990807
2774  6.935000 -0.392736023931
2775  6.937500 -0.392657197829
2776  6.940000 -0.392574879015
2777  6.942500 -0.392489433916
2778  6.945000 -0.392401228384
2779  6.947500 -0.392310627306
2780  6.950000 -0.392217994313
2781  6.952500 -0.392123691549
2782  6.955000 -0.392028079503
2783  6.957500 -0.391931516882
2784  6.960000 -0.391834360520
2785  6.962500 -0.391736965313
2786  6.965000 -0.391639684163
2787  6.967500 -0.391542867937
2788  6.970000 -0.391446865424
2789  6.972500 -0.391352023282
2790  6.975000 -0.391258685974
2791  6.977500 -0.391167195677
2792  6.980000 -0.391077892171
2793  6.982500 -0.390991112679
2794  6.985000 -0.390907191666
2795  6.987500 -0.390826460580
2796  6.990000 -0.390749247527
2797  6.992500 -0.390675876860
2798  6.995000 -0.390606668678
2799  6.997500 -0.390541938216
2800  7.000000 -0.390481995102
2801  7.002500 -0.390427142475
2802  7.005000 -0.390377675920
2803  7.007500 -0.390333882226
2804  7.010000 -0.390296037904
2805  7.012500 -0.390264407473
2806  7.015000 -0.390239241452
2807  7.017500 -0.390220774045
2808  7.020000 -0.390209220483
2809  7.022500 -0.390204773996
2810  7.025000 -0.390207602383
2811  7.027500 -0.390217844179
2812  7.030000 -0.390235604406
2813  7.032500 -0.390260949930
2814  7.035000 -0.390293904474
2815  7.037500 -0.390334443349
2816  7.040000 -0.390382488055
2817  7.042500 -0.390437900901
2818  7.045000 -0.390500479890
2819  7.047500 -0.390569954167
2820  7.050000 -0.390645980376
2821  7.052500 -0.390728140324
2822  7.055000 -0.390815940359
2823  7.057500 -0.390908812865
2824  7.060000 -0.391006120192
2825  7.062500 -0.391107161211
2826  7.065000 -0.391211180548
2827  7.067500 -0.391317380285
2828  7.070000 -0.391424933718
2829  7.072500 -0.391533000574
2830  7.075000 -0.391640742876
2831  7.077500 -0.391747340628
2832  7.080000 -0.391852006484
2833  7.082500 -0.391953998671
2834  7.085000 -0.392052631633
2835  7.087500 -0.392147284073
2836  7.090000 -0.392237404305
2837  7.092500 -0.392322513013
2838  7.095000 -0.392402203688
2839  7.097500 -0.392476141101
2840  7.100000 -0.392544058229
2841  7.102500 -0.392605752038
2842  7.105000 -0.392661078520
2843  7.107500 -0.392709947305
2844  7.110000 -0.392752316124
2845  7.112500 -0.392788185341
2846  7.115000 -0.392817592697
2847  7.117500 -0.392840608379
2848  7.120000 -0.392857330472
2849  7.122500 -0.392867880832
2850  7.125000 -0.392872401382
2851  7.127500 -0.392871050827
2852  7.130000 -0.392864001763
2853  7.132500 -0.392851438158
2854  7.135000 -0.392833553169
2855  7.137500 -0.392810547269
2856  7.140000 -0.392782626641
2857  7.142500 -0.392750001825
2858  7.145000 -0.392712886570
2859  7.147500 -0.392671496880
2860  7.150000 -0.392626050220
2861  7.152500 -0.392576764870
2862  7.155000 -0.392523859395
2863  7.157500 -0.392467552228
2864  7.160000 -0.392408061341
2865  7.162500 -0.392345603994
2866  7.165000 -0.392280396556
2867  7.167500 -0.392212654374
2868  7.170000 -0.392142591701
2869  7.172500 -0.392070421654
2870  7.175000 -0.391996356217
2871  7.177500 -0.391920606257
2872  7.180000 -0.391843381580
2873  7.182500 -0.391764890991
2874  7.185000 -0.391685342374
2875  7.187500 -0.391604942783
2876  7.190000 -0.391523898536
2877  7.192500 -0.391442415313
2878  7.195000 -0.391360698258
2879  7.197500 -0.391278952074
2880  7.200000 -0.391197381117
2881  7.202500 -0.391116189478
2882  7.205000 -0.391035581060
2883  7.207500 -0.390955759634
2884  7.210000 -0.390876928888
2885  7.212500 -0.390799292449
2886  7.215000 -0.390723053888
2887  7.217500 -0.390648416697
2888  7.220000 -0.390575584235
2889  7.222500 -0.390504759643
2890  7.225000 -0.390436145724
2891  7.227500 -0.390369944768
2892  7.230000 -0.390306358340
2893  7.232500 -0.390245587011
2894  7.235000 -0.390187830018
2895  7.237500 -0.390133284868
2896  7.240000 -0.390082146851
2897  7.242500 -0.390034608474
2898  7.245000 -0.389990858797
2899  7.247500 -0.389951082652
2900  7.250000 -0.389915459756
2901  7.252500 -0.389884163677
2902  7.255000 -0.389857360668
2903  7.257500 -0.389835208333
2904  7.260000 -0.389817854132
2905  7.262500 -0.389805433697
2906  7.265000 -0.389798068962
2907  7.267500 -0.389795866101
2908  7.270000 -0.389798913267
2909  7.272500 -0.389807278133
2910  7.275000 -0.389821005268
2911  7.277500 -0.389840113357
2912  7.280000 -0.389864592306
2913  7.282500 -0.389894400293
2914  7.285000 -0.389929460840
2915  7.287500 -0.389969659997
2916  7.290000 -0.390014843754
2917  7.292500 -0.390064815830
2918  7.295000 -0.390119335983
2919  7.297500 -0.390178119008
2920  7.300000 -0.390240834606
2921  7.302500 -0.390307108258
2922  7.305000 -0.390376523260
2923  7.307500 -0.390448623988
2924  7.310000 -0.390522920424
2925  7.312500 -0.390598893910
2926  7.315000 -0.390676003992
2927  7.317500 -0.390753696144
2928  7.320000 -0.390831410122
2929  7.322500 -0.390908588595
2930  7.325000 -0.390984685717
2931  7.327500 -0.391059175296
2932  7.330000 -0.391131558240
2933  7.332500 -0.391201369031
2934  7.335000 -0.391268181042
2935  7.337500 -0.391331610601
2936  7.340000 -0.391391319778
2937  7.342500 -0.391447017945
2938  7.345000 -0.391498462210
2939  7.347500 -0.391545456880
2940  7.350000 -0.391587852093
2941  7.352500 -0.391625541821
2942  7.355000 -0.391658461381
2943  7.357500 -0.391686584626
2944  7.360000 -0.391709920938
2945  7.362500 -0.391728512134
2946  7.365000 -0.391742429383
2947  7.367500 -0.391751770192
2948  7.370000 -0.391756655510
2949  7.372500 -0.391757227000
2950  7.375000 -0.391753644469
2951  7.377500 -0.391746083499
2952  7.380000 -0.391734733256
2953  7.382500 -0.391719794481
2954  7.385000 -0.391701477656
2955  7.387500 -0.391680001331
2956  7.390000 -0.391655590590
2957  7.392500 -0.391628475660
2958  7.395000 -0.391598890621
2959  7.397500 -0.391567072235
2960  7.400000 -0.391533258840
2961  7.402500 -0.391497689331
2962  7.405000 -0.391460602186
2963  7.407500 -0.391422234548
2964  7.410000 -0.391382821324
2965  7.412500 -0.391342594321
2966  7.415000 -0.391301781379
2967  7.417500 -0.391260605509
2968  7.420000 -0.391219284029
2969  7.422500 -0.391178027673
2970  7.425000 -0.391137039690
2971  7.427500 -0.391096514907
2972  7.430000 -0.391056638774
2973  7.432500 -0.391017586361
2974  7.435000 -0.390979521340
2975  7.437500 -0.390942594926
2976  7.440000 -0.390906944801
2977  7.442500 -0.390872694014
2978  7.445000 -0.390839949888
2979  7.447500 -0.390808802924
2980  7.450000 -0.390779325742
2981  7.452500 -0.390751572071
2982  7.455000 -0.390725575813
2983  7.457500 -0.390701350223
2984  7.460000 -0.390678887222
2985  7.462500 -0.390658156900
2986  7.465000 -0.390639107227
2987  7.467500 -0.390621664022
2988  7.470000 -0.390605731212
2989  7.472500 -0.390591191419
2990  7.475000 -0.390577906891
2991  7.477500 -0.390565720796
2992  7.480000 -0.390554458895
2993  7.482500 -0.390543931572
2994  7.485000 -0.390533936208
2995  7.487500 -0.390524259864
2996  7.490000 -0.390514682214
2997  7.492500 -0.390504978676
2998  7.495000 -0.390494923660
2999  7.497500 -0.390484293864
