NMSE:
NARMA2    10    20
0.000349    0.337556    0.117778    
---parameters---
WASHOUT = 5000, LEARNING = 5000, EVAL = 1000
N = 64, M = 112
dt = 0.002500
T_input = 1
natural_length = 1.000000
fixed_points_index: 0 
input_points_index: 25 50 
input_weights: 1.000000 1.000000 
range_of_k: 100.000000~2000.000000
range_of_gamma: 0.001000~0.010000
---index_of_l[i]  k  gamma---
0   1000.000000   0.005000
1   1000.000000   0.005000
2   1000.000000   0.005000
3   1000.000000   0.005000
4   1000.000000   0.005000
5   1000.000000   0.005000
6   1000.000000   0.005000
7   1000.000000   0.005000
8   1000.000000   0.005000
9   1000.000000   0.005000
10   1000.000000   0.005000
11   1000.000000   0.005000
12   1000.000000   0.005000
13   1000.000000   0.005000
14   1000.000000   0.005000
15   1000.000000   0.005000
16   1000.000000   0.005000
17   1000.000000   0.005000
18   1000.000000   0.005000
19   1000.000000   0.005000
20   1000.000000   0.005000
21   1000.000000   0.005000
22   1000.000000   0.005000
23   1000.000000   0.005000
24   1000.000000   0.005000
25   1000.000000   0.005000
26   1000.000000   0.005000
27   1000.000000   0.005000
28   1000.000000   0.005000
29   1000.000000   0.005000
30   1000.000000   0.005000
31   1000.000000   0.005000
32   1000.000000   0.005000
33   1000.000000   0.005000
34   1000.000000   0.005000
35   1000.000000   0.005000
36   1000.000000   0.005000
37   1000.000000   0.005000
38   1000.000000   0.005000
39   1000.000000   0.005000
40   1000.000000   0.005000
41   1000.000000   0.005000
42   1000.000000   0.005000
43   1000.000000   0.005000
44   1000.000000   0.005000
45   1000.000000   0.005000
46   1000.000000   0.005000
47   1000.000000   0.005000
48   1000.000000   0.005000
49   1000.000000   0.005000
50   1000.000000   0.005000
51   1000.000000   0.005000
52   1000.000000   0.005000
53   1000.000000   0.005000
54   1000.000000   0.005000
55   1000.000000   0.005000
56   1000.000000   0.005000
57   1000.000000   0.005000
58   1000.000000   0.005000
59   1000.000000   0.005000
60   1000.000000   0.005000
61   1000.000000   0.005000
62   1000.000000   0.005000
63   1000.000000   0.005000
64   1000.000000   0.005000
65   1000.000000   0.005000
66   1000.000000   0.005000
67   1000.000000   0.005000
68   1000.000000   0.005000
69   1000.000000   0.005000
70   1000.000000   0.005000
71   1000.000000   0.005000
72   1000.000000   0.005000
73   1000.000000   0.005000
74   1000.000000   0.005000
75   1000.000000   0.005000
76   1000.000000   0.005000
77   1000.000000   0.005000
78   1000.000000   0.005000
79   1000.000000   0.005000
80   1000.000000   0.005000
81   1000.000000   0.005000
82   1000.000000   0.005000
83   1000.000000   0.005000
84   1000.000000   0.005000
85   1000.000000   0.005000
86   1000.000000   0.005000
87   1000.000000   0.005000
88   1000.000000   0.005000
89   1000.000000   0.005000
90   1000.000000   0.005000
91   1000.000000   0.005000
92   1000.000000   0.005000
93   1000.000000   0.005000
94   1000.000000   0.005000
95   1000.000000   0.005000
96   1000.000000   0.005000
97   1000.000000   0.005000
98   1000.000000   0.005000
99   1000.000000   0.005000
100   1000.000000   0.005000
101   1000.000000   0.005000
102   1000.000000   0.005000
103   1000.000000   0.005000
104   1000.000000   0.005000
105   1000.000000   0.005000
106   1000.000000   0.005000
107   1000.000000   0.005000
108   1000.000000   0.005000
109   1000.000000   0.005000
110   1000.000000   0.005000
111   1000.000000   0.005000
