#n  ms_narma2 ms_narma10  ms_narma20  narma2  narma10  narma20
7000  0.192185  0.173690  0.195718  0.192236  0.190230  0.213931
7001  0.191942  0.173834  0.196084  0.192010  0.189053  0.215452
7002  0.191700  0.173904  0.196602  0.191798  0.187328  0.216607
7003  0.191467  0.173883  0.197265  0.191609  0.185161  0.217318
7004  0.191246  0.173754  0.198056  0.191448  0.182678  0.217548
7005  0.191043  0.173495  0.198958  0.191317  0.180012  0.217296
7006  0.190862  0.173085  0.199945  0.191215  0.177296  0.216603
7007  0.190706  0.172502  0.200991  0.191139  0.174649  0.215538
7008  0.190579  0.171725  0.202063  0.191085  0.172173  0.214197
7009  0.190482  0.170738  0.203130  0.191048  0.169946  0.212685
7010  0.190416  0.169526  0.204157  0.191023  0.168016  0.211116
7011  0.190383  0.168080  0.205109  0.191008  0.166407  0.209591
7012  0.190382  0.166396  0.205954  0.190998  0.165116  0.208200
7013  0.190411  0.164478  0.206661  0.190992  0.164119  0.207008
7014  0.190468  0.162335  0.207203  0.190988  0.163379  0.206054
7015  0.190551  0.159988  0.207557  0.190986  0.162850  0.205349
7016  0.190657  0.157461  0.207705  0.190985  0.162483  0.204879
7017  0.190780  0.154791  0.207638  0.190984  0.162233  0.204608
7018  0.190917  0.152021  0.207349  0.190984  0.162061  0.204485
7019  0.191064  0.149200  0.206842  0.190983  0.161938  0.204450
7020  0.191214  0.146384  0.206127  0.190983  0.161842  0.204445
7021  0.191363  0.143636  0.205220  0.190983  0.161763  0.204417
7022  0.191506  0.141020  0.204145  0.190983  0.161697  0.204328
7023  0.191637  0.138604  0.202932  0.190983  0.161642  0.204154
7024  0.191753  0.136456  0.201617  0.190983  0.161601  0.203891
7025  0.191848  0.134642  0.200240  0.190983  0.161573  0.203550
7026  0.191919  0.133224  0.198843  0.190983  0.161558  0.203157
7027  0.191964  0.132260  0.197472  0.190983  0.161551  0.202746
7028  0.191978  0.131799  0.196173  0.190982  0.161544  0.202355
7029  0.191961  0.131882  0.194990  0.190981  0.161532  0.202016
7030  0.191911  0.132539  0.193966  0.190977  0.161510  0.201755
7031  0.191828  0.133787  0.193140  0.190969  0.161482  0.201586
7032  0.191713  0.135631  0.192545  0.190952  0.161461  0.201507
7033  0.191567  0.138062  0.192210  0.190920  0.161473  0.201503
7034  0.191392  0.141056  0.192154  0.190866  0.161562  0.201549
7035  0.191191  0.144574  0.192388  0.190778  0.161787  0.201608
7036  0.190967  0.148566  0.192918  0.190645  0.162221  0.201647
7037  0.190725  0.152965  0.193735  0.190454  0.162949  0.201634
7038  0.190468  0.157695  0.194827  0.190193  0.164062  0.201550
7039  0.190202  0.162670  0.196168  0.189853  0.165648  0.201395
7040  0.189932  0.167793  0.197726  0.189430  0.167784  0.201188
7041  0.189663  0.172962  0.199463  0.188926  0.170529  0.200972
7042  0.189399  0.178073  0.201330  0.188352  0.173911  0.200813
7043  0.189147  0.183017  0.203278  0.187724  0.177927  0.200791
7044  0.188912  0.187691  0.205249  0.187072  0.182528  0.201001
7045  0.188697  0.191992  0.207187  0.186429  0.187627  0.201539
7046  0.188506  0.195827  0.209032  0.185833  0.193092  0.202492
7047  0.188345  0.199110  0.210728  0.185324  0.198753  0.203928
7048  0.188215  0.201769  0.212220  0.184936  0.204409  0.205890
7049  0.188119  0.203743  0.213458  0.184699  0.209836  0.208379
7050  0.188059  0.204989  0.214398  0.184632  0.214801  0.211361
7051  0.188036  0.205478  0.215003  0.184740  0.219076  0.214753
7052  0.188050  0.205202  0.215244  0.185018  0.222448  0.218434
7053  0.188100  0.204167  0.215103  0.185444  0.224738  0.222247
7054  0.188186  0.202399  0.214570  0.185989  0.225809  0.226008
7055  0.188304  0.199941  0.213648  0.186615  0.225584  0.229519
7056  0.188453  0.196851  0.212346  0.187282  0.224046  0.232580
7057  0.188629  0.193205  0.210688  0.187949  0.221248  0.235008
7058  0.188829  0.189086  0.208704  0.188580  0.217308  0.236645
7059  0.189047  0.184593  0.206435  0.189148  0.212407  0.237376
7060  0.189280  0.179828  0.203926  0.189635  0.206774  0.237137
7061  0.189523  0.174903  0.201233  0.190032  0.200676  0.235920
7062  0.189770  0.169928  0.198412  0.190338  0.194392  0.233782
7063  0.190016  0.165014  0.195526  0.190563  0.188201  0.230835
7064  0.190256  0.160269  0.192636  0.190719  0.182357  0.227245
7065  0.190485  0.155793  0.189805  0.190822  0.177070  0.223219
7066  0.190699  0.151680  0.187093  0.190886  0.172497  0.218990
7067  0.190893  0.148009  0.184557  0.190924  0.168734  0.214801
7068  0.191063  0.144849  0.182247  0.190948  0.165810  0.210886
7069  0.191205  0.142254  0.180209  0.190963  0.163695  0.207451
7070  0.191318  0.140262  0.178480  0.190974  0.162308  0.204660
7071  0.191398  0.138895  0.177090  0.190982  0.161530  0.202621
7072  0.191445  0.138161  0.176058  0.190987  0.161215  0.201379
7073  0.191457  0.138048  0.175395  0.190990  0.161214  0.200914
7074  0.191436  0.138535  0.175104  0.190990  0.161379  0.201145
7075  0.191380  0.139582  0.175179  0.190989  0.161584  0.201940
7076  0.191293  0.141141  0.175603  0.190987  0.161728  0.203128
7077  0.191176  0.143151  0.176356  0.190986  0.161746  0.204518
7078  0.191032  0.145546  0.177406  0.190985  0.161609  0.205917
7079  0.190864  0.148253  0.178722  0.190983  0.161325  0.207146
7080  0.190677  0.151195  0.180263  0.190981  0.160933  0.208054
7081  0.190475  0.154296  0.181990  0.190973  0.160496  0.208534
7082  0.190262  0.157479  0.183859  0.190957  0.160093  0.208529
7083  0.190044  0.160673  0.185829  0.190929  0.159809  0.208032
7084  0.189824  0.163811  0.187857  0.190887  0.159722  0.207087
7085  0.189609  0.166832  0.189906  0.190831  0.159897  0.205778
7086  0.189402  0.169685  0.191939  0.190762  0.160373  0.204223
7087  0.189208  0.172328  0.193927  0.190684  0.161164  0.202561
7088  0.189031  0.174727  0.195842  0.190602  0.162251  0.200932
7089  0.188875  0.176860  0.197664  0.190523  0.163590  0.199472
7090  0.188742  0.178713  0.199378  0.190456  0.165107  0.198295
7091  0.188635  0.180283  0.200974  0.190405  0.166714  0.197484
7092  0.188556  0.181575  0.202447  0.190377  0.168309  0.197087
7093  0.188506  0.182600  0.203797  0.190373  0.169792  0.197111
7094  0.188485  0.183377  0.205031  0.190394  0.171067  0.197525
7095  0.188492  0.183930  0.206154  0.190435  0.172056  0.198264
7096  0.188526  0.184284  0.207179  0.190493  0.172701  0.199236
7097  0.188586  0.184470  0.208119  0.190562  0.172971  0.200335
7098  0.188669  0.184516  0.208986  0.190636  0.172862  0.201448
7099  0.188772  0.184450  0.209793  0.190707  0.172398  0.202468
7100  0.188892  0.184299  0.210555  0.190773  0.171627  0.203306
7101  0.189025  0.184085  0.211281  0.190830  0.170615  0.203896
7102  0.189168  0.183829  0.211979  0.190876  0.169442  0.204201
7103  0.189316  0.183545  0.212656  0.190911  0.168190  0.204215
7104  0.189466  0.183243  0.213313  0.190936  0.166940  0.203964
7105  0.189614  0.182928  0.213948  0.190953  0.165764  0.203497
7106  0.189757  0.182601  0.214558  0.190965  0.164716  0.202883
7107  0.189891  0.182257  0.215134  0.190972  0.163834  0.202202
7108  0.190013  0.181890  0.215664  0.190976  0.163135  0.201534
7109  0.190122  0.181489  0.216135  0.190979  0.162617  0.200954
7110  0.190217  0.181042  0.216532  0.190981  0.162263  0.200519
7111  0.190295  0.180537  0.216838  0.190982  0.162042  0.200269
7112  0.190357  0.179960  0.217035  0.190982  0.161919  0.200219
7113  0.190403  0.179300  0.217109  0.190982  0.161857  0.200361
7114  0.190435  0.178548  0.217043  0.190983  0.161823  0.200665
7115  0.190453  0.177700  0.216826  0.190983  0.161791  0.201085
7116  0.190460  0.176753  0.216449  0.190983  0.161746  0.201563
7117  0.190459  0.175711  0.215906  0.190982  0.161684  0.202038
7118  0.190453  0.174583  0.215196  0.190981  0.161609  0.202454
7119  0.190444  0.173383  0.214324  0.190979  0.161534  0.202762
7120  0.190437  0.172132  0.213299  0.190976  0.161477  0.202931
7121  0.190435  0.170853  0.212136  0.190973  0.161455  0.202949
7122  0.190441  0.169577  0.210853  0.190969  0.161480  0.202821
7123  0.190459  0.168338  0.209475  0.190965  0.161558  0.202570
7124  0.190491  0.167171  0.208031  0.190962  0.161684  0.202233
7125  0.190541  0.166116  0.206551  0.190960  0.161845  0.201856
7126  0.190610  0.165212  0.205071  0.190961  0.162014  0.201483
7127  0.190701  0.164497  0.203626  0.190963  0.162159  0.201156
7128  0.190813  0.164007  0.202253  0.190967  0.162245  0.200904
7129  0.190947  0.163776  0.200988  0.190972  0.162239  0.200742
7130  0.191103  0.163830  0.199863  0.190976  0.162113  0.200662
7131  0.191280  0.164191  0.198911  0.190979  0.161854  0.200644
7132  0.191474  0.164873  0.198157  0.190981  0.161468  0.200646
7133  0.191684  0.165882  0.197622  0.190983  0.160977  0.200617
7134  0.191906  0.167213  0.197323  0.190990  0.160429  0.200502
7135  0.192136  0.168853  0.197268  0.191006  0.159889  0.200247
7136  0.192370  0.170780  0.197457  0.191038  0.159439  0.199810
7137  0.192602  0.172961  0.197886  0.191094  0.159171  0.199164
7138  0.192828  0.175355  0.198539  0.191181  0.159177  0.198310
7139  0.193042  0.177913  0.199398  0.191303  0.159542  0.197273
7140  0.193239  0.180577  0.200433  0.191461  0.160335  0.196105
7141  0.193413  0.183285  0.201610  0.191652  0.161597  0.194886
7142  0.193560  0.185972  0.202892  0.191867  0.163337  0.193712
7143  0.193675  0.188569  0.204234  0.192092  0.165524  0.192690
7144  0.193754  0.191008  0.205592  0.192313  0.168091  0.191927
7145  0.193794  0.193222  0.206917  0.192508  0.170932  0.191518
7146  0.193792  0.195149  0.208164  0.192660  0.173906  0.191537
7147  0.193747  0.196733  0.209285  0.192753  0.176852  0.192023
7148  0.193658  0.197926  0.210240  0.192776  0.179593  0.192978
7149  0.193525  0.198688  0.210989  0.192727  0.181951  0.194359
7150  0.193349  0.198992  0.211502  0.192609  0.183760  0.196080
7151  0.193134  0.198823  0.211752  0.192434  0.184882  0.198016
7152  0.192881  0.198178  0.211723  0.192219  0.185213  0.200011
7153  0.192595  0.197068  0.211405  0.191984  0.184699  0.201889
7154  0.192282  0.195516  0.210800  0.191751  0.183340  0.203468
7155  0.191946  0.193561  0.209916  0.191538  0.181192  0.204575
7156  0.191594  0.191249  0.208771  0.191361  0.178370  0.205060
7157  0.191232  0.188641  0.207393  0.191225  0.175036  0.204812
7158  0.190868  0.185804  0.205817  0.191131  0.171393  0.203766
7159  0.190508  0.182812  0.204083  0.191072  0.167667  0.201916
7160  0.190160  0.179746  0.202239  0.191036  0.164094  0.199314
7161  0.189829  0.176685  0.200336  0.191009  0.160898  0.196071
7162  0.189523  0.173712  0.198430  0.190975  0.158275  0.192350
7163  0.189246  0.170903  0.196574  0.190923  0.156378  0.188355
7164  0.189004  0.168332  0.194824  0.190844  0.155304  0.184318
7165  0.188801  0.166063  0.193233  0.190738  0.155092  0.180478
7166  0.188640  0.164152  0.191849  0.190608  0.155716  0.177067
7167  0.188522  0.162641  0.190716  0.190466  0.157093  0.174288
7168  0.188450  0.161562  0.189869  0.190322  0.159091  0.172302
7169  0.188422  0.160931  0.189338  0.190194  0.161542  0.171213
7170  0.188437  0.160750  0.189143  0.190093  0.164252  0.171060
7171  0.188494  0.161007  0.189294  0.190030  0.167022  0.171819
7172  0.188589  0.161676  0.189793  0.190011  0.169656  0.173401
7173  0.188718  0.162719  0.190630  0.190037  0.171981  0.175662
7174  0.188876  0.164083  0.191787  0.190102  0.173852  0.178421
7175  0.189058  0.165709  0.193238  0.190197  0.175167  0.181467
7176  0.189257  0.167528  0.194946  0.190313  0.175866  0.184584
7177  0.189467  0.169466  0.196870  0.190438  0.175936  0.187567
7178  0.189683  0.171444  0.198962  0.190559  0.175411  0.190234
7179  0.189898  0.173385  0.201168  0.190669  0.174365  0.192443
7180  0.190106  0.175212  0.203434  0.190762  0.172902  0.194098
7181  0.190302  0.176855  0.205702  0.190835  0.171150  0.195154
7182  0.190480  0.178248  0.207918  0.190888  0.169246  0.195616
7183  0.190637  0.179334  0.210027  0.190925  0.167325  0.195538
7184  0.190769  0.180068  0.211979  0.190948  0.165510  0.195012
7185  0.190874  0.180417  0.213728  0.190962  0.163901  0.194155
7186  0.190950  0.180359  0.215236  0.190970  0.162570  0.193105
7187  0.190998  0.179886  0.216470  0.190976  0.161557  0.191999
7188  0.191016  0.179004  0.217406  0.190981  0.160872  0.190967
7189  0.191008  0.177731  0.218029  0.190986  0.160493  0.190118
7190  0.190976  0.176099  0.218332  0.190991  0.160378  0.189536
7191  0.190923  0.174149  0.218317  0.190995  0.160470  0.189269
7192  0.190854  0.171933  0.217996  0.190998  0.160701  0.189332
7193  0.190772  0.169511  0.217386  0.190999  0.161007  0.189708
7194  0.190685  0.166946  0.216512  0.190999  0.161326  0.190351
7195  0.190596  0.164308  0.215409  0.190997  0.161612  0.191193
7196  0.190512  0.161667  0.214111  0.190995  0.161831  0.192154
7197  0.190440  0.159093  0.212661  0.190992  0.161967  0.193153
7198  0.190383  0.156650  0.211102  0.190990  0.162018  0.194112
7199  0.190349  0.154402  0.209478  0.190987  0.161995  0.194969
7200  0.190340  0.152403  0.207835  0.190986  0.161919  0.195681
7201  0.190362  0.150699  0.206216  0.190985  0.161814  0.196227
7202  0.190418  0.149328  0.204660  0.190984  0.161705  0.196611
7203  0.190510  0.148317  0.203206  0.190984  0.161614  0.196854
7204  0.190640  0.147682  0.201884  0.190983  0.161553  0.196995
7205  0.190808  0.147430  0.200721  0.190983  0.161528  0.197081
7206  0.191014  0.147554  0.199738  0.190983  0.161536  0.197163
7207  0.191255  0.148039  0.198949  0.190983  0.161565  0.197285
7208  0.191529  0.148860  0.198360  0.190983  0.161602  0.197482
7209  0.191833  0.149985  0.197974  0.190983  0.161629  0.197773
7210  0.192162  0.151374  0.197784  0.190984  0.161634  0.198161
7211  0.192511  0.152981  0.197781  0.190987  0.161613  0.198629
7212  0.192873  0.154757  0.197949  0.190992  0.161569  0.199148
7213  0.193242  0.156651  0.198268  0.191002  0.161519  0.199678
7214  0.193611  0.158611  0.198714  0.191020  0.161490  0.200170
7215  0.193973  0.160586  0.199262  0.191049  0.161520  0.200581
7216  0.194322  0.162529  0.199886  0.191092  0.161655  0.200874
7217  0.194649  0.164396  0.200558  0.191150  0.161941  0.201024
7218  0.194948  0.166149  0.201252  0.191225  0.162422  0.201025
7219  0.195214  0.167755  0.201944  0.191316  0.163130  0.200890
7220  0.195441  0.169190  0.202611  0.191419  0.164083  0.200650
7221  0.195624  0.170435  0.203234  0.191528  0.165280  0.200354
7222  0.195759  0.171481  0.203797  0.191637  0.166697  0.200060
7223  0.195844  0.172324  0.204290  0.191736  0.168285  0.199832
7224  0.195877  0.172970  0.204704  0.191817  0.169975  0.199728
7225  0.195857  0.173430  0.205036  0.191871  0.171678  0.199798
7226  0.195786  0.173720  0.205288  0.191892  0.173295  0.200071
7227  0.195664  0.173862  0.205464  0.191878  0.174720  0.200556
7228  0.195496  0.173880  0.205570  0.191830  0.175853  0.201234
7229  0.195284  0.173803  0.205619  0.191753  0.176606  0.202059
7230  0.195034  0.173660  0.205620  0.191652  0.176913  0.202965
7231  0.194751  0.173477  0.205589  0.191539  0.176735  0.203865
7232  0.194442  0.173282  0.205537  0.191424  0.176066  0.204665
7233  0.194114  0.173099  0.205478  0.191314  0.174933  0.205268
7234  0.193773  0.172948  0.205423  0.191219  0.173401  0.205589
7235  0.193428  0.172846  0.205381  0.191142  0.171561  0.205561
7236  0.193086  0.172801  0.205359  0.191084  0.169529  0.205144
7237  0.192754  0.172821  0.205360  0.191045  0.167432  0.204332
7238  0.192439  0.172904  0.205384  0.191020  0.165402  0.203154
7239  0.192148  0.173044  0.205428  0.191006  0.163560  0.201675
7240  0.191887  0.173229  0.205483  0.190996  0.162007  0.199993
7241  0.191660  0.173443  0.205540  0.190988  0.160817  0.198228
7242  0.191472  0.173667  0.205583  0.190979  0.160025  0.196512
7243  0.191326  0.173877  0.205597  0.190969  0.159631  0.194981
7244  0.191224  0.174048  0.205564  0.190959  0.159597  0.193756
7245  0.191167  0.174157  0.205463  0.190952  0.159852  0.192937
7246  0.191155  0.174180  0.205275  0.190948  0.160301  0.192586
7247  0.191187  0.174093  0.204982  0.190948  0.160834  0.192726
7248  0.191260  0.173880  0.204566  0.190953  0.161340  0.193332
7249  0.191372  0.173526  0.204014  0.190960  0.161718  0.194337
7250  0.191518  0.173025  0.203314  0.190968  0.161886  0.195631
7251  0.191694  0.172374  0.202461  0.190974  0.161795  0.197075
7252  0.191894  0.171580  0.201454  0.190978  0.161433  0.198512
7253  0.192111  0.170654  0.200297  0.190981  0.160828  0.199779
7254  0.192340  0.169619  0.199001  0.190990  0.160051  0.200727
7255  0.192574  0.168500  0.197582  0.191014  0.159209  0.201228
7256  0.192807  0.167331  0.196063  0.191065  0.158438  0.201197
7257  0.193031  0.166151  0.194471  0.191158  0.157890  0.200593
7258  0.193241  0.165003  0.192839  0.191307  0.157722  0.199430
7259  0.193430  0.163933  0.191205  0.191524  0.158081  0.197775
7260  0.193593  0.162987  0.189607  0.191813  0.159088  0.195747
7261  0.193726  0.162213  0.188089  0.192176  0.160827  0.193505
7262  0.193824  0.161653  0.186694  0.192601  0.163336  0.191238
7263  0.193883  0.161348  0.185463  0.193073  0.166601  0.189148
7264  0.193903  0.161330  0.184438  0.193565  0.170552  0.187437
7265  0.193881  0.161628  0.183654  0.194048  0.175073  0.186283
7266  0.193816  0.162257  0.183145  0.194490  0.179998  0.185832
7267  0.193710  0.163225  0.182938  0.194859  0.185133  0.186180
7268  0.193563  0.164528  0.183052  0.195129  0.190258  0.187368
7269  0.193378  0.166151  0.183498  0.195281  0.195148  0.189375
7270  0.193157  0.168068  0.184281  0.195306  0.199582  0.192120
7271  0.192906  0.170242  0.185395  0.195205  0.203361  0.195472
7272  0.192627  0.172624  0.186827  0.194989  0.206316  0.199256
7273  0.192327  0.175157  0.188552  0.194676  0.208321  0.203266
7274  0.192011  0.177777  0.190541  0.194291  0.209301  0.207288
7275  0.191684  0.180412  0.192753  0.193863  0.209234  0.211109
7276  0.191352  0.182988  0.195144  0.193419  0.208151  0.214536
7277  0.191023  0.185427  0.197662  0.192984  0.206137  0.217408
7278  0.190702  0.187654  0.200252  0.192579  0.203321  0.219608
7279  0.190394  0.189595  0.202857  0.192218  0.199867  0.221067
7280  0.190105  0.191183  0.205419  0.191911  0.195962  0.221771
7281  0.189841  0.192358  0.207879  0.191659  0.191800  0.221751
7282  0.189606  0.193070  0.210183  0.191461  0.187573  0.221086
7283  0.189404  0.193281  0.212280  0.191311  0.183453  0.219887
7284  0.189238  0.192966  0.214125  0.191201  0.179584  0.218292
7285  0.189110  0.192114  0.215680  0.191124  0.176077  0.216448
7286  0.189022  0.190730  0.216915  0.191073  0.173003  0.214504
7287  0.188975  0.188834  0.217809  0.191039  0.170396  0.212594
7288  0.188968  0.186460  0.218352  0.191017  0.168255  0.210832
7289  0.189000  0.183658  0.218543  0.191004  0.166552  0.209302
7290  0.189068  0.180490  0.218392  0.190995  0.165239  0.208056
7291  0.189171  0.177031  0.217918  0.190991  0.164255  0.207110
7292  0.189303  0.173365  0.217151  0.190988  0.163535  0.206449
7293  0.189462  0.169584  0.216128  0.190986  0.163017  0.206035
7294  0.189641  0.165785  0.214893  0.190985  0.162645  0.205807
7295  0.189835  0.162067  0.213498  0.190984  0.162375  0.205697
7296  0.190038  0.158529  0.211998  0.190984  0.162172  0.205636
7297  0.190245  0.155267  0.210451  0.190983  0.162015  0.205563
7298  0.190449  0.152370  0.208915  0.190983  0.161890  0.205429
7299  0.190645  0.149918  0.207450  0.190983  0.161791  0.205205
7300  0.190825  0.147982  0.206110  0.190983  0.161713  0.204882
7301  0.190986  0.146619  0.204947  0.190983  0.161656  0.204470
7302  0.191121  0.145869  0.204005  0.190983  0.161616  0.203994
7303  0.191227  0.145760  0.203323  0.190983  0.161590  0.203488
7304  0.191300  0.146300  0.202929  0.190982  0.161572  0.202992
7305  0.191337  0.147480  0.202844  0.190981  0.161556  0.202545
7306  0.191336  0.149275  0.203077  0.190978  0.161538  0.202174
7307  0.191297  0.151642  0.203628  0.190972  0.161521  0.201899
7308  0.191218  0.154523  0.204485  0.190960  0.161514  0.201724
7309  0.191101  0.157847  0.205626  0.190937  0.161539  0.201639
7310  0.190948  0.161530  0.207022  0.190898  0.161627  0.201621
7311  0.190762  0.165479  0.208633  0.190837  0.161825  0.201643
7312  0.190546  0.169592  0.210411  0.190746  0.162187  0.201670
7313  0.190304  0.173764  0.212305  0.190618  0.162776  0.201674
7314  0.190042  0.177890  0.214255  0.190446  0.163659  0.201635
7315  0.189766  0.181863  0.216203  0.190227  0.164897  0.201546
7316  0.189480  0.185583  0.218086  0.189959  0.166542  0.201420
7317  0.189193  0.188955  0.219844  0.189647  0.168625  0.201285
7318  0.188909  0.191897  0.221419  0.189300  0.171158  0.201189
7319  0.188635  0.194335  0.222757  0.188934  0.174119  0.201193
7320  0.188378  0.196210  0.223809  0.188566  0.177457  0.201365
7321  0.188143  0.197480  0.224534  0.188220  0.181087  0.201774
7322  0.187936  0.198117  0.224899  0.187918  0.184894  0.202481
7323  0.187761  0.198111  0.224879  0.187682  0.188737  0.203529
7324  0.187622  0.197468  0.224460  0.187532  0.192459  0.204938
7325  0.187523  0.196210  0.223638  0.187478  0.195890  0.206700
7326  0.187466  0.194378  0.222416  0.187526  0.198864  0.208772
7327  0.187452  0.192023  0.220812  0.187673  0.201228  0.211083
7328  0.187482  0.189210  0.218847  0.187906  0.202852  0.213529
7329  0.187554  0.186015  0.216554  0.188210  0.203641  0.215987
7330  0.187667  0.182521  0.213973  0.188560  0.203540  0.218320
7331  0.187817  0.178817  0.211149  0.188933  0.202543  0.220387
7332  0.188002  0.174993  0.208132  0.189306  0.200695  0.222058
7333  0.188216  0.171142  0.204975  0.189657  0.198087  0.223222
7334  0.188455  0.167352  0.201732  0.189972  0.194853  0.223800
7335  0.188711  0.163707  0.198458  0.190240  0.191161  0.223751
7336  0.188978  0.160283  0.195207  0.190457  0.187199  0.223081
7337  0.189250  0.157147  0.192029  0.190625  0.183162  0.221838
7338  0.189520  0.154355  0.188971  0.190747  0.179238  0.220118
7339  0.189780  0.151950  0.186076  0.190833  0.175590  0.218050
7340  0.190023  0.149963  0.183380  0.190890  0.172350  0.215794
7341  0.190242  0.148412  0.180912  0.190926  0.169605  0.213522
7342  0.190433  0.147300  0.178696  0.190949  0.167396  0.211408
7343  0.190588  0.146621  0.176748  0.190962  0.165721  0.209609
7344  0.190704  0.146353  0.175079  0.190971  0.164533  0.208255
7345  0.190776  0.146468  0.173691  0.190975  0.163757  0.207434
7346  0.190802  0.146925  0.172584  0.190978  0.163296  0.207186
7347  0.190780  0.147680  0.171748  0.190980  0.163044  0.207500
7348  0.190709  0.148682  0.171174  0.190981  0.162901  0.208311
7349  0.190591  0.149878  0.170846  0.190981  0.162783  0.209513
7350  0.190427  0.151216  0.170747  0.190978  0.162633  0.210960
7351  0.190221  0.152642  0.170859  0.190969  0.162424  0.212489
7352  0.189975  0.154108  0.171164  0.190950  0.162166  0.213930
7353  0.189696  0.155570  0.171642  0.190911  0.161904  0.215123
7354  0.189389  0.156990  0.172278  0.190845  0.161712  0.215934
7355  0.189061  0.158338  0.173057  0.190740  0.161689  0.216268
7356  0.188720  0.159592  0.173966  0.190586  0.161944  0.216078
7357  0.188372  0.160737  0.174996  0.190376  0.162587  0.215369
7358  0.188027  0.161766  0.176139  0.190106  0.163716  0.214197
7359  0.187691  0.162680  0.177393  0.189777  0.165405  0.212669
7360  0.187374  0.163488  0.178754  0.189397  0.167694  0.210928
7361  0.187081  0.164202  0.180223  0.188983  0.170581  0.209142
7362  0.186821  0.164841  0.181802  0.188554  0.174021  0.207491
7363  0.186600  0.165424  0.183493  0.188137  0.177924  0.206148
7364  0.186422  0.165974  0.185298  0.187758  0.182160  0.205266
7365  0.186293  0.166512  0.187219  0.187444  0.186568  0.204961
7366  0.186215  0.167058  0.189254  0.187218  0.190962  0.205305
7367  0.186192  0.167629  0.191402  0.187095  0.195147  0.206315
7368  0.186223  0.168237  0.193656  0.187083  0.198930  0.207957
7369  0.186310  0.168889  0.196005  0.187182  0.202134  0.210142
7370  0.186450  0.169585  0.198437  0.187381  0.204605  0.212741
7371  0.186641  0.170319  0.200931  0.187665  0.206229  0.215587
7372  0.186880  0.171081  0.203466  0.188012  0.206932  0.218499
7373  0.187162  0.171851  0.206014  0.188397  0.206694  0.221287
7374  0.187483  0.172606  0.208544  0.188795  0.205539  0.223775
7375  0.187835  0.173317  0.211020  0.189185  0.203542  0.225811
7376  0.188213  0.173954  0.213406  0.189549  0.200819  0.227278
7377  0.188610  0.174483  0.215662  0.189873  0.197519  0.228103
7378  0.189019  0.174870  0.217749  0.190149  0.193812  0.228261
7379  0.189434  0.175083  0.219627  0.190376  0.189876  0.227772
7380  0.189847  0.175092  0.221259  0.190554  0.185889  0.226701
7381  0.190252  0.174872  0.222611  0.190689  0.182008  0.225149
7382  0.190644  0.174405  0.223652  0.190788  0.178370  0.223240
7383  0.191017  0.173679  0.224357  0.190857  0.175076  0.221113
7384  0.191367  0.172692  0.224708  0.190903  0.172192  0.218907
7385  0.191691  0.171449  0.224695  0.190933  0.169752  0.216754
7386  0.191986  0.169968  0.224314  0.190953  0.167753  0.214762
7387  0.192250  0.168274  0.223570  0.190965  0.166169  0.213015
7388  0.192483  0.166402  0.222479  0.190972  0.164953  0.211562
7389  0.192685  0.164396  0.221062  0.190976  0.164046  0.210421
7390  0.192856  0.162310  0.219352  0.190979  0.163388  0.209579
7391  0.193000  0.160200  0.217389  0.190981  0.162917  0.208995
7392  0.193118  0.158132  0.215218  0.190982  0.162580  0.208611
7393  0.193214  0.156171  0.212892  0.190982  0.162335  0.208359
7394  0.193292  0.154385  0.210469  0.190982  0.162150  0.208167
7395  0.193355  0.152840  0.208008  0.190983  0.162003  0.207974
7396  0.193408  0.151600  0.205572  0.190983  0.161884  0.207728
7397  0.193456  0.150723  0.203223  0.190983  0.161786  0.207399
7398  0.193502  0.150258  0.201021  0.190983  0.161708  0.206973
7399  0.193551  0.150247  0.199023  0.190983  0.161650  0.206460
7400  0.193605  0.150719  0.197282  0.190983  0.161608  0.205881
7401  0.193669  0.151692  0.195841  0.190983  0.161580  0.205271
7402  0.193744  0.153170  0.194739  0.190983  0.161558  0.204669
7403  0.193832  0.155144  0.194004  0.190984  0.161535  0.204114
7404  0.193935  0.157589  0.193653  0.190985  0.161505  0.203635
7405  0.194053  0.160468  0.193694  0.190989  0.161467  0.203252
7406  0.194184  0.163729  0.194123  0.190997  0.161428  0.202972
7407  0.194328  0.167310  0.194925  0.191014  0.161404  0.202784
7408  0.194482  0.171135  0.196075  0.191042  0.161423  0.202667
7409  0.194643  0.175123  0.197538  0.191089  0.161526  0.202591
7410  0.194809  0.179183  0.199267  0.191162  0.161767  0.202523
7411  0.194974  0.183221  0.201211  0.191266  0.162204  0.202431
7412  0.195135  0.187141  0.203310  0.191408  0.162904  0.202292
7413  0.195286  0.190847  0.205499  0.191593  0.163928  0.202096
7414  0.195424  0.194247  0.207711  0.191821  0.165327  0.201851
7415  0.195543  0.197255  0.209876  0.192088  0.167138  0.201583
7416  0.195638  0.199794  0.211927  0.192386  0.169372  0.201337
7417  0.195705  0.201797  0.213797  0.192702  0.172013  0.201171
7418  0.195741  0.203211  0.215425  0.193018  0.175010  0.201151
7419  0.195741  0.203996  0.216756  0.193313  0.178282  0.201346
7420  0.195704  0.204130  0.217743  0.193565  0.181714  0.201816
7421  0.195628  0.203607  0.218348  0.193753  0.185166  0.202605
7422  0.195512  0.202437  0.218542  0.193860  0.188477  0.203732
7423  0.195355  0.200648  0.218309  0.193877  0.191479  0.205186
7424  0.195159  0.198287  0.217642  0.193799  0.194002  0.206923
7425  0.194926  0.195412  0.216550  0.193631  0.195890  0.208865
7426  0.194658  0.192098  0.215048  0.193388  0.197013  0.210903
7427  0.194360  0.188430  0.213166  0.193088  0.197277  0.212903
7428  0.194035  0.184506  0.210944  0.192754  0.196632  0.214717
7429  0.193689  0.180427  0.208428  0.192413  0.195080  0.216191
7430  0.193327  0.176301  0.205674  0.192087  0.192678  0.217181
7431  0.192956  0.172236  0.202744  0.191796  0.189535  0.217566
7432  0.192582  0.168337  0.199704  0.191551  0.185808  0.217254
7433  0.192211  0.164707  0.196622  0.191361  0.181690  0.216201
7434  0.191850  0.161439  0.193569  0.191222  0.177397  0.214409
7435  0.191506  0.158617  0.190610  0.191129  0.173153  0.211934
7436  0.191182  0.156310  0.187813  0.191071  0.169173  0.208884
7437  0.190886  0.154575  0.185235  0.191036  0.165644  0.205411
7438  0.190621  0.153453  0.182932  0.191013  0.162713  0.201703
7439  0.190392  0.152964  0.180950  0.190992  0.160478  0.197970
7440  0.190200  0.153116  0.179326  0.190968  0.158978  0.194427
7441  0.190049  0.153894  0.178088  0.190940  0.158197  0.191277
7442  0.189938  0.155269  0.177255  0.190910  0.158066  0.188695
7443  0.189868  0.157196  0.176834  0.190880  0.158473  0.186813
7444  0.189838  0.159614  0.176825  0.190856  0.159273  0.185708
7445  0.189846  0.162451  0.177216  0.190842  0.160306  0.185397
7446  0.189889  0.165625  0.177986  0.190841  0.161407  0.185835
7447  0.189963  0.169046  0.179108  0.190851  0.162423  0.186921
7448  0.190064  0.172620  0.180547  0.190870  0.163227  0.188504
7449  0.190186  0.176250  0.182262  0.190895  0.163721  0.190402
7450  0.190326  0.179842  0.184209  0.190920  0.163852  0.192411
7451  0.190476  0.183305  0.186341  0.190942  0.163608  0.194332
7452  0.190632  0.186555  0.188609  0.190958  0.163022  0.195979
7453  0.190788  0.189518  0.190966  0.190968  0.162166  0.197201
7454  0.190938  0.192128  0.193364  0.190974  0.161140  0.197891
7455  0.191077  0.194335  0.195760  0.190982  0.160069  0.197992
7456  0.191200  0.196101  0.198114  0.190996  0.159084  0.197505
7457  0.191304  0.197402  0.200392  0.191023  0.158310  0.196482
7458  0.191385  0.198229  0.202562  0.191068  0.157856  0.195025
7459  0.191440  0.198586  0.204602  0.191131  0.157804  0.193270
7460  0.191468  0.198493  0.206493  0.191212  0.158200  0.191378
7461  0.191468  0.197979  0.208224  0.191307  0.159051  0.189520
7462  0.191440  0.197085  0.209788  0.191409  0.160322  0.187859
7463  0.191383  0.195859  0.211183  0.191507  0.161946  0.186541
7464  0.191301  0.194357  0.212415  0.191594  0.163822  0.185677
7465  0.191194  0.192639  0.213491  0.191661  0.165831  0.185338
7466  0.191067  0.190765  0.214420  0.191701  0.167845  0.185551
7467  0.190922  0.188796  0.215216  0.191710  0.169734  0.186293
7468  0.190763  0.186791  0.215892  0.191690  0.171380  0.187501
7469  0.190595  0.184802  0.216464  0.191643  0.172688  0.189076
7470  0.190423  0.182876  0.216944  0.191575  0.173586  0.190891
7471  0.190250  0.181054  0.217345  0.191493  0.174037  0.192808
7472  0.190082  0.179366  0.217677  0.191405  0.174035  0.194690
7473  0.189922  0.177833  0.217948  0.191318  0.173608  0.196409
7474  0.189776  0.176468  0.218163  0.191239  0.172810  0.197862
7475  0.189647  0.175274  0.218324  0.191170  0.171720  0.198977
7476  0.189538  0.174245  0.218432  0.191114  0.170429  0.199717
7477  0.189453  0.173367  0.218481  0.191071  0.169033  0.200082
7478  0.189392  0.172621  0.218468  0.191040  0.167627  0.200105
7479  0.189358  0.171981  0.218384  0.191019  0.166294  0.199851
7480  0.189352  0.171420  0.218221  0.191005  0.165099  0.199400
7481  0.189372  0.170906  0.217969  0.190996  0.164088  0.198847
7482  0.189420  0.170411  0.217621  0.190991  0.163281  0.198286
7483  0.189493  0.169904  0.217169  0.190988  0.162681  0.197803
7484  0.189589  0.169362  0.216608  0.190986  0.162268  0.197467
7485  0.189705  0.168764  0.215934  0.190985  0.162012  0.197324
7486  0.189838  0.168095  0.215148  0.190984  0.161872  0.197395
7487  0.189985  0.167347  0.214255  0.190984  0.161807  0.197673
7488  0.190141  0.166520  0.213263  0.190983  0.161779  0.198130
7489  0.190303  0.165621  0.212185  0.190983  0.161758  0.198716
7490  0.190464  0.164664  0.211038  0.190983  0.161722  0.199370
7491  0.190622  0.163670  0.209844  0.190983  0.161665  0.200027
7492  0.190772  0.162665  0.208628  0.190984  0.161589  0.200624
7493  0.190909  0.161683  0.207419  0.190986  0.161505  0.201107
7494  0.191030  0.160758  0.206248  0.190988  0.161432  0.201441
7495  0.191130  0.159929  0.205147  0.190991  0.161387  0.201608
7496  0.191208  0.159232  0.204150  0.190995  0.161388  0.201608
7497  0.191261  0.158706  0.203291  0.191000  0.161445  0.201465
7498  0.191287  0.158382  0.202599  0.191004  0.161557  0.201213
7499  0.191286  0.158290  0.202104  0.191007  0.161717  0.200898
7500  0.191256  0.158451  0.201829  0.191008  0.161903  0.200569
7501  0.191199  0.158880  0.201795  0.191007  0.162090  0.200272
7502  0.191116  0.159583  0.202014  0.191004  0.162244  0.200040
7503  0.191009  0.160555  0.202491  0.191000  0.162332  0.199896
7504  0.190881  0.161782  0.203227  0.190995  0.162327  0.199843
7505  0.190735  0.163239  0.204212  0.190991  0.162209  0.199866
7506  0.190575  0.164894  0.205427  0.190988  0.161972  0.199937
7507  0.190405  0.166701  0.206848  0.190986  0.161627  0.200012
7508  0.190230  0.168610  0.208442  0.190984  0.161201  0.200045
7509  0.190054  0.170562  0.210167  0.190981  0.160737  0.199987
7510  0.189884  0.172493  0.211977  0.190973  0.160290  0.199797
7511  0.189724  0.174339  0.213821  0.190958  0.159924  0.199451
7512  0.189579  0.176030  0.215643  0.190933  0.159704  0.198939
7513  0.189454  0.177502  0.217384  0.190897  0.159687  0.198278
7514  0.189353  0.178691  0.218986  0.190848  0.159919  0.197503
7515  0.189280  0.179542  0.220390  0.190790  0.160423  0.196669
7516  0.189238  0.180005  0.221542  0.190728  0.161198  0.195848
7517  0.189230  0.180043  0.222391  0.190666  0.162216  0.195116
7518  0.189258  0.179628  0.222891  0.190614  0.163418  0.194550
7519  0.189324  0.178748  0.223006  0.190577  0.164723  0.194214
7520  0.189427  0.177403  0.222706  0.190561  0.166029  0.194152
7521  0.189567  0.175609  0.221975  0.190569  0.167221  0.194382
7522  0.189744  0.173397  0.220803  0.190601  0.168184  0.194889
7523  0.189955  0.170811  0.219195  0.190652  0.168811  0.195623
7524  0.190196  0.167909  0.217166  0.190716  0.169017  0.196505
7525  0.190466  0.164764  0.214744  0.190783  0.168744  0.197424
7526  0.190759  0.161457  0.211966  0.190845  0.167974  0.198254
7527  0.191071  0.158078  0.208881  0.190895  0.166732  0.198860
7528  0.191397  0.154722  0.205547  0.190930  0.165088  0.199110
7529  0.191731  0.151490  0.202029  0.190951  0.163157  0.198891
7530  0.192067  0.148481  0.198398  0.190966  0.161087  0.198121
7531  0.192400  0.145793  0.194731  0.190986  0.159059  0.196757
7532  0.192723  0.143515  0.191105  0.191027  0.157261  0.194803
7533  0.193031  0.141731  0.187600  0.191105  0.155886  0.192318
7534  0.193318  0.140511  0.184293  0.191236  0.155106  0.189408
7535  0.193579  0.139914  0.181255  0.191428  0.155061  0.186228
7536  0.193809  0.139979  0.178555  0.191685  0.155847  0.182966
7537  0.194004  0.140732  0.176250  0.192003  0.157506  0.179833
7538  0.194160  0.142176  0.174392  0.192366  0.160018  0.177046
7539  0.194275  0.144298  0.173019  0.192754  0.163308  0.174810
7540  0.194347  0.147065  0.172158  0.193138  0.167243  0.173300
7541  0.194374  0.150424  0.171826  0.193491  0.171646  0.172647
7542  0.194357  0.154305  0.172023  0.193782  0.176305  0.172929
7543  0.194297  0.158625  0.172739  0.193989  0.180986  0.174156
7544  0.194195  0.163283  0.173952  0.194094  0.185451  0.176276
7545  0.194053  0.168169  0.175626  0.194091  0.189472  0.179175
7546  0.193876  0.173168  0.177718  0.193981  0.192844  0.182685
7547  0.193667  0.178155  0.180173  0.193778  0.195399  0.186598
7548  0.193431  0.183008  0.182930  0.193500  0.197017  0.190684
7549  0.193174  0.187606  0.185920  0.193173  0.197633  0.194704
7550  0.192902  0.191834  0.189074  0.192821  0.197240  0.198432
7551  0.192621  0.195584  0.192319  0.192470  0.195888  0.201667
7552  0.192338  0.198762  0.195582  0.192141  0.193684  0.204252
7553  0.192059  0.201290  0.198794  0.191850  0.190777  0.206077
7554  0.191792  0.203104  0.201890  0.191606  0.187352  0.207093
7555  0.191541  0.204160  0.204811  0.191413  0.183612  0.207304
7556  0.191314  0.204433  0.207503  0.191267  0.179764  0.206774
7557  0.191115  0.203920  0.209925  0.191164  0.176003  0.205610
7558  0.190949  0.202637  0.212043  0.191095  0.172499  0.203958
7559  0.190820  0.200619  0.213833  0.191051  0.169385  0.201987
7560  0.190731  0.197920  0.215283  0.191024  0.166752  0.199877
7561  0.190684  0.194613  0.216391  0.191008  0.164646  0.197802
7562  0.190680  0.190782  0.217164  0.190997  0.163069  0.195919
7563  0.190719  0.186524  0.217619  0.190990  0.161985  0.194354
7564  0.190800  0.181945  0.217783  0.190984  0.161332  0.193198
7565  0.190920  0.177158  0.217686  0.190980  0.161025  0.192498
7566  0.191076  0.172278  0.217369  0.190977  0.160973  0.192257
7567  0.191263  0.167418  0.216872  0.190975  0.161084  0.192440
7568  0.191478  0.162688  0.216241  0.190975  0.161276  0.192978
7569  0.191713  0.158192  0.215521  0.190975  0.161481  0.193777
7570  0.191964  0.154025  0.214757  0.190977  0.161651  0.194733
7571  0.192222  0.150267  0.213992  0.190978  0.161757  0.195738
7572  0.192481  0.146989  0.213265  0.190980  0.161789  0.196695
7573  0.192733  0.144242  0.212609  0.190981  0.161753  0.197525
7574  0.192973  0.142065  0.212053  0.190982  0.161667  0.198176
7575  0.193192  0.140478  0.211617  0.190982  0.161555  0.198619
7576  0.193386  0.139484  0.211315  0.190983  0.161442  0.198859
7577  0.193548  0.139072  0.211154  0.190983  0.161351  0.198920
7578  0.193673  0.139214  0.211133  0.190983  0.161295  0.198849
7579  0.193759  0.139871  0.211243  0.190983  0.161280  0.198701
7580  0.193802  0.140989  0.211471  0.190983  0.161304  0.198537
7581  0.193800  0.142507  0.211794  0.190983  0.161352  0.198411
7582  0.193753  0.144356  0.212188  0.190983  0.161408  0.198367
7583  0.193662  0.146460  0.212624  0.190983  0.161452  0.198431
7584  0.193529  0.148744  0.213070  0.190983  0.161467  0.198612
7585  0.193356  0.151131  0.213493  0.190983  0.161440  0.198897
7586  0.193148  0.153547  0.213861  0.190981  0.161371  0.199259
7587  0.192910  0.155923  0.214142  0.190978  0.161269  0.199654
7588  0.192647  0.158195  0.214307  0.190970  0.161156  0.200036
7589  0.192367  0.160311  0.214330  0.190956  0.161065  0.200354
7590  0.192076  0.162224  0.214190  0.190934  0.161036  0.200568
7591  0.191781  0.163902  0.213870  0.190901  0.161114  0.200647
7592  0.191491  0.165320  0.213360  0.190857  0.161342  0.200579
7593  0.191212  0.166467  0.212655  0.190800  0.161756  0.200371
7594  0.190953  0.167342  0.211755  0.190734  0.162378  0.200048
7595  0.190718  0.167954  0.210667  0.190661  0.163216  0.199654
7596  0.190516  0.168323  0.209403  0.190586  0.164256  0.199243
7597  0.190350  0.168474  0.207977  0.190516  0.165464  0.198876
7598  0.190226  0.168441  0.206411  0.190457  0.166786  0.198612
7599  0.190146  0.168261  0.204726  0.190414  0.168153  0.198501
7600  0.190113  0.167976  0.202949  0.190392  0.169485  0.198579
7601  0.190126  0.167627  0.201104  0.190394  0.170695  0.198859
7602  0.190186  0.167254  0.199216  0.190420  0.171700  0.199334
7603  0.190291  0.166896  0.197312  0.190466  0.172430  0.199973
7604  0.190437  0.166586  0.195412  0.190527  0.172827  0.200722
7605  0.190620  0.166351  0.193536  0.190599  0.172860  0.201515
7606  0.190834  0.166213  0.191701  0.190674  0.172522  0.202273
7607  0.191072  0.166185  0.189919  0.190745  0.171835  0.202920
7608  0.191328  0.166272  0.188197  0.190809  0.170845  0.203386
7609  0.191592  0.166470  0.186538  0.190862  0.169624  0.203617
7610  0.191857  0.166767  0.184943  0.190903  0.168256  0.203583
7611  0.192113  0.167145  0.183405  0.190932  0.166838  0.203280
7612  0.192351  0.167579  0.181917  0.190952  0.165462  0.202733
7613  0.192563  0.168036  0.180469  0.190964  0.164213  0.201997
7614  0.192739  0.168483  0.179047  0.190972  0.163158  0.201149
7615  0.192872  0.168883  0.177638  0.190976  0.162340  0.200281
7616  0.192954  0.169199  0.176230  0.190979  0.161775  0.199493
7617  0.192981  0.169395  0.174810  0.190981  0.161451  0.198883
7618  0.192946  0.169441  0.173370  0.190982  0.161331  0.198532
7619  0.192846  0.169309  0.171903  0.190983  0.161357  0.198499
7620  0.192680  0.168979  0.170408  0.190983  0.161461  0.198811
7621  0.192446  0.168441  0.168889  0.190983  0.161571  0.199461
7622  0.192145  0.167692  0.167355  0.190983  0.161625  0.200404
7623  0.191780  0.166739  0.165822  0.190982  0.161576  0.201560
7624  0.191356  0.165602  0.164310  0.190978  0.161406  0.202825
7625  0.190877  0.164307  0.162847  0.190964  0.161126  0.204074
7626  0.190351  0.162892  0.161465  0.190933  0.160784  0.205178
7627  0.189785  0.161404  0.160204  0.190871  0.160462  0.206014
7628  0.189190  0.159895  0.159103  0.190762  0.160272  0.206480
7629  0.188573  0.158424  0.158208  0.190588  0.160351  0.206505
7630  0.187947  0.157054  0.157563  0.190332  0.160844  0.206062
7631  0.187322  0.155848  0.157216  0.189976  0.161897  0.205169
7632  0.186710  0.154868  0.157209  0.189512  0.163642  0.203895
7633  0.186120  0.154174  0.157584  0.188937  0.166182  0.202355
7634  0.185564  0.153817  0.158377  0.188261  0.169578  0.200703
7635  0.185051  0.153843  0.159617  0.187503  0.173844  0.199121
7636  0.184591  0.154287  0.161326  0.186695  0.178938  0.197805
7637  0.184191  0.155172  0.163517  0.185876  0.184763  0.196946
7638  0.183858  0.156506  0.166192  0.185094  0.191166  0.196717
7639  0.183598  0.158287  0.169345  0.184396  0.197950  0.197254
7640  0.183414  0.160494  0.172954  0.183828  0.204879  0.198645
7641  0.183308  0.163096  0.176991  0.183426  0.211695  0.200920
7642  0.183282  0.166045  0.181413  0.183217  0.218128  0.204046
7643  0.183333  0.169283  0.186168  0.183213  0.223913  0.207928
7644  0.183460  0.172740  0.191196  0.183412  0.228806  0.212414
7645  0.183659  0.176337  0.196425  0.183795  0.232597  0.217309
7646  0.183924  0.179988  0.201780  0.184335  0.235123  0.222382
7647  0.184249  0.183607  0.207179  0.184992  0.236277  0.227390
7648  0.184625  0.187102  0.212536  0.185723  0.236018  0.232088
7649  0.185045  0.190387  0.217767  0.186487  0.234372  0.236253
7650  0.185500  0.193379  0.222785  0.187241  0.231430  0.239693
7651  0.185979  0.196005  0.227511  0.187954  0.227345  0.242264
7652  0.186474  0.198200  0.231868  0.188598  0.222321  0.243874
7653  0.186975  0.199912  0.235786  0.189158  0.216599  0.244492
7654  0.187471  0.201106  0.239207  0.189626  0.210438  0.244144
7655  0.187955  0.201760  0.242082  0.190003  0.204102  0.242914
7656  0.188418  0.201869  0.244374  0.190296  0.197838  0.240928
7657  0.188853  0.201446  0.246059  0.190515  0.191864  0.238349
7658  0.189254  0.200520  0.247127  0.190673  0.186354  0.235364
7659  0.189615  0.199135  0.247581  0.190783  0.181433  0.232164
7660  0.189932  0.197350  0.247438  0.190857  0.177173  0.228936
7661  0.190202  0.195237  0.246728  0.190905  0.173599  0.225844
7662  0.190425  0.192874  0.245493  0.190935  0.170689  0.223024
7663  0.190599  0.190351  0.243787  0.190954  0.168391  0.220572
7664  0.190725  0.187760  0.241672  0.190965  0.166628  0.218542
7665  0.190806  0.185194  0.239218  0.190972  0.165311  0.216943
7666  0.190844  0.182744  0.236502  0.190977  0.164349  0.215747
7667  0.190844  0.180497  0.233603  0.190979  0.163654  0.214895
7668  0.190810  0.178530  0.230601  0.190981  0.163154  0.214305
7669  0.190748  0.176911  0.227578  0.190982  0.162786  0.213885
7670  0.190664  0.175695  0.224611  0.190982  0.162507  0.213541
7671  0.190564  0.174922  0.221773  0.190982  0.162285  0.213193
7672  0.190453  0.174616  0.219129  0.190983  0.162105  0.212777
7673  0.190339  0.174783  0.216737  0.190983  0.161956  0.212254
7674  0.190228  0.175414  0.214646  0.190983  0.161837  0.211607
7675  0.190124  0.176481  0.212894  0.190983  0.161744  0.210846
7676  0.190033  0.177943  0.211505  0.190983  0.161676  0.209999
7677  0.189959  0.179741  0.210496  0.190983  0.161629  0.209108
7678  0.189907  0.181806  0.209869  0.190983  0.161594  0.208219
7679  0.189879  0.184057  0.209616  0.190983  0.161561  0.207379
7680  0.189878  0.186407  0.209717  0.190983  0.161522  0.206627
7681  0.189903  0.188763  0.210144  0.190984  0.161469  0.205988
7682  0.189957  0.191031  0.210858  0.190987  0.161400  0.205471
7683  0.190037  0.193117  0.211815  0.190993  0.161324  0.205070
7684  0.190144  0.194934  0.212964  0.191005  0.161258  0.204764
7685  0.190274  0.196398  0.214251  0.191027  0.161231  0.204520
7686  0.190424  0.197440  0.215618  0.191062  0.161282  0.204303
7687  0.190592  0.197999  0.217008  0.191115  0.161457  0.204074
7688  0.190773  0.198031  0.218364  0.191190  0.161809  0.203806
7689  0.190963  0.197506  0.219634  0.191289  0.162387  0.203479
7690  0.191158  0.196412  0.220767  0.191414  0.163234  0.203094
7691  0.191352  0.194752  0.221720  0.191561  0.164381  0.202664
7692  0.191543  0.192548  0.222456  0.191726  0.165839  0.202224
7693  0.191725  0.189837  0.222945  0.191901  0.167596  0.201821
7694  0.191894  0.186674  0.223163  0.192075  0.169617  0.201510
7695  0.192047  0.183125  0.223099  0.192235  0.171840  0.201350
7696  0.192181  0.179269  0.222745  0.192370  0.174180  0.201394
7697  0.192294  0.175193  0.222104  0.192467  0.176532  0.201682
7698  0.192384  0.170992  0.221186  0.192518  0.178779  0.202235
7699  0.192450  0.166765  0.220007  0.192518  0.180800  0.203049
7700  0.192491  0.162612  0.218589  0.192466  0.182477  0.204096
7701  0.192509  0.158629  0.216960  0.192367  0.183705  0.205319
7702  0.192503  0.154910  0.215149  0.192229  0.184405  0.206639
7703  0.192477  0.151538  0.213190  0.192065  0.184522  0.207962
7704  0.192433  0.148590  0.211117  0.191887  0.184041  0.209182
7705  0.192374  0.146127  0.208966  0.191708  0.182982  0.210196
7706  0.192302  0.144198  0.206769  0.191541  0.181401  0.210909
7707  0.192222  0.142836  0.204558  0.191394  0.179390  0.211247
7708  0.192139  0.142059  0.202362  0.191273  0.177067  0.211166
7709  0.192055  0.141868  0.200206  0.191178  0.174566  0.210653
7710  0.191975  0.142247  0.198112  0.191109  0.172030  0.209735
7711  0.191904  0.143168  0.196097  0.191061  0.169595  0.208473
7712  0.191845  0.144585  0.194175  0.191030  0.167380  0.206962
7713  0.191801  0.146443  0.192354  0.191012  0.165479  0.205322
7714  0.191776  0.148675  0.190640  0.191000  0.163950  0.203686
7715  0.191772  0.151206  0.189036  0.190993  0.162817  0.202191
7716  0.191791  0.153956  0.187540  0.190989  0.162066  0.200964
7717  0.191835  0.156844  0.186151  0.190986  0.161649  0.200109
7718  0.191905  0.159786  0.184865  0.190984  0.161493  0.199697
7719  0.192001  0.162703  0.183680  0.190983  0.161511  0.199760
7720  0.192122  0.165521  0.182593  0.190983  0.161609  0.200283
7721  0.192268  0.168174  0.181604  0.190983  0.161699  0.201209
7722  0.192436  0.170606  0.180712  0.190983  0.161713  0.202440
7723  0.192625  0.172770  0.179922  0.190984  0.161608  0.203848
7724  0.192832  0.174634  0.179241  0.190989  0.161374  0.205285
7725  0.193054  0.176179  0.178678  0.191004  0.161037  0.206599
7726  0.193287  0.177399  0.178247  0.191037  0.160658  0.207646
7727  0.193528  0.178299  0.177964  0.191098  0.160331  0.208306
7728  0.193774  0.178900  0.177848  0.191201  0.160171  0.208495
7729  0.194019  0.179233  0.177919  0.191358  0.160308  0.208173
7730  0.194261  0.179336  0.178198  0.191581  0.160869  0.207353
7731  0.194495  0.179258  0.178708  0.191875  0.161973  0.206096
7732  0.194717  0.179050  0.179470  0.192242  0.163708  0.204511
7733  0.194925  0.178769  0.180502  0.192674  0.166127  0.202747
7734  0.195115  0.178470  0.181821  0.193155  0.169240  0.200976
7735  0.195285  0.178207  0.183436  0.193664  0.173005  0.199384
7736  0.195431  0.178028  0.185355  0.194170  0.177332  0.198153
7737  0.195552  0.177977  0.187577  0.194642  0.182085  0.197442
7738  0.195648  0.178085  0.190094  0.195047  0.187088  0.197374
7739  0.195716  0.178378  0.192891  0.195356  0.192138  0.198026
7740  0.195756  0.178867  0.195944  0.195546  0.197015  0.199420
7741  0.195769  0.179552  0.199220  0.195604  0.201497  0.201518
7742  0.195756  0.180421  0.202682  0.195527  0.205376  0.204228
7743  0.195716  0.181451  0.206280  0.195323  0.208465  0.207407
7744  0.195653  0.182608  0.209961  0.195008  0.210618  0.210877
7745  0.195568  0.183847  0.213664  0.194609  0.211733  0.214432
7746  0.195464  0.185116  0.217326  0.194153  0.211764  0.217860
7747  0.195342  0.186358  0.220878  0.193672  0.210721  0.220958
7748  0.195207  0.187511  0.224253  0.193195  0.208668  0.223546
7749  0.195061  0.188513  0.227381  0.192745  0.205725  0.225479
7750  0.194907  0.189302  0.230197  0.192342  0.202051  0.226661
7751  0.194748  0.189823  0.232640  0.191996  0.197839  0.227048
7752  0.194588  0.190025  0.234655  0.191713  0.193299  0.226650
7753  0.194429  0.189866  0.236194  0.191491  0.188643  0.225527
7754  0.194275  0.189317  0.237219  0.191324  0.184069  0.223785
7755  0.194128  0.188358  0.237704  0.191205  0.179752  0.221564
7756  0.193989  0.186985  0.237634  0.191123  0.175829  0.219026
7757  0.193861  0.185208  0.237006  0.191069  0.172397  0.216343
7758  0.193746  0.183049  0.235832  0.191035  0.169509  0.213679
7759  0.193643  0.180547  0.234136  0.191014  0.167174  0.211183
7760  0.193553  0.177751  0.231954  0.191002  0.165369  0.208976
7761  0.193477  0.174723  0.229336  0.190994  0.164040  0.207142
7762  0.193414  0.171534  0.226342  0.190990  0.163115  0.205726
7763  0.193362  0.168263  0.223042  0.190987  0.162512  0.204735
7764  0.193320  0.164995  0.219513  0.190985  0.162149  0.204137
7765  0.193287  0.161813  0.215840  0.190984  0.161950  0.203872
7766  0.193260  0.158804  0.212110  0.190983  0.161851  0.203860
7767  0.193238  0.156048  0.208412  0.190983  0.161801  0.204011
7768  0.193216  0.153620  0.204835  0.190983  0.161769  0.204233
7769  0.193194  0.151584  0.201463  0.190983  0.161734  0.204446
7770  0.193168  0.149996  0.198375  0.190983  0.161691  0.204586
7771  0.193135  0.148893  0.195644  0.190983  0.161641  0.204612
7772  0.193094  0.148302  0.193331  0.190983  0.161592  0.204506
7773  0.193042  0.148230  0.191486  0.190983  0.161552  0.204273
7774  0.192977  0.148669  0.190146  0.190983  0.161528  0.203939
7775  0.192899  0.149592  0.189335  0.190983  0.161521  0.203543
7776  0.192806  0.150957  0.189062  0.190983  0.161529  0.203129
7777  0.192697  0.152708  0.189319  0.190983  0.161545  0.202743
7778  0.192574  0.154772  0.190086  0.190983  0.161561  0.202423
7779  0.192436  0.157068  0.191327  0.190982  0.161566  0.202195
7780  0.192285  0.159503  0.192994  0.190981  0.161555  0.202072
7781  0.192121  0.161980  0.195025  0.190977  0.161529  0.202048
7782  0.191949  0.164397  0.197350  0.190970  0.161496  0.202105
7783  0.191769  0.166655  0.199889  0.190958  0.161475  0.202211
7784  0.191586  0.168656  0.202558  0.190937  0.161493  0.202330
7785  0.191401  0.170310  0.205266  0.190905  0.161588  0.202424
7786  0.191219  0.171537  0.207924  0.190860  0.161799  0.202459
7787  0.191043  0.172269  0.210442  0.190800  0.162167  0.202414
7788  0.190877  0.172455  0.212734  0.190725  0.162726  0.202280
7789  0.190724  0.172059  0.214721  0.190637  0.163503  0.202065
7790  0.190586  0.171065  0.216331  0.190541  0.164504  0.201795
7791  0.190468  0.169476  0.217502  0.190442  0.165718  0.201507
7792  0.190371  0.167315  0.218184  0.190349  0.167111  0.201249
7793  0.190297  0.164624  0.218339  0.190270  0.168626  0.201071
7794  0.190248  0.161466  0.217944  0.190214  0.170185  0.201020
7795  0.190225  0.157918  0.216988  0.190188  0.171693  0.201128
7796  0.190228  0.154073  0.215478  0.190195  0.173047  0.201413
7797  0.190255  0.150038  0.213430  0.190235  0.174140  0.201867
7798  0.190306  0.145928  0.210877  0.190306  0.174872  0.202458
7799  0.190379  0.141862  0.207863  0.190400  0.175162  0.203127
7800  0.190471  0.137965  0.204442  0.190507  0.174953  0.203794
7801  0.190578  0.134359  0.200679  0.190617  0.174219  0.204362
7802  0.190697  0.131161  0.196644  0.190719  0.172974  0.204728
7803  0.190824  0.128479  0.192415  0.190805  0.171271  0.204788
7804  0.190952  0.126409  0.188072  0.190871  0.169200  0.204452
7805  0.191079  0.125035  0.183695  0.190915  0.166887  0.203653
7806  0.191197  0.124418  0.179365  0.190942  0.164481  0.202357
7807  0.191302  0.124605  0.175158  0.190959  0.162145  0.200567
7808  0.191389  0.125618  0.171148  0.190976  0.160043  0.198329
7809  0.191452  0.127459  0.167400  0.191002  0.158327  0.195729
7810  0.191487  0.130108  0.163972  0.191046  0.157122  0.192894
7811  0.191491  0.133521  0.160915  0.191111  0.156516  0.189977
7812  0.191459  0.137637  0.158268  0.191197  0.156551  0.187149
7813  0.191389  0.142373  0.156062  0.191301  0.157220  0.184587
7814  0.191280  0.147634  0.154317  0.191414  0.158469  0.182454
7815  0.191129  0.153306  0.153043  0.191522  0.160194  0.180888
7816  0.190939  0.159269  0.152241  0.191615  0.162258  0.179990
7817  0.190709  0.165396  0.151904  0.191681  0.164496  0.179809
7818  0.190442  0.171553  0.152017  0.191711  0.166730  0.180342
7819  0.190140  0.177611  0.152559  0.191703  0.168785  0.181530
7820  0.189809  0.183444  0.153504  0.191657  0.170498  0.183262
7821  0.189454  0.188933  0.154820  0.191580  0.171734  0.185385
7822  0.189079  0.193971  0.156476  0.191483  0.172397  0.187715
7823  0.188693  0.198465  0.158438  0.191377  0.172437  0.190052
7824  0.188301  0.202337  0.160673  0.191274  0.171853  0.192198
7825  0.187912  0.205529  0.163148  0.191184  0.170694  0.193971
7826  0.187532  0.208001  0.165834  0.191113  0.169055  0.195222
7827  0.187171  0.209732  0.168703  0.191063  0.167072  0.195845
7828  0.186835  0.210723  0.171731  0.191031  0.164906  0.195789
7829  0.186532  0.210991  0.174898  0.191012  0.162731  0.195057
7830  0.186269  0.210572  0.178187  0.190997  0.160721  0.193708
7831  0.186051  0.209520  0.181585  0.190979  0.159031  0.191851
7832  0.185883  0.207898  0.185081  0.190950  0.157789  0.189639
7833  0.185771  0.205785  0.188668  0.190907  0.157080  0.187249
7834  0.185715  0.203265  0.192338  0.190849  0.156946  0.184873
7835  0.185719  0.200427  0.196086  0.190779  0.157378  0.182700
7836  0.185783  0.197364  0.199905  0.190703  0.158321  0.180901
7837  0.185905  0.194165  0.203788  0.190629  0.159684  0.179612
7838  0.186084  0.190919  0.207725  0.190567  0.161342  0.178928
7839  0.186315  0.187706  0.211705  0.190522  0.163155  0.178892
7840  0.186595  0.184598  0.215712  0.190500  0.164974  0.179494
7841  0.186916  0.181657  0.219725  0.190503  0.166661  0.180674
7842  0.187272  0.178933  0.223722  0.190530  0.168090  0.182329
7843  0.187656  0.176463  0.227674  0.190576  0.169165  0.184320
7844  0.188058  0.174272  0.231548  0.190635  0.169823  0.186491
7845  0.188471  0.172374  0.235309  0.190700  0.170037  0.188676
7846  0.188885  0.170768  0.238918  0.190765  0.169817  0.190722
7847  0.189291  0.169444  0.242333  0.190824  0.169205  0.192495
7848  0.189681  0.168384  0.245512  0.190874  0.168274  0.193894
7849  0.190046  0.167559  0.248411  0.190911  0.167117  0.194857
7850  0.190379  0.166939  0.250989  0.190938  0.165837  0.195366
7851  0.190673  0.166487  0.253208  0.190956  0.164539  0.195443
7852  0.190922  0.166167  0.255032  0.190967  0.163319  0.195147
7853  0.191122  0.165943  0.256432  0.190973  0.162257  0.194566
7854  0.191270  0.165782  0.257384  0.190978  0.161409  0.193807
7855  0.191365  0.165657  0.257872  0.190982  0.160808  0.192985
7856  0.191405  0.165545  0.257889  0.190986  0.160458  0.192213
7857  0.191392  0.165432  0.257437  0.190990  0.160339  0.191587
7858  0.191328  0.165311  0.256526  0.190994  0.160411  0.191183
7859  0.191218  0.165182  0.255177  0.190997  0.160623  0.191049
7860  0.191066  0.165057  0.253420  0.190998  0.160914  0.191201
7861  0.190878  0.164952  0.251294  0.190998  0.161227  0.191625
7862  0.190662  0.164890  0.248844  0.190996  0.161509  0.192279
7863  0.190425  0.164901  0.246126  0.190993  0.161721  0.193102
7864  0.190176  0.165018  0.243198  0.190990  0.161839  0.194018
7865  0.189924  0.165276  0.240123  0.190988  0.161853  0.194946
7866  0.189676  0.165710  0.236967  0.190986  0.161772  0.195811
7867  0.189442  0.166353  0.233797  0.190985  0.161617  0.196550
7868  0.189230  0.167235  0.230678  0.190984  0.161417  0.197117
7869  0.189047  0.168379  0.227670  0.190983  0.161207  0.197489
7870  0.188901  0.169800  0.224832  0.190983  0.161021  0.197666
7871  0.188796  0.171507  0.222213  0.190981  0.160888  0.197672
7872  0.188737  0.173494  0.219854  0.190979  0.160826  0.197545
7873  0.188729  0.175747  0.217789  0.190977  0.160843  0.197337
7874  0.188772  0.178240  0.216038  0.190975  0.160935  0.197106
7875  0.188868  0.180935  0.214613  0.190974  0.161085  0.196906
7876  0.189014  0.183782  0.213514  0.190973  0.161268  0.196782
7877  0.189210  0.186722  0.212726  0.190974  0.161453  0.196766
7878  0.189450  0.189685  0.212227  0.190976  0.161611  0.196872
7879  0.189730  0.192595  0.211984  0.190977  0.161713  0.197095
7880  0.190044  0.195371  0.211952  0.190979  0.161741  0.197413
7881  0.190384  0.197928  0.212081  0.190981  0.161686  0.197790
7882  0.190741  0.200180  0.212312  0.190982  0.161552  0.198181
7883  0.191107  0.202044  0.212585  0.190982  0.161357  0.198538
7884  0.191473  0.203441  0.212834  0.190983  0.161128  0.198816
7885  0.191828  0.204300  0.212995  0.190985  0.160900  0.198982
7886  0.192164  0.204559  0.213005  0.190989  0.160712  0.199017
7887  0.192470  0.204170  0.212805  0.190995  0.160597  0.198918
7888  0.192740  0.203097  0.212343  0.191002  0.160584  0.198702
7889  0.192963  0.201323  0.211573  0.191011  0.160686  0.198403
7890  0.193134  0.198846  0.210460  0.191020  0.160903  0.198067
7891  0.193246  0.195682  0.208981  0.191027  0.161215  0.197747
7892  0.193295  0.191867  0.207121  0.191030  0.161586  0.197496
7893  0.193278  0.187454  0.204882  0.191029  0.161965  0.197359
7894  0.193194  0.182513  0.202277  0.191024  0.162294  0.197365
7895  0.193042  0.177131  0.199331  0.191015  0.162511  0.197523
7896  0.192824  0.171407  0.196083  0.191006  0.162561  0.197820
7897  0.192544  0.165454  0.192582  0.190997  0.162402  0.198214
7898  0.192207  0.159390  0.188888  0.190992  0.162015  0.198644
7899  0.191819  0.153344  0.185069  0.190988  0.161409  0.199030
7900  0.191388  0.147442  0.181200  0.190983  0.160625  0.199282
7901  0.190922  0.141813  0.177361  0.190970  0.159738  0.199309
7902  0.190433  0.136579  0.173632  0.190935  0.158856  0.199032
7903  0.189930  0.131854  0.170095  0.190866  0.158110  0.198392
7904  0.189424  0.127741  0.166831  0.190742  0.157652  0.197359
7905  0.188928  0.124331  0.163912  0.190547  0.157639  0.195943
7906  0.188452  0.121693  0.161406  0.190264  0.158221  0.194194
7907  0.188008  0.119881  0.159373  0.189884  0.159528  0.192204
7908  0.187606  0.118928  0.157860  0.189405  0.161656  0.190103
7909  0.187256  0.118843  0.156902  0.188835  0.164657  0.188051
7910  0.186967  0.119615  0.156523  0.188192  0.168534  0.186227
7911  0.186747  0.121211  0.156732  0.187507  0.173229  0.184813
7912  0.186601  0.123577  0.157523  0.186817  0.178631  0.183982
7913  0.186535  0.126639  0.158878  0.186166  0.184576  0.183878
7914  0.186552  0.130309  0.160763  0.185596  0.190856  0.184607
7915  0.186653  0.134481  0.163134  0.185150  0.197230  0.186221
7916  0.186838  0.139042  0.165935  0.184857  0.203435  0.188714
7917  0.187105  0.143867  0.169101  0.184740  0.209204  0.192020
7918  0.187450  0.148832  0.172557  0.184805  0.214281  0.196013
7919  0.187867  0.153809  0.176225  0.185045  0.218432  0.200517
7920  0.188351  0.158676  0.180022  0.185438  0.221467  0.205317
7921  0.188893  0.163318  0.183865  0.185955  0.223245  0.210175
7922  0.189484  0.167629  0.187671  0.186556  0.223687  0.214842
7923  0.190113  0.171520  0.191362  0.187202  0.222781  0.219082
7924  0.190771  0.174915  0.194862  0.187852  0.220586  0.222684
7925  0.191445  0.177759  0.198105  0.188472  0.217226  0.225478
7926  0.192124  0.180014  0.201034  0.189035  0.212882  0.227345
7927  0.192797  0.181663  0.203601  0.189522  0.207783  0.228224
7928  0.193453  0.182709  0.205768  0.189926  0.202186  0.228120
7929  0.194080  0.183176  0.207510  0.190245  0.196360  0.227095
7930  0.194668  0.183103  0.208815  0.190486  0.190567  0.225267
7931  0.195208  0.182547  0.209680  0.190660  0.185040  0.222800
7932  0.195693  0.181579  0.210116  0.190780  0.179976  0.219889
7933  0.196113  0.180279  0.210142  0.190858  0.175516  0.216747
7934  0.196465  0.178736  0.209790  0.190907  0.171746  0.213587
7935  0.196743  0.177041  0.209097  0.190937  0.168697  0.210608
7936  0.196944  0.175288  0.208108  0.190955  0.166348  0.207979
7937  0.197067  0.173566  0.206874  0.190967  0.164635  0.205826
7938  0.197111  0.171960  0.205448  0.190973  0.163467  0.204230
7939  0.197078  0.170543  0.203884  0.190978  0.162732  0.203216
7940  0.196971  0.169379  0.202239  0.190980  0.162316  0.202761
7941  0.196793  0.168516  0.200566  0.190982  0.162110  0.202795
7942  0.196551  0.167988  0.198916  0.190983  0.162019  0.203215
7943  0.196249  0.167813  0.197335  0.190983  0.161969  0.203892
7944  0.195895  0.167990  0.195863  0.190983  0.161910  0.204691
7945  0.195497  0.168504  0.194537  0.190983  0.161815  0.205481
7946  0.195063  0.169325  0.193383  0.190983  0.161679  0.206149
7947  0.194602  0.170406  0.192423  0.190982  0.161514  0.206608
7948  0.194124  0.171690  0.191672  0.190981  0.161343  0.206804
7949  0.193636  0.173113  0.191137  0.190979  0.161196  0.206720
7950  0.193149  0.174600  0.190818  0.190975  0.161099  0.206372
7951  0.192670  0.176076  0.190713  0.190971  0.161073  0.205803
7952  0.192208  0.177462  0.190812  0.190966  0.161128  0.205080
7953  0.191769  0.178686  0.191102  0.190962  0.161263  0.204278
7954  0.191362  0.179679  0.191566  0.190959  0.161461  0.203477
7955  0.190991  0.180379  0.192188  0.190957  0.161696  0.202748
7956  0.190662  0.180739  0.192949  0.190958  0.161934  0.202144
7957  0.190378  0.180721  0.193830  0.190961  0.162137  0.201702
7958  0.190143  0.180304  0.194814  0.190965  0.162272  0.201431
7959  0.189957  0.179482  0.195885  0.190970  0.162310  0.201319
7960  0.189821  0.178263  0.197029  0.190975  0.162234  0.201330
7961  0.189735  0.176673  0.198236  0.190978  0.162042  0.201415
7962  0.189698  0.174752  0.199496  0.190980  0.161747  0.201516
7963  0.189706  0.172552  0.200803  0.190981  0.161378  0.201571
7964  0.189757  0.170141  0.202154  0.190983  0.160974  0.201528
7965  0.189847  0.167591  0.203548  0.190987  0.160586  0.201347
7966  0.189970  0.164985  0.204983  0.190994  0.160265  0.201005
7967  0.190122  0.162409  0.206461  0.191007  0.160060  0.200502
7968  0.190297  0.159949  0.207982  0.191026  0.160014  0.199861
7969  0.190489  0.157689  0.209545  0.191049  0.160152  0.199122
7970  0.190693  0.155710  0.211148  0.191077  0.160486  0.198341
7971  0.190902  0.154082  0.212786  0.191107  0.161007  0.197583
7972  0.191110  0.152866  0.214450  0.191136  0.161689  0.196913
7973  0.191314  0.152110  0.216129  0.191160  0.162486  0.196390
7974  0.191507  0.151848  0.217807  0.191176  0.163343  0.196059
7975  0.191686  0.152098  0.219460  0.191184  0.164195  0.195948
7976  0.191846  0.152860  0.221065  0.191181  0.164978  0.196062
7977  0.191984  0.154118  0.222589  0.191169  0.165631  0.196384
7978  0.192099  0.155841  0.223999  0.191150  0.166106  0.196875
7979  0.192188  0.157980  0.225255  0.191125  0.166371  0.197483
7980  0.192251  0.160474  0.226317  0.191098  0.166412  0.198143
7981  0.192288  0.163249  0.227142  0.191072  0.166236  0.198788
7982  0.192299  0.166224  0.227687  0.191048  0.165868  0.199356
7983  0.192286  0.169307  0.227908  0.191028  0.165352  0.199796
7984  0.192251  0.172407  0.227768  0.191013  0.164740  0.200078
7985  0.192196  0.175429  0.227230  0.191002  0.164092  0.200192
7986  0.192124  0.178283  0.226265  0.190995  0.163466  0.200150
7987  0.192039  0.180885  0.224849  0.190990  0.162910  0.199989
7988  0.191944  0.183157  0.222968  0.190987  0.162463  0.199763
7989  0.191843  0.185037  0.220619  0.190986  0.162143  0.199537
7990  0.191740  0.186473  0.217807  0.190985  0.161951  0.199381
7991  0.191638  0.187431  0.214549  0.190984  0.161870  0.199361
7992  0.191541  0.187892  0.210877  0.190984  0.161870  0.199529
7993  0.191453  0.187858  0.206830  0.190983  0.161911  0.199917
7994  0.191376  0.187346  0.202464  0.190984  0.161952  0.200531
7995  0.191313  0.186390  0.197843  0.190986  0.161956  0.201349
7996  0.191265  0.185043  0.193041  0.190993  0.161905  0.202323
7997  0.191235  0.183371  0.188143  0.191010  0.161798  0.203381
7998  0.191223  0.181453  0.183240  0.191044  0.161663  0.204431
7999  0.191230  0.179376  0.178426  0.191108  0.161557  0.205379
