10000 0.180976  0.227086  0.209167 0.184692 0.226074 0.211182
10001 0.180789  0.234243  0.213389 0.184692 0.232422 0.216064
10002 0.180860  0.240584  0.218272 0.184692 0.238281 0.221436
10003 0.181184  0.245843  0.223650 0.184692 0.242676 0.225830
10004 0.181737  0.249784  0.229315 0.185181 0.246582 0.231934
10005 0.182480  0.252228  0.235026 0.185181 0.250488 0.236816
10006 0.183364  0.253055  0.240530 0.185547 0.248535 0.241699
10007 0.184334  0.252219  0.245573 0.185669 0.249512 0.245117
10008 0.185335  0.249750  0.249922 0.186523 0.246094 0.249268
10009 0.186316  0.245758  0.253377 0.186890 0.244141 0.251221
10010 0.187236  0.240424  0.255786 0.187134 0.238770 0.253418
10011 0.188061  0.233993  0.257056 0.187378 0.232910 0.254150
10012 0.188772  0.226754  0.257157 0.187622 0.225586 0.253418
10013 0.189362  0.219026  0.256124 0.188232 0.218262 0.252197
10014 0.189831  0.211133  0.254057 0.188477 0.209473 0.250244
10015 0.190190  0.203381  0.251108 0.188354 0.204102 0.248291
10016 0.190454  0.196040  0.247478 0.189209 0.195801 0.245117
10017 0.190640  0.189327  0.243393 0.189819 0.187988 0.242188
10018 0.190766  0.183396  0.239096 0.189453 0.183594 0.238770
10019 0.190849  0.178334  0.234824 0.190308 0.177246 0.235840
10020 0.190901  0.174164  0.230794 0.190430 0.172363 0.232666
10021 0.190934  0.170853  0.227186 0.190552 0.168457 0.227783
10022 0.190953  0.168320  0.224134 0.190674 0.166504 0.226807
10023 0.190965  0.166458  0.221713 0.190674 0.165039 0.223145
10024 0.190972  0.165139  0.219942 0.190796 0.163574 0.220703
10025 0.190976  0.164235  0.218787 0.191772 0.163086 0.220459
10026 0.190979  0.163625  0.218163 0.191040 0.161621 0.218994
10027 0.190981  0.163206  0.217951 0.190674 0.162109 0.218262
10028 0.190982  0.162896  0.218009 0.190918 0.163086 0.217529
10029 0.190982  0.162640  0.218191 0.190796 0.163086 0.216064
10030 0.190982  0.162404  0.218357 0.191040 0.164551 0.216553
10031 0.190981  0.162177  0.218392 0.190918 0.165527 0.215820
10032 0.190979  0.161966  0.218211 0.190552 0.166016 0.214600
10033 0.190976  0.161785  0.217764 0.190186 0.164062 0.214600
10034 0.190971  0.161656  0.217041 0.190186 0.164062 0.214844
10035 0.190966  0.161596  0.216067 0.190186 0.162598 0.213379
10036 0.190959  0.161616  0.214894 0.190796 0.165527 0.213135
10037 0.190953  0.161718  0.213594 0.189941 0.163086 0.213867
10038 0.190948  0.161891  0.212250 0.189697 0.164551 0.212646
10039 0.190945  0.162113  0.210940 0.190430 0.162109 0.212158
10040 0.190944  0.162353  0.209735 0.189941 0.160645 0.211914
10041 0.190947  0.162576  0.208687 0.190063 0.161133 0.210693
10042 0.190952  0.162744  0.207824 0.189575 0.162109 0.208984
10043 0.190958  0.162826  0.207152 0.190308 0.163086 0.208252
10044 0.190965  0.162797  0.206652 0.190674 0.159668 0.207764
10045 0.190971  0.162647  0.206283 0.190552 0.161133 0.207031
10046 0.190975  0.162380  0.205995 0.190552 0.162109 0.204590
10047 0.190978  0.162014  0.205726 0.190796 0.163574 0.203613
10048 0.190980  0.161583  0.205420 0.190308 0.161133 0.202881
10049 0.190982  0.161129  0.205028 0.190796 0.162598 0.201904
10050 0.190985  0.160701  0.204516 0.190674 0.161621 0.201904
10051 0.190991  0.160350  0.203870 0.190796 0.162109 0.200195
10052 0.191000  0.160122  0.203098 0.190918 0.162109 0.199707
10053 0.191013  0.160049  0.202227 0.191162 0.162598 0.199219
10054 0.191030  0.160152  0.201302 0.190918 0.161133 0.199951
10055 0.191049  0.160434  0.200382 0.191406 0.162109 0.199219
10056 0.191069  0.160878  0.199527 0.190918 0.162109 0.199707
10057 0.191085  0.161451  0.198798 0.190674 0.162598 0.199951
10058 0.191098  0.162105  0.198243 0.191284 0.160645 0.199219
10059 0.191104  0.162784  0.197897 0.190796 0.161133 0.199463
10060 0.191102  0.163424  0.197773 0.190918 0.162109 0.200928
10061 0.191094  0.163969  0.197861 0.190918 0.162109 0.200439
10062 0.191081  0.164368  0.198132 0.190796 0.161133 0.201416
10063 0.191064  0.164585  0.198537 0.190918 0.161621 0.201416
10064 0.191045  0.164601  0.199012 0.190674 0.162598 0.201660
10065 0.191028  0.164417  0.199490 0.191040 0.165039 0.200439
10066 0.191014  0.164056  0.199904 0.190552 0.164551 0.200928
10067 0.191002  0.163554  0.200194 0.190796 0.164551 0.199463
10068 0.190995  0.162965  0.200320 0.190063 0.166016 0.199463
10069 0.190990  0.162348  0.200260 0.190552 0.162598 0.199951
10070 0.190987  0.161762  0.200016 0.190308 0.165039 0.199707
10071 0.190985  0.161261  0.199615 0.191162 0.164062 0.198242
10072 0.190983  0.160888  0.199105 0.190186 0.163086 0.197754
10073 0.190981  0.160666  0.198550 0.190063 0.165039 0.198242
10074 0.190979  0.160598  0.198023 0.190186 0.163086 0.198486
10075 0.190977  0.160668  0.197596 0.189697 0.161133 0.198486
10076 0.190976  0.160839  0.197333 0.190063 0.162598 0.199463
10077 0.190976  0.161061  0.197283 0.190552 0.162598 0.200195
10078 0.190978  0.161277  0.197469 0.190308 0.160156 0.201904
10079 0.190980  0.161427  0.197887 0.190063 0.160645 0.202393
10080 0.190981  0.161465  0.198502 0.190674 0.158691 0.203125
10081 0.190982  0.161357  0.199255 0.190796 0.159180 0.203613
10082 0.190984  0.161096  0.200062 0.191162 0.157715 0.203613
10083 0.190990  0.160702  0.200825 0.191284 0.158691 0.203125
10084 0.191007  0.160227  0.201441 0.191040 0.158691 0.203613
10085 0.191046  0.159754  0.201815 0.191772 0.157227 0.202393
10086 0.191119  0.159391  0.201869 0.192383 0.157715 0.202393
10087 0.191240  0.159261  0.201553 0.192871 0.159668 0.201416
10088 0.191423  0.159500  0.200852 0.193115 0.158691 0.199463
10089 0.191680  0.160236  0.199794 0.193237 0.158203 0.197998
10090 0.192017  0.161581  0.198446 0.193970 0.163086 0.196533
10091 0.192434  0.163620  0.196916 0.194336 0.164062 0.194580
10092 0.192922  0.166395  0.195342 0.194458 0.166504 0.193359
10093 0.193462  0.169904  0.193885 0.194824 0.169922 0.192383
10094 0.194028  0.174092  0.192712 0.195312 0.173340 0.192627
10095 0.194585  0.178852  0.191983 0.195068 0.177246 0.191650
10096 0.195097  0.184030  0.191836 0.194580 0.183105 0.192627
10097 0.195527  0.189431  0.192371 0.195557 0.187988 0.194092
10098 0.195842  0.194830  0.193642 0.195679 0.192871 0.195068
10099 0.196017  0.199985  0.195647 0.195312 0.199219 0.198730
10100 0.196039  0.204654  0.198327 0.195435 0.201660 0.200928
10101 0.195906  0.208604  0.201567 0.194946 0.206543 0.204102
10102 0.195629  0.211632  0.205203 0.195190 0.210449 0.206299
10103 0.195231  0.213576  0.209035 0.194824 0.210938 0.209473
10104 0.194743  0.214327  0.212838 0.194336 0.210938 0.213379
10105 0.194201  0.213838  0.216380 0.194458 0.211914 0.215820
10106 0.193643  0.212127  0.219441 0.194214 0.210449 0.217773
10107 0.193103  0.209279  0.221825 0.193970 0.206055 0.219482
10108 0.192608  0.205442  0.223379 0.193604 0.204102 0.220459
10109 0.192179  0.200813  0.224002 0.193115 0.202637 0.220703
10110 0.191827  0.195633  0.223653 0.192871 0.196289 0.219482
10111 0.191553  0.190160  0.222352 0.192749 0.189941 0.219727
10112 0.191352  0.184658  0.220183 0.192383 0.185547 0.217285
10113 0.191213  0.179374  0.217282 0.191650 0.180664 0.214111
10114 0.191123  0.174522  0.213830 0.191650 0.175293 0.211914
10115 0.191067  0.170270  0.210040 0.191284 0.169922 0.209473
10116 0.191034  0.166731  0.206138 0.190308 0.165039 0.206787
10117 0.191012  0.163960  0.202346 0.191040 0.163574 0.203613
10118 0.190996  0.161954  0.198871 0.190430 0.159180 0.201172
10119 0.190982  0.160663  0.195883 0.190674 0.158691 0.199707
10120 0.190967  0.159995  0.193508 0.189941 0.156738 0.197510
10121 0.190954  0.159832  0.191820 0.189453 0.158691 0.194824
10122 0.190943  0.160043  0.190837 0.189819 0.159180 0.194580
10123 0.190936  0.160494  0.190522 0.189941 0.160156 0.194092
10124 0.190933  0.161062  0.190795 0.189575 0.160156 0.193359
10125 0.190934  0.161640  0.191538 0.189819 0.162598 0.192627
10126 0.190939  0.162146  0.192611 0.190430 0.162598 0.194092
10127 0.190946  0.162524  0.193865 0.190063 0.165527 0.195312
10128 0.190954  0.162748  0.195158 0.190186 0.165527 0.196289
10129 0.190962  0.162812  0.196365 0.190552 0.166016 0.196533
10130 0.190969  0.162736  0.197390 0.190796 0.165039 0.197266
10131 0.190974  0.162550  0.198171 0.190674 0.165527 0.199219
10132 0.190977  0.162298  0.198679 0.190918 0.163574 0.199463
10133 0.190980  0.162020  0.198922 0.190552 0.165039 0.199463
10134 0.190981  0.161757  0.198936 0.191406 0.163086 0.200928
10135 0.190982  0.161539  0.198777 0.191406 0.161133 0.201904
10136 0.190982  0.161384  0.198516 0.191284 0.162109 0.201416
10137 0.190983  0.161299  0.198226 0.191406 0.159668 0.202393
10138 0.190983  0.161278  0.197973 0.191284 0.160156 0.201904
10139 0.190983  0.161305  0.197812 0.191895 0.160156 0.201416
10140 0.190983  0.161360  0.197778 0.191650 0.161133 0.201660
10141 0.190983  0.161419  0.197887 0.191040 0.159668 0.201172
10142 0.190983  0.161463  0.198132 0.191406 0.157715 0.200928
10143 0.190983  0.161476  0.198488 0.191772 0.158203 0.200928
10144 0.190983  0.161453  0.198914 0.191650 0.160156 0.200439
10145 0.190982  0.161395  0.199364 0.191406 0.159668 0.199463
10146 0.190981  0.161317  0.199787 0.191528 0.162109 0.198486
10147 0.190978  0.161237  0.200138 0.191528 0.161621 0.198486
10148 0.190974  0.161178  0.200382 0.191650 0.161133 0.198486
10149 0.190968  0.161165  0.200501 0.191528 0.162598 0.198242
10150 0.190960  0.161217  0.200491 0.191284 0.160156 0.198730
10151 0.190951  0.161345  0.200367 0.190918 0.163574 0.198242
10152 0.190943  0.161550  0.200158 0.191406 0.162109 0.198486
10153 0.190936  0.161821  0.199902 0.190430 0.162109 0.199463
10154 0.190932  0.162134  0.199642 0.191284 0.160156 0.200439
10155 0.190931  0.162453  0.199421 0.191162 0.160645 0.200928
10156 0.190935  0.162737  0.199270 0.191040 0.163086 0.201172
10157 0.190942  0.162941  0.199209 0.191406 0.160645 0.201904
10158 0.190951  0.163022  0.199242 0.191162 0.160645 0.203125
10159 0.190961  0.162950  0.199351 0.190918 0.158691 0.203369
10160 0.190969  0.162705  0.199502 0.190552 0.161621 0.203369
10161 0.190974  0.162288  0.199649 0.190918 0.159668 0.202881
10162 0.190978  0.161723  0.199733 0.191040 0.160156 0.203613
10163 0.190981  0.161053  0.199695 0.191284 0.159668 0.202148
10164 0.190987  0.160343  0.199482 0.191162 0.161133 0.201660
10165 0.191001  0.159674  0.199054 0.191528 0.162109 0.199707
10166 0.191029  0.159136  0.198389 0.192139 0.159180 0.198242
10167 0.191075  0.158819  0.197494 0.192139 0.161621 0.195801
10168 0.191145  0.158806  0.196398 0.192139 0.161621 0.194336
10169 0.191240  0.159163  0.195161 0.192261 0.161621 0.193359
10170 0.191357  0.159930  0.193864 0.192383 0.163086 0.192139
10171 0.191491  0.161117  0.192606 0.192505 0.164062 0.190186
10172 0.191633  0.162699  0.191490 0.192749 0.164551 0.190186
10173 0.191769  0.164614  0.190622 0.192383 0.166504 0.190186
10174 0.191889  0.166767  0.190090 0.192627 0.166504 0.189453
10175 0.191978  0.169038  0.189961 0.192749 0.167969 0.190430
10176 0.192028  0.171285  0.190269 0.192749 0.170898 0.191650
10177 0.192031  0.173360  0.191009 0.192261 0.171875 0.192383
10178 0.191988  0.175115  0.192140 0.192017 0.174316 0.194092
10179 0.191904  0.176419  0.193576 0.192627 0.173828 0.195068
10180 0.191786  0.177167  0.195204 0.192993 0.173828 0.196777
10181 0.191649  0.177290  0.196882 0.192627 0.174316 0.198242
10182 0.191505  0.176759  0.198457 0.192993 0.175293 0.197754
10183 0.191369  0.175596  0.199773 0.192383 0.174316 0.197998
10184 0.191251  0.173867  0.200690 0.192139 0.171875 0.197266
10185 0.191158  0.171684  0.201092 0.192017 0.170410 0.197754
10186 0.191091  0.169192  0.200903 0.192261 0.167969 0.197021
10187 0.191048  0.166562  0.200090 0.191772 0.167480 0.195312
10188 0.191022  0.163976  0.198671 0.191040 0.162598 0.194092
10189 0.191005  0.161610  0.196717 0.191040 0.162109 0.192871
10190 0.190986  0.159622  0.194341 0.191162 0.160156 0.190186
10191 0.190960  0.158137  0.191699 0.191406 0.161133 0.187500
10192 0.190921  0.157236  0.188968 0.190674 0.158203 0.187012
10193 0.190869  0.156953  0.186341 0.190552 0.155273 0.185059
10194 0.190807  0.157269  0.184002 0.190674 0.157227 0.183838
10195 0.190741  0.158117  0.182117 0.190186 0.154297 0.182617
10196 0.190681  0.159389  0.180817 0.189819 0.158203 0.182373
10197 0.190633  0.160945  0.180185 0.189697 0.156738 0.182129
10198 0.190605  0.162629  0.180250 0.190063 0.160156 0.183105
10199 0.190600  0.164277  0.180984 0.190063 0.161133 0.183838
10200 0.190619  0.165737  0.182307 0.189941 0.162109 0.185059
10201 0.190659  0.166876  0.184089 0.189575 0.163574 0.187012
10202 0.190712  0.167595  0.186164 0.189575 0.164551 0.188232
10203 0.190772  0.167835  0.188348 0.190186 0.164551 0.189209
10204 0.190830  0.167580  0.190450 0.189697 0.166016 0.191650
10205 0.190880  0.166859  0.192289 0.189819 0.166504 0.192627
10206 0.190918  0.165745  0.193712 0.190308 0.166504 0.192871
10207 0.190944  0.164344  0.194606 0.190430 0.164551 0.193115
10208 0.190959  0.162787  0.194905 0.189941 0.163574 0.193359
10209 0.190970  0.161220  0.194595 0.190308 0.162109 0.193359
10210 0.190981  0.159787  0.193715 0.190430 0.161621 0.192383
10211 0.191000  0.158620  0.192354 0.190674 0.160156 0.191406
10212 0.191031  0.157827  0.190637 0.190796 0.159668 0.190186
10213 0.191077  0.157482  0.188719 0.190796 0.161133 0.188965
10214 0.191137  0.157618  0.186770 0.191406 0.158203 0.188232
10215 0.191207  0.158230  0.184957 0.192139 0.157227 0.187500
10216 0.191283  0.159271  0.183433 0.191650 0.158203 0.185303
10217 0.191357  0.160663  0.182326 0.191162 0.160156 0.185547
10218 0.191420  0.162301  0.181724 0.191650 0.162109 0.186279
10219 0.191467  0.164065  0.181672 0.191284 0.162109 0.186523
10220 0.191494  0.165830  0.182169 0.191528 0.165527 0.186523
10221 0.191497  0.167476  0.183173 0.191650 0.167480 0.187012
10222 0.191479  0.168897  0.184601 0.191162 0.167480 0.186523
10223 0.191441  0.170012  0.186341 0.191162 0.169922 0.187988
10224 0.191389  0.170766  0.188266 0.191406 0.170410 0.189453
10225 0.191328  0.171131  0.190240 0.191040 0.170898 0.189941
10226 0.191265  0.171115  0.192136 0.191284 0.172852 0.191650
10227 0.191204  0.170749  0.193843 0.191162 0.174316 0.192871
10228 0.191149  0.170088  0.195278 0.191162 0.173340 0.194580
10229 0.191103  0.169204  0.196387 0.191162 0.171875 0.194824
10230 0.191066  0.168178  0.197152 0.191040 0.169922 0.195312
10231 0.191038  0.167089  0.197587 0.190918 0.169434 0.196289
10232 0.191019  0.166013  0.197734 0.190674 0.168457 0.195557
10233 0.191005  0.165012  0.197655 0.190796 0.166992 0.196289
10234 0.190997  0.164133  0.197429 0.190552 0.164062 0.196777
10235 0.190991  0.163404  0.197137 0.190552 0.164551 0.197021
10236 0.190988  0.162834  0.196854 0.190063 0.161621 0.197998
10237 0.190986  0.162417  0.196647 0.190063 0.160156 0.198242
10238 0.190985  0.162133  0.196562 0.190430 0.160645 0.197266
10239 0.190984  0.161955  0.196624 0.190796 0.161133 0.196777
10240 0.190984  0.161851  0.196838 0.190796 0.159668 0.197510
10241 0.190983  0.161793  0.197186 0.190552 0.160156 0.196777
10242 0.190983  0.161755  0.197635 0.191162 0.159180 0.196533
10243 0.190983  0.161720  0.198141 0.190674 0.162109 0.196533
10244 0.190983  0.161679  0.198653 0.191284 0.160645 0.196045
10245 0.190983  0.161630  0.199123 0.190674 0.162109 0.195312
10246 0.190983  0.161579  0.199513 0.191162 0.161621 0.195557
10247 0.190984  0.161532  0.199795 0.191162 0.162109 0.195801
10248 0.190984  0.161499  0.199958 0.191284 0.164062 0.196045
10249 0.190985  0.161486  0.200005 0.191284 0.163086 0.195312
10250 0.190985  0.161492  0.199956 0.191040 0.160645 0.197021
10251 0.190984  0.161513  0.199840 0.191284 0.161133 0.197998
10252 0.190984  0.161535  0.199695 0.191284 0.161133 0.197510
10253 0.190984  0.161541  0.199555 0.191040 0.160645 0.197998
10254 0.190983  0.161513  0.199451 0.191040 0.161133 0.199707
10255 0.190983  0.161432  0.199403 0.191162 0.161621 0.201416
10256 0.190982  0.161290  0.199418 0.190552 0.161133 0.202148
10257 0.190978  0.161088  0.199484 0.190552 0.157227 0.202148
10258 0.190967  0.160844  0.199576 0.190796 0.157227 0.203369
10259 0.190942  0.160598  0.199657 0.190430 0.158203 0.202393
10260 0.190894  0.160408  0.199683 0.190674 0.157227 0.201416
10261 0.190810  0.160355  0.199608 0.190552 0.158203 0.201660
10262 0.190677  0.160534  0.199396 0.189575 0.158203 0.200928
10263 0.190480  0.161054  0.199022 0.190063 0.161621 0.198975
10264 0.190204  0.162027  0.198485 0.189697 0.162598 0.198242
10265 0.189841  0.163555  0.197808 0.189209 0.166016 0.197510
10266 0.189386  0.165727  0.197044 0.189087 0.166016 0.195801
10267 0.188841  0.168605  0.196270 0.188843 0.169434 0.193848
10268 0.188221  0.172214  0.195589 0.188965 0.174316 0.193359
10269 0.187546  0.176536  0.195117 0.187866 0.178711 0.192627
10270 0.186849  0.181509  0.194978 0.188354 0.180664 0.193115
10271 0.186167  0.187022  0.195290 0.188232 0.188477 0.195068
10272 0.185542  0.192920  0.196154 0.187988 0.195312 0.196777
10273 0.185015  0.199010  0.197642 0.187744 0.199707 0.199219
10274 0.184622  0.205067  0.199787 0.187500 0.204590 0.202393
10275 0.184392  0.210851  0.202579 0.187622 0.210449 0.205811
10276 0.184342  0.216116  0.205957 0.187500 0.215820 0.209961
10277 0.184475  0.220626  0.209816 0.188477 0.218750 0.212402
10278 0.184781  0.224167  0.214005 0.187866 0.223145 0.218018
10279 0.185236  0.226566  0.218341 0.187988 0.225586 0.220703
10280 0.185808  0.227698  0.222618 0.187500 0.224121 0.224609
10281 0.186456  0.227498  0.226624 0.188477 0.223633 0.227783
10282 0.187141  0.225969  0.230150 0.188110 0.225098 0.230957
10283 0.187821  0.223181  0.233014 0.188354 0.222656 0.231934
10284 0.188463  0.219267  0.235065 0.188110 0.220703 0.234619
10285 0.189040  0.214422  0.236203 0.188843 0.212402 0.234619
10286 0.189536  0.208881  0.236382 0.189087 0.208984 0.232910
10287 0.189943  0.202911  0.235615 0.188965 0.203613 0.231934
10288 0.190262  0.196786  0.233976 0.189941 0.196289 0.231445
10289 0.190501  0.190770  0.231592 0.189819 0.193359 0.228271
10290 0.190671  0.185100  0.228639 0.189575 0.186035 0.226318
10291 0.190787  0.179966  0.225321 0.189697 0.177734 0.223389
10292 0.190863  0.175502  0.221865 0.190063 0.176270 0.220947
10293 0.190910  0.171786  0.218494 0.191040 0.170410 0.217773
10294 0.190939  0.168832  0.215415 0.190674 0.166992 0.216309
10295 0.190956  0.166602  0.212803 0.190796 0.163574 0.214355
10296 0.190967  0.165015  0.210785 0.190552 0.162109 0.212402
10297 0.190973  0.163960  0.209434 0.190918 0.161133 0.211426
10298 0.190977  0.163311  0.208762 0.191406 0.160156 0.209961
10299 0.190980  0.162938  0.208722 0.191162 0.158691 0.210205
10300 0.190981  0.162724  0.209218 0.190796 0.159668 0.209961
10301 0.190982  0.162573  0.210110 0.190674 0.159180 0.210449
10302 0.190982  0.162414  0.211233 0.191040 0.161621 0.209473
10303 0.190981  0.162211  0.212413 0.190552 0.159668 0.210205
10304 0.190977  0.161958  0.213482 0.190430 0.162109 0.211182
10305 0.190967  0.161678  0.214296 0.190186 0.162598 0.212158
10306 0.190950  0.161415  0.214746 0.189819 0.162598 0.210449
10307 0.190920  0.161230  0.214764 0.190063 0.161621 0.210938
10308 0.190878  0.161187  0.214332 0.189819 0.162109 0.211182
10309 0.190820  0.161347  0.213479 0.190063 0.164062 0.210205
10310 0.190747  0.161757  0.212274 0.189575 0.163086 0.209961
10311 0.190664  0.162445  0.210819 0.189697 0.162598 0.208740
10312 0.190573  0.163411  0.209238 0.189453 0.166016 0.208740
10313 0.190484  0.164633  0.207663 0.189819 0.164062 0.208252
10314 0.190402  0.166057  0.206217 0.188721 0.166016 0.207275
10315 0.190335  0.167610  0.205011 0.189575 0.166992 0.207520
10316 0.190290  0.169203  0.204125 0.189331 0.167480 0.206299
10317 0.190271  0.170735  0.203605 0.189209 0.169434 0.206055
10318 0.190279  0.172110  0.203461 0.189575 0.170410 0.206055
10319 0.190314  0.173235  0.203664 0.189941 0.173828 0.205811
10320 0.190371  0.174037  0.204153 0.188721 0.173340 0.206055
10321 0.190445  0.174464  0.204841 0.189331 0.174805 0.206787
10322 0.190528  0.174490  0.205626 0.189453 0.173340 0.206543
10323 0.190614  0.174118  0.206398 0.189331 0.172852 0.205811
10324 0.190696  0.173379  0.207055 0.189453 0.172363 0.205566
10325 0.190769  0.172327  0.207509 0.189697 0.174805 0.205566
10326 0.190831  0.171038  0.207695 0.190063 0.171387 0.206543
10327 0.190880  0.169598  0.207579 0.190186 0.171387 0.205811
10328 0.190916  0.168097  0.207157 0.190430 0.169922 0.205566
10329 0.190941  0.166624  0.206455 0.191284 0.167480 0.205566
10330 0.190957  0.165255  0.205527 0.190308 0.166504 0.205078
10331 0.190968  0.164052  0.204445 0.191162 0.165039 0.205078
10332 0.190974  0.163056  0.203293 0.191284 0.164062 0.205078
10333 0.190977  0.162286  0.202157 0.191284 0.161133 0.203613
10334 0.190980  0.161740  0.201118 0.190796 0.161133 0.204346
10335 0.190982  0.161398  0.200243 0.191284 0.161133 0.204346
10336 0.190983  0.161229  0.199577 0.191284 0.158203 0.203857
10337 0.190984  0.161190  0.199143 0.190918 0.159180 0.203125
10338 0.190985  0.161237  0.198940 0.190918 0.158691 0.203125
10339 0.190985  0.161327  0.198946 0.191406 0.158691 0.202637
10340 0.190985  0.161427  0.199118 0.190674 0.160156 0.200195
10341 0.190985  0.161511  0.199403 0.190796 0.162109 0.200928
10342 0.190984  0.161564  0.199744 0.190918 0.162109 0.200684
10343 0.190984  0.161582  0.200083 0.190186 0.163574 0.200439
10344 0.190983  0.161570  0.200373 0.190674 0.163086 0.199951
10345 0.190983  0.161541  0.200582 0.190918 0.162598 0.199951
10346 0.190983  0.161508  0.200691 0.190918 0.163574 0.199951
10347 0.190983  0.161483  0.200704 0.190552 0.164551 0.199707
10348 0.190983  0.161476  0.200638 0.190186 0.165527 0.200684
10349 0.190983  0.161491  0.200524 0.189697 0.162598 0.199951
10350 0.190983  0.161522  0.200402 0.190430 0.163086 0.200439
10351 0.190983  0.161560  0.200311 0.190552 0.161621 0.202637
10352 0.190984  0.161591  0.200288 0.190186 0.159668 0.201416
10353 0.190985  0.161602  0.200356 0.190674 0.162109 0.202637
10354 0.190990  0.161586  0.200526 0.191162 0.162598 0.203857
10355 0.191000  0.161543  0.200790 0.191528 0.160645 0.204346
10356 0.191022  0.161491  0.201125 0.191162 0.159180 0.204590
10357 0.191064  0.161467  0.201490 0.190430 0.161133 0.205078
10358 0.191136  0.161526  0.201839 0.191895 0.159180 0.204102
10359 0.191253  0.161746  0.202120 0.192627 0.158203 0.203613
10360 0.191431  0.162223  0.202286 0.192993 0.160645 0.203613
10361 0.191686  0.163064  0.202305 0.193359 0.160156 0.203125
10362 0.192035  0.164384  0.202162 0.193726 0.163574 0.202148
10363 0.192488  0.166290  0.201872 0.194092 0.166992 0.201660
10364 0.193053  0.168877  0.201476 0.194092 0.170898 0.200195
10365 0.193726  0.172215  0.201045 0.195068 0.173340 0.199219
10366 0.194494  0.176336  0.200676 0.196167 0.177734 0.198242
10367 0.195332  0.181233  0.200487 0.196045 0.183594 0.198486
10368 0.196207  0.186847  0.200604 0.196167 0.188477 0.199463
10369 0.197075  0.193072  0.201153 0.196289 0.197266 0.200195
10370 0.197886  0.199752  0.202247 0.196533 0.201660 0.202148
10371 0.198591  0.206687  0.203971 0.196899 0.208496 0.205322
10372 0.199142  0.213641  0.206375 0.196411 0.211914 0.208252
10373 0.199502  0.220356  0.209460 0.196899 0.220215 0.212646
10374 0.199643  0.226561  0.213181 0.197021 0.226562 0.216309
10375 0.199554  0.231988  0.217439 0.197144 0.231934 0.221191
10376 0.199241  0.236390  0.222086 0.196899 0.234863 0.225342
10377 0.198727  0.239553  0.226936 0.197266 0.236816 0.230225
10378 0.198046  0.241313  0.231772 0.196655 0.238281 0.233887
10379 0.197245  0.241565  0.236362 0.196533 0.239258 0.239258
10380 0.196375  0.240276  0.240473 0.195923 0.239258 0.242188
10381 0.195488  0.237486  0.243890 0.195679 0.236816 0.243896
10382 0.194630  0.233313  0.246427 0.195068 0.232422 0.245117
10383 0.193841  0.227942  0.247945 0.194824 0.227051 0.245117
10384 0.193147  0.221620  0.248360 0.194214 0.223633 0.245117
10385 0.192565  0.214635  0.247652 0.194214 0.214355 0.243408
10386 0.192098  0.207300  0.245864 0.193848 0.208008 0.241943
10387 0.191740  0.199929  0.243104 0.192871 0.201660 0.238770
10388 0.191479  0.192818  0.239538 0.192505 0.194336 0.236816
10389 0.191297  0.186219  0.235375 0.192505 0.186523 0.232422
10390 0.191176  0.180331  0.230858 0.191650 0.181641 0.229248
10391 0.191100  0.175286  0.226242 0.191406 0.176270 0.225586
10392 0.191054  0.171149  0.221776 0.191162 0.172852 0.221924
10393 0.191026  0.167917  0.217687 0.191040 0.166504 0.218262
10394 0.191008  0.165532  0.214162 0.190674 0.163086 0.215576
10395 0.190997  0.163891  0.211336 0.190430 0.161133 0.214111
10396 0.190990  0.162859  0.209279 0.190796 0.160156 0.212158
10397 0.190986  0.162291  0.208000 0.190308 0.159668 0.210449
10398 0.190983  0.162039  0.207445 0.190063 0.158203 0.209229
10399 0.190982  0.161970  0.207506 0.189819 0.158691 0.208984
10400 0.190982  0.161971  0.208034 0.189819 0.159668 0.208740
10401 0.190982  0.161959  0.208858 0.189941 0.161133 0.208984
10402 0.190983  0.161884  0.209796 0.190063 0.160645 0.209473
10403 0.190983  0.161725  0.210680 0.190430 0.163086 0.209473
10404 0.190984  0.161491  0.211364 0.190430 0.165039 0.209961
10405 0.190986  0.161211  0.211740 0.191040 0.164062 0.209717
10406 0.190991  0.160932  0.211743 0.191162 0.162598 0.209717
10407 0.191000  0.160706  0.211353 0.191040 0.161621 0.209961
10408 0.191015  0.160581  0.210597 0.191040 0.160156 0.209473
10409 0.191034  0.160599  0.209535 0.190674 0.161133 0.209961
10410 0.191057  0.160784  0.208259 0.191406 0.160156 0.208496
10411 0.191082  0.161142  0.206875 0.191284 0.161621 0.208008
10412 0.191106  0.161659  0.205493 0.191650 0.160645 0.206543
10413 0.191127  0.162302  0.204218 0.191650 0.161133 0.206787
10414 0.191142  0.163021  0.203134 0.191406 0.159180 0.205566
10415 0.191150  0.163757  0.202302 0.191406 0.160645 0.205078
10416 0.191148  0.164447  0.201753 0.192139 0.162109 0.205078
10417 0.191138  0.165032  0.201484 0.192139 0.162598 0.204102
10418 0.191121  0.165460  0.201465 0.192627 0.164062 0.203857
10419 0.191100  0.165696  0.201643 0.192627 0.164551 0.203125
10420 0.191076  0.165720  0.201947 0.192017 0.164062 0.202881
10421 0.191054  0.165535  0.202295 0.192139 0.164551 0.202148
10422 0.191033  0.165160  0.202611 0.192139 0.164551 0.201416
10423 0.191017  0.164632  0.202825 0.191772 0.167969 0.201172
10424 0.191004  0.164001  0.202887 0.191284 0.165527 0.201172
10425 0.190996  0.163323  0.202768 0.191284 0.165527 0.200684
10426 0.190991  0.162654  0.202463 0.191528 0.164062 0.200928
10427 0.190988  0.162048  0.201991 0.191406 0.165039 0.201660
10428 0.190986  0.161546  0.201395 0.191284 0.163574 0.200928
10429 0.190984  0.161175  0.200728 0.191650 0.160645 0.200684
10430 0.190982  0.160945  0.200056 0.191040 0.162109 0.199951
10431 0.190981  0.160853  0.199444 0.191528 0.161133 0.200928
10432 0.190980  0.160877  0.198949 0.191772 0.160645 0.202148
10433 0.190979  0.160987  0.198614 0.190918 0.160156 0.201904
10434 0.190979  0.161143  0.198464 0.191650 0.156250 0.202148
10435 0.190979  0.161306  0.198503 0.191650 0.157715 0.202637
10436 0.190980  0.161440  0.198713 0.191162 0.158203 0.201660
10437 0.190981  0.161518  0.199058 0.190674 0.159180 0.200684
10438 0.190982  0.161525  0.199486 0.191650 0.159180 0.200928
10439 0.190982  0.161457  0.199940 0.191895 0.162109 0.198975
10440 0.190983  0.161326  0.200359 0.191772 0.159668 0.198730
10441 0.190983  0.161156  0.200688 0.191895 0.160645 0.199219
10442 0.190985  0.160978  0.200888 0.191772 0.160156 0.198486
10443 0.190989  0.160827  0.200933 0.191895 0.162109 0.197754
10444 0.190994  0.160737  0.200820 0.192017 0.161621 0.197021
10445 0.191002  0.160734  0.200565 0.192017 0.162109 0.197266
10446 0.191010  0.160833  0.200203 0.192505 0.162598 0.197266
10447 0.191018  0.161036  0.199783 0.192017 0.162598 0.197266
10448 0.191025  0.161325  0.199360 0.192139 0.161133 0.197266
10449 0.191028  0.161669  0.198990 0.191772 0.161621 0.197510
10450 0.191027  0.162024  0.198721 0.191650 0.162598 0.197998
10451 0.191023  0.162337  0.198587 0.192383 0.160156 0.198975
10452 0.191015  0.162552  0.198602 0.192139 0.161621 0.198975
10453 0.191007  0.162621  0.198755 0.192017 0.161133 0.198975
10454 0.190998  0.162507  0.199014 0.191528 0.159180 0.200195
10455 0.190992  0.162193  0.199323 0.191040 0.158691 0.200439
10456 0.190989  0.161685  0.199613 0.191162 0.159180 0.200928
10457 0.190985  0.161018  0.199804 0.191040 0.158691 0.199951
10458 0.190978  0.160255  0.199817 0.190918 0.158691 0.198486
10459 0.190960  0.159482  0.199582 0.191284 0.157715 0.198730
10460 0.190922  0.158808  0.199050 0.190918 0.158203 0.197266
10461 0.190853  0.158351  0.198199 0.190430 0.158203 0.196045
10462 0.190745  0.158231  0.197039 0.190186 0.160156 0.194336
10463 0.190589  0.158558  0.195616 0.189819 0.159668 0.193115
10464 0.190383  0.159418  0.194011 0.189575 0.161621 0.191650
10465 0.190130  0.160868  0.192334 0.188965 0.162598 0.189941
10466 0.189841  0.162923  0.190717 0.188354 0.164062 0.188477
10467 0.189531  0.165554  0.189301 0.188599 0.166992 0.187988
10468 0.189221  0.168684  0.188227 0.188843 0.172852 0.188721
10469 0.188935  0.172195  0.187617 0.188354 0.175293 0.188965
10470 0.188699  0.175928  0.187565 0.188110 0.176758 0.189453
10471 0.188534  0.179695  0.188124 0.187988 0.181152 0.191895
10472 0.188455  0.183294  0.189301 0.188354 0.183594 0.193359
10473 0.188471  0.186517  0.191050 0.187866 0.186035 0.195068
10474 0.188581  0.189170  0.193274 0.188354 0.188965 0.197266
10475 0.188774  0.191080  0.195832 0.188354 0.190430 0.199707
10476 0.189032  0.192118  0.198546 0.188232 0.190918 0.202637
10477 0.189332  0.192200  0.201215 0.188354 0.191406 0.204346
10478 0.189647  0.191302  0.203631 0.188721 0.191895 0.205566
10479 0.189954  0.189459  0.205595 0.189209 0.189941 0.206055
10480 0.190230  0.186768  0.206932 0.189697 0.187012 0.207031
10481 0.190462  0.183381  0.207505 0.189087 0.182617 0.207031
10482 0.190642  0.179494  0.207229 0.189453 0.180176 0.205811
10483 0.190771  0.175336  0.206077 0.189819 0.177734 0.204346
10484 0.190855  0.171150  0.204084 0.190063 0.174805 0.202637
10485 0.190906  0.167173  0.201347 0.189941 0.169922 0.199463
10486 0.190937  0.163621  0.198016 0.191162 0.166992 0.196289
10487 0.190964  0.160672  0.194285 0.191406 0.162598 0.193848
10488 0.190995  0.158452  0.190376 0.190674 0.159668 0.190430
10489 0.191038  0.157029  0.186527 0.191040 0.158691 0.187744
10490 0.191096  0.156413  0.182968 0.191406 0.156250 0.184082
10491 0.191165  0.156555  0.179907 0.191772 0.154785 0.182617
10492 0.191240  0.157357  0.177514 0.191650 0.155273 0.180176
10493 0.191312  0.158682  0.175907 0.191406 0.156738 0.179688
10494 0.191374  0.160371  0.175144 0.191406 0.157715 0.178467
10495 0.191418  0.162252  0.175223 0.190918 0.160645 0.177979
10496 0.191440  0.164155  0.176083 0.191162 0.163086 0.178223
10497 0.191439  0.165928  0.177609 0.191040 0.164062 0.178467
10498 0.191414  0.167443  0.179648 0.191284 0.165527 0.180664
10499 0.191372  0.168603  0.182022 0.191528 0.166992 0.182861
10500 0.191318  0.169350  0.184543 0.191772 0.168945 0.183350
10501 0.191257  0.169663  0.187031 0.191772 0.168945 0.184814
10502 0.191197  0.169560  0.189326 0.191040 0.170898 0.186279
10503 0.191142  0.169086  0.191302 0.191284 0.170410 0.188477
10504 0.191096  0.168314  0.192874 0.191040 0.168945 0.189697
10505 0.191059  0.167333  0.193997 0.190674 0.168945 0.190674
10506 0.191032  0.166238  0.194676 0.190796 0.167969 0.192139
10507 0.191013  0.165121  0.194948 0.190674 0.166992 0.192871
10508 0.191001  0.164065  0.194886 0.190918 0.166992 0.193604
10509 0.190994  0.163134  0.194583 0.190796 0.164551 0.194824
10510 0.190990  0.162371  0.194142 0.190674 0.162109 0.194824
10511 0.190987  0.161800  0.193666 0.190186 0.161621 0.193848
10512 0.190985  0.161418  0.193250 0.190063 0.158691 0.194580
10513 0.190983  0.161207  0.192968 0.190308 0.159180 0.194092
10514 0.190982  0.161135  0.192872 0.189941 0.158691 0.195312
10515 0.190982  0.161163  0.192985 0.190796 0.158691 0.193848
10516 0.190981  0.161248  0.193305 0.190430 0.158203 0.194336
10517 0.190982  0.161352  0.193805 0.190186 0.160156 0.194092
10518 0.190982  0.161444  0.194441 0.190552 0.160645 0.194092
10519 0.190982  0.161504  0.195154 0.191406 0.160156 0.194092
10520 0.190983  0.161523  0.195884 0.190430 0.164062 0.194092
10521 0.190983  0.161502  0.196570 0.190796 0.161621 0.194092
10522 0.190983  0.161451  0.197166 0.191284 0.163086 0.194580
10523 0.190983  0.161386  0.197638 0.190918 0.163086 0.194824
10524 0.190983  0.161325  0.197971 0.191162 0.161621 0.194824
10525 0.190983  0.161281  0.198169 0.190796 0.163574 0.195312
10526 0.190984  0.161266  0.198252 0.190674 0.162598 0.196533
10527 0.190984  0.161282  0.198254 0.190674 0.163086 0.196777
10528 0.190984  0.161324  0.198217 0.191284 0.161133 0.198486
10529 0.190984  0.161379  0.198183 0.191162 0.160156 0.198242
10530 0.190983  0.161429  0.198189 0.191162 0.162109 0.200195
10531 0.190983  0.161455  0.198261 0.190674 0.161133 0.200684
10532 0.190983  0.161439  0.198414 0.191040 0.159180 0.200439
10533 0.190983  0.161370  0.198642 0.190674 0.159668 0.200439
10534 0.190981  0.161248  0.198927 0.190552 0.158203 0.201660
10535 0.190975  0.161087  0.199235 0.190430 0.158691 0.201416
10536 0.190963  0.160914  0.199524 0.190796 0.159668 0.199707
10537 0.190939  0.160772  0.199749 0.190796 0.159180 0.199463
10538 0.190899  0.160718  0.199869 0.189575 0.158691 0.198730
10539 0.190838  0.160816  0.199850 0.190674 0.159180 0.198242
10540 0.190751  0.161131  0.199678 0.189941 0.160645 0.197021
10541 0.190635  0.161725  0.199357 0.190308 0.163086 0.196045
10542 0.190491  0.162647  0.198912 0.190552 0.165527 0.195312
10543 0.190322  0.163929  0.198388 0.189819 0.165039 0.195557
10544 0.190136  0.165575  0.197852 0.189697 0.166504 0.194336
10545 0.189942  0.167562  0.197377 0.189209 0.168945 0.195312
10546 0.189756  0.169834  0.197045 0.190063 0.172363 0.195557
10547 0.189591  0.172309  0.196930 0.189453 0.172852 0.197266
10548 0.189462  0.174875  0.197093 0.189575 0.173828 0.197754
10549 0.189381  0.177403  0.197573 0.189697 0.176270 0.197998
10550 0.189357  0.179753  0.198382 0.189453 0.178223 0.200684
10551 0.189392  0.181783  0.199495 0.189941 0.180176 0.202148
10552 0.189484  0.183360  0.200860 0.189453 0.182617 0.204346
10553 0.189625  0.184376  0.202388 0.189453 0.182617 0.205566
10554 0.189800  0.184747  0.203971 0.189209 0.183105 0.207031
10555 0.189997  0.184432  0.205480 0.189453 0.183594 0.209229
10556 0.190197  0.183432  0.206783 0.189697 0.182617 0.209961
10557 0.190386  0.181791  0.207753 0.189819 0.183594 0.210693
10558 0.190552  0.179599  0.208281 0.189819 0.179688 0.208740
10559 0.190688  0.176980  0.208289 0.189819 0.179688 0.208984
10560 0.190792  0.174091  0.207735 0.190186 0.176270 0.207520
10561 0.190864  0.171100  0.206620 0.189941 0.173340 0.206299
10562 0.190911  0.168183  0.204993 0.189819 0.170898 0.204346
10563 0.190940  0.165500  0.202944 0.190308 0.167480 0.202881
10564 0.190957  0.163188  0.200602 0.190430 0.167969 0.200928
10565 0.190971  0.161348  0.198124 0.190430 0.164551 0.198242
10566 0.190984  0.160038  0.195681 0.190063 0.163086 0.197021
10567 0.190999  0.159266  0.193444 0.190552 0.159668 0.195801
10568 0.191015  0.158999  0.191572 0.190552 0.160156 0.194092
10569 0.191030  0.159159  0.190191 0.191040 0.158691 0.193604
10570 0.191041  0.159639  0.189388 0.190674 0.157715 0.193604
10571 0.191047  0.160312  0.189202 0.191528 0.159180 0.193115
10572 0.191045  0.161043  0.189617 0.190918 0.160645 0.193848
10573 0.191037  0.161702  0.190565 0.191162 0.159668 0.194824
10574 0.191025  0.162181  0.191932 0.191040 0.160645 0.195068
10575 0.191012  0.162398  0.193567 0.190674 0.158691 0.195312
10576 0.191001  0.162310  0.195297 0.190918 0.160156 0.197021
10577 0.190994  0.161916  0.196940 0.190063 0.162109 0.196777
10578 0.190989  0.161255  0.198325 0.190186 0.159180 0.196777
10579 0.190984  0.160407  0.199302 0.190674 0.159180 0.197021
10580 0.190971  0.159482  0.199762 0.190430 0.162109 0.196533
10581 0.190942  0.158615  0.199643 0.189819 0.161133 0.196045
10582 0.190886  0.157946  0.198936 0.189819 0.161621 0.194824
10583 0.190795  0.157614  0.197686 0.189819 0.159180 0.193115
10584 0.190663  0.157740  0.195990 0.189941 0.159668 0.191406
10585 0.190488  0.158412  0.193987 0.189697 0.159180 0.190674
10586 0.190274  0.159684  0.191846 0.189453 0.159180 0.189453
10587 0.190029  0.161560  0.189752 0.188721 0.161621 0.187744
10588 0.189767  0.164002  0.187893 0.188477 0.163086 0.186279
10589 0.189507  0.166925  0.186437 0.188965 0.166504 0.185059
10590 0.189267  0.170206  0.185525 0.188965 0.166992 0.185791
10591 0.189067  0.173692  0.185255 0.188721 0.171387 0.186279
10592 0.188922  0.177215  0.185675 0.188599 0.174316 0.186523
10593 0.188843  0.180596  0.186781 0.188721 0.179199 0.187500
10594 0.188836  0.183667  0.188515 0.188599 0.179688 0.189209
10595 0.188897  0.186274  0.190773 0.188721 0.182617 0.190430
10596 0.189021  0.188293  0.193415 0.188843 0.185547 0.192627
10597 0.189195  0.189636  0.196276 0.189209 0.186523 0.193604
10598 0.189403  0.190255  0.199179 0.189209 0.189453 0.196777
10599 0.189631  0.190145  0.201955 0.189331 0.190430 0.199951
10600 0.189861  0.189342  0.204448 0.189453 0.190430 0.202148
10601 0.190082  0.187923  0.206534 0.189453 0.190918 0.203369
10602 0.190281  0.185991  0.208125 0.190186 0.187988 0.205322
10603 0.190454  0.183675  0.209177 0.190308 0.185547 0.207031
10604 0.190597  0.181112  0.209687 0.190063 0.182617 0.208984
10605 0.190711  0.178441  0.209691 0.190063 0.179199 0.210205
10606 0.190797  0.175791  0.209261 0.190430 0.174805 0.210205
10607 0.190859  0.173273  0.208492 0.190674 0.174805 0.210205
10608 0.190903  0.170974  0.207494 0.190552 0.171387 0.210205
10609 0.190933  0.168952  0.206382 0.190308 0.169434 0.209961
10610 0.190952  0.167238  0.205263 0.190796 0.165527 0.209229
10611 0.190964  0.165837  0.204231 0.190674 0.165527 0.209473
10612 0.190971  0.164731  0.203355 0.191162 0.162598 0.208496
10613 0.190976  0.163888  0.202679 0.191406 0.162109 0.207764
10614 0.190979  0.163265  0.202220 0.190918 0.163086 0.207031
10615 0.190980  0.162815  0.201969 0.190918 0.163086 0.205566
10616 0.190981  0.162495  0.201894 0.191162 0.161621 0.203613
10617 0.190982  0.162266  0.201948 0.191162 0.160645 0.203125
10618 0.190982  0.162096  0.202075 0.190430 0.164062 0.203369
10619 0.190983  0.161964  0.202220 0.190796 0.164551 0.202393
10620 0.190983  0.161858  0.202331 0.190063 0.164062 0.202148
10621 0.190983  0.161769  0.202372 0.191284 0.164062 0.201660
10622 0.190983  0.161697  0.202320 0.191528 0.164551 0.201416
10623 0.190983  0.161641  0.202170 0.190918 0.164551 0.201416
10624 0.190983  0.161600  0.201933 0.191284 0.164062 0.201660
10625 0.190983  0.161571  0.201633 0.190918 0.164551 0.202637
10626 0.190983  0.161550  0.201306 0.190552 0.163086 0.202881
10627 0.190984  0.161529  0.200985 0.190918 0.162598 0.203369
10628 0.190985  0.161503  0.200706 0.191284 0.162109 0.203369
10629 0.190989  0.161470  0.200493 0.191406 0.160156 0.203613
10630 0.190997  0.161433  0.200360 0.191162 0.160645 0.203613
10631 0.191014  0.161406  0.200308 0.190918 0.161133 0.203369
10632 0.191046  0.161419  0.200324 0.191162 0.161133 0.203125
10633 0.191100  0.161512  0.200384 0.191406 0.160156 0.202393
10634 0.191187  0.161745  0.200456 0.191406 0.159668 0.202148
10635 0.191317  0.162190  0.200509 0.191772 0.161133 0.201660
10636 0.191503  0.162928  0.200515 0.191895 0.162109 0.200195
10637 0.191755  0.164045  0.200459 0.192383 0.162598 0.198730
10638 0.192082  0.165625  0.200342 0.192871 0.165039 0.198730
10639 0.192487  0.167740  0.200183 0.192993 0.166992 0.197021
10640 0.192968  0.170441  0.200026 0.193115 0.172363 0.196777
10641 0.193514  0.173754  0.199934 0.193237 0.176758 0.196289
10642 0.194107  0.177670  0.199986 0.193726 0.181152 0.196045
10643 0.194723  0.182138  0.200271 0.193970 0.187012 0.197754
10644 0.195328  0.187069  0.200878 0.193726 0.188477 0.197754
10645 0.195888  0.192336  0.201890 0.194092 0.194336 0.200928
10646 0.196366  0.197772  0.203369 0.194092 0.198730 0.202148
10647 0.196729  0.203185  0.205350 0.194336 0.204590 0.206299
10648 0.196951  0.208363  0.207836 0.193970 0.208984 0.208984
10649 0.197015  0.213088  0.210786 0.194824 0.211914 0.212402
10650 0.196915  0.217145  0.214123 0.195068 0.215820 0.216553
10651 0.196659  0.220340  0.217730 0.194824 0.219238 0.219971
10652 0.196264  0.222510  0.221459 0.193848 0.223633 0.224609
10653 0.195758  0.223538  0.225139 0.193726 0.222656 0.228027
10654 0.195178  0.223358  0.228588 0.193481 0.221680 0.230225
10655 0.194559  0.221965  0.231624 0.193237 0.221680 0.232178
10656 0.193939  0.219417  0.234084 0.193604 0.218262 0.234131
10657 0.193349  0.215830  0.235831 0.192627 0.214844 0.235352
10658 0.192816  0.211378  0.236769 0.192505 0.212891 0.236084
10659 0.192355  0.206274  0.236850 0.192627 0.207520 0.235596
10660 0.191975  0.200763  0.236083 0.192139 0.203125 0.233887
10661 0.191675  0.195096  0.234529 0.192017 0.199219 0.232666
10662 0.191450  0.189521  0.232302 0.191162 0.192383 0.230713
10663 0.191287  0.184256  0.229561 0.190796 0.186035 0.228271
10664 0.191176  0.179482  0.226498 0.191040 0.182617 0.226318
10665 0.191102  0.175328  0.223323 0.190796 0.178223 0.223877
10666 0.191056  0.171866  0.220249 0.190918 0.174316 0.222168
10667 0.191027  0.169111  0.217474 0.190430 0.171875 0.220215
10668 0.191010  0.167027  0.215163 0.190918 0.167969 0.218750
10669 0.190999  0.165539  0.213441 0.190674 0.164551 0.217529
10670 0.190993  0.164539  0.212374 0.190308 0.163574 0.216553
10671 0.190989  0.163907  0.211972 0.190552 0.162598 0.216553
10672 0.190987  0.163520  0.212187 0.190063 0.161133 0.216309
10673 0.190985  0.163267  0.212917 0.190674 0.161133 0.215332
10674 0.190985  0.163061  0.214018 0.190430 0.160156 0.216309
10675 0.190988  0.162842  0.215321 0.190552 0.162109 0.216309
10676 0.190995  0.162586  0.216644 0.191284 0.161133 0.216797
10677 0.191010  0.162304  0.217812 0.191528 0.163086 0.216553
10678 0.191040  0.162034  0.218674 0.191650 0.160156 0.216553
10679 0.191089  0.161841  0.219114 0.191528 0.162598 0.216064
10680 0.191163  0.161807  0.219063 0.191772 0.161133 0.215576
10681 0.191268  0.162016  0.218502 0.192261 0.164062 0.215332
10682 0.191407  0.162547  0.217467 0.191650 0.164062 0.214844
10683 0.191577  0.163462  0.216037 0.192871 0.164551 0.213135
10684 0.191775  0.164798  0.214333 0.192627 0.164062 0.211914
10685 0.191991  0.166561  0.212499 0.193359 0.166992 0.210205
10686 0.192214  0.168719  0.210693 0.192261 0.166504 0.209717
10687 0.192428  0.171207  0.209070 0.192871 0.169434 0.209229
10688 0.192617  0.173929  0.207765 0.192993 0.171387 0.208008
10689 0.192767  0.176764  0.206886 0.193237 0.176270 0.208252
10690 0.192867  0.179572  0.206500 0.193359 0.176758 0.207764
10691 0.192908  0.182211  0.206631 0.193237 0.178711 0.208496
10692 0.192888  0.184540  0.207256 0.193237 0.182617 0.208740
10693 0.192809  0.186436  0.208307 0.193115 0.185059 0.209473
10694 0.192679  0.187797  0.209684 0.192993 0.187500 0.210205
10695 0.192510  0.188554  0.211256 0.193481 0.187500 0.211670
10696 0.192315  0.188673  0.212881 0.193115 0.187988 0.211670
10697 0.192109  0.188158  0.214416 0.192749 0.188477 0.213867
10698 0.191904  0.187052  0.215729 0.192627 0.189453 0.214355
10699 0.191712  0.185427  0.216710 0.192383 0.187988 0.215576
10700 0.191541  0.183386  0.217282 0.192017 0.185059 0.215332
10701 0.191395  0.181047  0.217405 0.191895 0.183594 0.215088
10702 0.191278  0.178538  0.217078 0.191650 0.180176 0.216064
10703 0.191187  0.175985  0.216335 0.191650 0.177734 0.215820
10704 0.191119  0.173503  0.215244 0.191772 0.175293 0.215332
10705 0.191071  0.171190  0.213895 0.191162 0.170898 0.215332
10706 0.191039  0.169118  0.212393 0.191162 0.168457 0.214844
10707 0.191017  0.167334  0.210846 0.190674 0.166504 0.212891
10708 0.191004  0.165858  0.209355 0.191528 0.166992 0.212646
10709 0.190996  0.164685  0.208007 0.191284 0.164551 0.210938
10710 0.190991  0.163792  0.206866 0.191162 0.162109 0.210938
10711 0.190988  0.163140  0.205969 0.191406 0.160645 0.209473
10712 0.190986  0.162684  0.205326 0.191040 0.162109 0.208740
10713 0.190985  0.162374  0.204922 0.191406 0.161621 0.206787
10714 0.190984  0.162167  0.204718 0.191650 0.158691 0.206055
10715 0.190984  0.162026  0.204663 0.191406 0.162109 0.205811
10716 0.190983  0.161921  0.204694 0.191650 0.162109 0.205322
10717 0.190983  0.161835  0.204750 0.191406 0.163574 0.204102
10718 0.190983  0.161758  0.204777 0.192139 0.166016 0.203613
10719 0.190983  0.161689  0.204734 0.192261 0.163574 0.203125
10720 0.190983  0.161630  0.204595 0.192383 0.163086 0.204102
10721 0.190983  0.161584  0.204355 0.192017 0.163086 0.203613
10722 0.190983  0.161553  0.204025 0.192139 0.162109 0.203125
10723 0.190983  0.161536  0.203630 0.192383 0.163574 0.202637
10724 0.190983  0.161527  0.203205 0.192261 0.161133 0.203125
10725 0.190983  0.161518  0.202789 0.192139 0.161133 0.204102
10726 0.190983  0.161497  0.202417 0.191772 0.161621 0.204346
10727 0.190982  0.161457  0.202117 0.192017 0.161133 0.203613
10728 0.190978  0.161394  0.201904 0.191650 0.159180 0.203857
10729 0.190970  0.161312  0.201779 0.191406 0.158203 0.204590
10730 0.190953  0.161231  0.201726 0.192139 0.160156 0.203369
10731 0.190920  0.161184  0.201720 0.191284 0.159180 0.203125
10732 0.190864  0.161221  0.201724 0.191406 0.160156 0.202637
10733 0.190775  0.161410  0.201698 0.191040 0.158691 0.201660
10734 0.190640  0.161828  0.201609 0.190674 0.159668 0.201172
10735 0.190451  0.162562  0.201430 0.190430 0.161133 0.200439
10736 0.190198  0.163698  0.201155 0.189453 0.163086 0.198730
10737 0.189875  0.165316  0.200796 0.189209 0.166992 0.198975
10738 0.189483  0.167479  0.200390 0.189819 0.168945 0.197754
10739 0.189029  0.170222  0.199995 0.189331 0.172363 0.197021
10740 0.188528  0.173549  0.199690 0.188965 0.174805 0.196533
10741 0.188002  0.177427  0.199565 0.188232 0.179199 0.196777
10742 0.187479  0.181780  0.199715 0.187866 0.183105 0.197510
10743 0.186992  0.186490  0.200229 0.187988 0.186035 0.198975
10744 0.186575  0.191403  0.201181 0.188110 0.190430 0.201904
10745 0.186259  0.196334  0.202616 0.187622 0.194824 0.203125
10746 0.186069  0.201073  0.204546 0.187744 0.200195 0.206543
10747 0.186022  0.205402  0.206943 0.187256 0.204590 0.209717
10748 0.186122  0.209106  0.209735 0.187988 0.208008 0.213379
10749 0.186364  0.211984  0.212810 0.187256 0.209961 0.216553
10750 0.186730  0.213868  0.216019 0.187744 0.214844 0.219482
10751 0.187191  0.214633  0.219185 0.187378 0.213379 0.222412
10752 0.187715  0.214206  0.222118 0.188110 0.211914 0.225098
10753 0.188265  0.212579  0.224623 0.188477 0.210938 0.227295
10754 0.188806  0.209806  0.226519 0.187988 0.207520 0.228027
10755 0.189309  0.206009  0.227654 0.188599 0.206055 0.227783
10756 0.189749  0.201365  0.227912 0.188843 0.201172 0.226807
10757 0.190114  0.196100  0.227232 0.189331 0.197266 0.225098
10758 0.190398  0.190474  0.225609 0.188721 0.192871 0.222900
10759 0.190607  0.184758  0.223099 0.189087 0.188965 0.220459
10760 0.190751  0.179219  0.219817 0.189575 0.181152 0.217285
10761 0.190842  0.174097  0.215931 0.189697 0.177734 0.214600
10762 0.190898  0.169591  0.211652 0.189453 0.171875 0.210205
10763 0.190932  0.165844  0.207216 0.189819 0.168457 0.208252
10764 0.190956  0.162933  0.202870 0.190063 0.163574 0.203857
10765 0.190976  0.160876  0.198852 0.190308 0.162109 0.201904
10766 0.190996  0.159626  0.195370 0.190430 0.159180 0.199219
10767 0.191017  0.159088  0.192591 0.190552 0.158691 0.197510
10768 0.191035  0.159125  0.190625 0.190552 0.158203 0.195557
10769 0.191050  0.159581  0.189518 0.191772 0.155762 0.194580
10770 0.191058  0.160287  0.189248 0.190796 0.157715 0.192871
10771 0.191058  0.161081  0.189732 0.191040 0.159180 0.193359
10772 0.191051  0.161823  0.190835 0.190308 0.162109 0.195068
10773 0.191039  0.162398  0.192379 0.190674 0.162109 0.194580
10774 0.191024  0.162731  0.194167 0.191040 0.164062 0.195801
10775 0.191011  0.162783  0.195995 0.191040 0.163086 0.197266
10776 0.191001  0.162557  0.197674 0.190796 0.163086 0.197754
10777 0.190994  0.162091  0.199042 0.190918 0.162598 0.197998
10778 0.190989  0.161454  0.199981 0.190430 0.162109 0.198242
10779 0.190986  0.160733  0.200419 0.189941 0.163574 0.197754
10780 0.190979  0.160027  0.200338 0.190186 0.162598 0.199219
10781 0.190967  0.159434  0.199769 0.189941 0.161133 0.198730
10782 0.190947  0.159038  0.198790 0.189697 0.160156 0.198242
10783 0.190917  0.158905  0.197511 0.189453 0.160645 0.198242
10784 0.190879  0.159073  0.196065 0.189331 0.161133 0.196777
10785 0.190834  0.159550  0.194595 0.189575 0.160156 0.195801
10786 0.190787  0.160314  0.193238 0.190308 0.159180 0.194580
10787 0.190742  0.161315  0.192115 0.189697 0.160645 0.193115
10788 0.190704  0.162481  0.191320 0.190186 0.161133 0.192139
10789 0.190678  0.163726  0.190910 0.189941 0.161133 0.192627
10790 0.190666  0.164959  0.190909 0.189697 0.160645 0.191895
10791 0.190669  0.166090  0.191298 0.190063 0.165527 0.191895
10792 0.190686  0.167042  0.192027 0.190063 0.166016 0.192627
10793 0.190714  0.167753  0.193018 0.189819 0.166016 0.192383
10794 0.190751  0.168186  0.194172 0.189575 0.167969 0.192383
10795 0.190791  0.168325  0.195386 0.189697 0.170410 0.192871
10796 0.190831  0.168181  0.196559 0.189819 0.169434 0.193604
10797 0.190868  0.167786  0.197600 0.189575 0.170898 0.194824
10798 0.190900  0.167190  0.198443 0.189331 0.169434 0.195312
10799 0.190925  0.166455  0.199045 0.189575 0.168457 0.195312
10800 0.190945  0.165647  0.199395 0.190308 0.168457 0.197021
10801 0.190959  0.164830  0.199507 0.189697 0.167969 0.196777
10802 0.190968  0.164063  0.199423 0.190430 0.166504 0.197754
10803 0.190974  0.163389  0.199200 0.190430 0.164062 0.198486
10804 0.190977  0.162838  0.198908 0.190186 0.162109 0.198975
10805 0.190980  0.162420  0.198618 0.190063 0.162598 0.199219
10806 0.190981  0.162131  0.198397 0.190552 0.159180 0.200195
10807 0.190982  0.161954  0.198295 0.190308 0.158691 0.199707
10808 0.190982  0.161862  0.198348 0.191284 0.161621 0.200928
10809 0.190983  0.161824  0.198567 0.191650 0.159668 0.201172
10810 0.190983  0.161811  0.198944 0.190918 0.158691 0.200439
10811 0.190983  0.161796  0.199447 0.191284 0.161133 0.200928
10812 0.190982  0.161765  0.200031 0.190796 0.162109 0.201172
10813 0.190981  0.161710  0.200642 0.191162 0.161621 0.202148
10814 0.190979  0.161639  0.201220 0.191528 0.162109 0.201660
10815 0.190975  0.161565  0.201712 0.190552 0.161133 0.201904
10816 0.190968  0.161511  0.202075 0.190552 0.163086 0.201660
10817 0.190959  0.161501  0.202280 0.190552 0.163086 0.201904
10818 0.190948  0.161557  0.202318 0.190430 0.165039 0.201172
10819 0.190934  0.161697  0.202200 0.189941 0.161621 0.201416
10820 0.190920  0.161927  0.201954 0.190430 0.162598 0.201660
10821 0.190907  0.162240  0.201619 0.190552 0.165039 0.202637
10822 0.190898  0.162616  0.201247 0.190063 0.164062 0.202393
10823 0.190893  0.163022  0.200886 0.190918 0.164062 0.202637
10824 0.190894  0.163413  0.200582 0.189575 0.163086 0.203613
10825 0.190901  0.163740  0.200367 0.190186 0.163086 0.203613
10826 0.190913  0.163953  0.200256 0.189453 0.163086 0.205078
10827 0.190928  0.164005  0.200244 0.189453 0.163086 0.205078
10828 0.190944  0.163866  0.200306 0.190186 0.163574 0.205078
10829 0.190957  0.163519  0.200400 0.190308 0.162598 0.205322
10830 0.190967  0.162973  0.200469 0.189941 0.161621 0.204102
10831 0.190973  0.162256  0.200450 0.190552 0.162109 0.203125
10832 0.190978  0.161423  0.200279 0.190796 0.161621 0.202148
10833 0.190983  0.160548  0.199904 0.190796 0.159668 0.200928
10834 0.190994  0.159720  0.199289 0.190796 0.160645 0.198975
10835 0.191017  0.159036  0.198422 0.191162 0.160645 0.197266
10836 0.191057  0.158590  0.197318 0.191284 0.158203 0.196777
10837 0.191116  0.158464  0.196022 0.191528 0.162109 0.195557
10838 0.191197  0.158721  0.194607 0.191406 0.160156 0.193359
10839 0.191295  0.159394  0.193165 0.191772 0.163086 0.191895
10840 0.191405  0.160481  0.191805 0.191772 0.163086 0.192383
10841 0.191518  0.161943  0.190638 0.193115 0.162109 0.189941
10842 0.191621  0.163705  0.189768 0.192505 0.164062 0.189209
10843 0.191703  0.165660  0.189280 0.193115 0.166016 0.190918
10844 0.191755  0.167673  0.189229 0.192749 0.167969 0.190918
10845 0.191768  0.169596  0.189632 0.193237 0.170410 0.191650
10846 0.191741  0.171277  0.190466 0.193237 0.168945 0.194092
10847 0.191676  0.172573  0.191662 0.192749 0.170898 0.194824
10848 0.191582  0.173360  0.193114 0.192139 0.172852 0.196533
10849 0.191470  0.173552  0.194681 0.192383 0.171875 0.197021
10850 0.191354  0.173100  0.196202 0.192383 0.170898 0.198242
10851 0.191246  0.172009  0.197506 0.192749 0.170898 0.199219
10852 0.191156  0.170332  0.198428 0.192383 0.167969 0.199219
10853 0.191090  0.168176  0.198824 0.192871 0.168457 0.198975
10854 0.191047  0.165691  0.198583 0.192383 0.165039 0.197266
10855 0.191022  0.163059  0.197640 0.191895 0.164062 0.194824
10856 0.191001  0.160487  0.195986 0.191650 0.161133 0.192383
10857 0.190972  0.158183  0.193666 0.191528 0.160645 0.189453
10858 0.190919  0.156346  0.190784 0.190918 0.157227 0.187500
10859 0.190829  0.155143  0.187494 0.190796 0.158691 0.183594
10860 0.190694  0.154700  0.183990 0.191406 0.156250 0.181641
10861 0.190512  0.155090  0.180493 0.190918 0.154785 0.178467
10862 0.190289  0.156326  0.177231 0.191040 0.155273 0.176025
10863 0.190037  0.158363  0.174427 0.190308 0.159180 0.174316
10864 0.189775  0.161097  0.172274 0.190186 0.160156 0.173096
10865 0.189524  0.164381  0.170924 0.190552 0.165039 0.171631
10866 0.189306  0.168027  0.170474 0.189331 0.164551 0.171143
10867 0.189139  0.171829  0.170960 0.190430 0.170898 0.172119
10868 0.189039  0.175571  0.172350 0.189575 0.172363 0.174072
10869 0.189012  0.179045  0.174552 0.189209 0.175293 0.176514
10870 0.189058  0.182062  0.177421 0.189575 0.179688 0.179199
10871 0.189171  0.184467  0.180769 0.189331 0.182129 0.182373
10872 0.189338  0.186146  0.184383 0.189331 0.183594 0.184570
10873 0.189543  0.187032  0.188042 0.189575 0.185059 0.187256
10874 0.189768  0.187110  0.191533 0.189453 0.189941 0.190674
10875 0.189995  0.186416  0.194667 0.189453 0.188477 0.194092
10876 0.190210  0.185027  0.197294 0.188965 0.186523 0.196045
10877 0.190401  0.183063  0.199308 0.189209 0.184570 0.198486
10878 0.190563  0.180668  0.200656 0.189575 0.184082 0.199463
10879 0.190692  0.178003  0.201337 0.189575 0.179199 0.200684
10880 0.190789  0.175230  0.201397 0.189575 0.175781 0.201660
10881 0.190859  0.172501  0.200925 0.189453 0.174805 0.200928
10882 0.190906  0.169948  0.200041 0.189941 0.171387 0.201416
10883 0.190936  0.167673  0.198882 0.190063 0.167480 0.201416
10884 0.190955  0.165744  0.197594 0.190552 0.166992 0.200195
10885 0.190966  0.164194  0.196317 0.190186 0.163086 0.198730
10886 0.190973  0.163025  0.195172 0.190063 0.160156 0.197998
10887 0.190977  0.162208  0.194256 0.190674 0.160645 0.197998
10888 0.190980  0.161695  0.193633 0.190063 0.159180 0.196533
10889 0.190983  0.161425  0.193333 0.190796 0.158203 0.196045
10890 0.190984  0.161332  0.193352 0.190796 0.159668 0.193604
10891 0.190985  0.161352  0.193655 0.190918 0.160156 0.194092
10892 0.190985  0.161428  0.194185 0.190308 0.160645 0.193604
10893 0.190985  0.161517  0.194867 0.189941 0.160156 0.193359
10894 0.190985  0.161590  0.195622 0.190674 0.160156 0.192871
10895 0.190984  0.161632  0.196373 0.189819 0.161621 0.192871
10896 0.190984  0.161638  0.197057 0.190552 0.163574 0.194092
10897 0.190984  0.161616  0.197624 0.190308 0.163086 0.193848
10898 0.190983  0.161578  0.198048 0.190918 0.162109 0.194824
10899 0.190983  0.161539  0.198325 0.190918 0.162598 0.196289
10900 0.190983  0.161510  0.198470 0.191284 0.163574 0.197510
10901 0.190983  0.161499  0.198516 0.191162 0.162598 0.197510
10902 0.190983  0.161508  0.198505 0.191040 0.161621 0.197998
10903 0.190983  0.161533  0.198483 0.191040 0.160645 0.198730
10904 0.190983  0.161563  0.198491 0.190430 0.160156 0.199219
10905 0.190983  0.161589  0.198564 0.190796 0.159180 0.200195
10906 0.190984  0.161598  0.198722 0.191162 0.161133 0.200439
10907 0.190987  0.161587  0.198968 0.191284 0.160645 0.200684
10908 0.190992  0.161557  0.199290 0.191650 0.159668 0.200439
10909 0.191003  0.161522  0.199662 0.191162 0.161621 0.200684
10910 0.191023  0.161506  0.200047 0.191528 0.160645 0.200439
10911 0.191055  0.161548  0.200403 0.191650 0.160156 0.199707
10912 0.191104  0.161692  0.200692 0.191772 0.162109 0.198975
10913 0.191174  0.161991  0.200879 0.191772 0.162109 0.199463
10914 0.191267  0.162498  0.200947 0.192017 0.164551 0.198730
10915 0.191386  0.163260  0.200893 0.191772 0.166016 0.198242
10916 0.191528  0.164312  0.200735 0.192017 0.166016 0.198242
10917 0.191689  0.165673  0.200508 0.192017 0.168457 0.197754
10918 0.191862  0.167339  0.200263 0.192017 0.169922 0.196777
10919 0.192036  0.169278  0.200062 0.192139 0.169434 0.197266
10920 0.192199  0.171436  0.199971 0.191650 0.172852 0.197754
10921 0.192338  0.173730  0.200051 0.192139 0.174805 0.198242
10922 0.192441  0.176060  0.200353 0.192383 0.174805 0.199707
10923 0.192499  0.178308  0.200905 0.192993 0.179199 0.200928
10924 0.192506  0.180353  0.201714 0.192749 0.177734 0.202637
10925 0.192461  0.182072  0.202759 0.192383 0.177734 0.203857
10926 0.192368  0.183358  0.203990 0.192749 0.180176 0.204590
10927 0.192235  0.184123  0.205332 0.192261 0.180664 0.206055
10928 0.192073  0.184309  0.206693 0.192139 0.181641 0.206299
10929 0.191895  0.183891  0.207966 0.191895 0.181152 0.206543
10930 0.191716  0.182884  0.209045 0.192749 0.179688 0.207764
10931 0.191548  0.181341  0.209831 0.192017 0.178223 0.207764
10932 0.191399  0.179348  0.210243 0.191528 0.181641 0.208008
10933 0.191275  0.177022  0.210229 0.191772 0.174316 0.207520
10934 0.191179  0.174500  0.209771 0.191284 0.175293 0.207031
10935 0.191109  0.171925  0.208887 0.190552 0.173828 0.206299
10936 0.191061  0.169440  0.207634 0.190430 0.171387 0.204590
10937 0.191030  0.167169  0.206105 0.190063 0.166992 0.204102
10938 0.191011  0.165213  0.204417 0.190186 0.166016 0.203125
10939 0.191000  0.163639  0.202708 0.189941 0.164551 0.202881
10940 0.190993  0.162474  0.201120 0.190430 0.162598 0.202637
10941 0.190988  0.161709  0.199785 0.189697 0.162109 0.202148
10942 0.190985  0.161300  0.198818 0.190308 0.161133 0.202393
10943 0.190983  0.161172  0.198299 0.189697 0.160156 0.202881
10944 0.190982  0.161234  0.198269 0.189697 0.158691 0.203613
10945 0.190982  0.161387  0.198724 0.189819 0.161621 0.205078
10946 0.190982  0.161536  0.199612 0.189941 0.161133 0.205566
10947 0.190983  0.161603  0.200840 0.189941 0.160645 0.207031
10948 0.190983  0.161535  0.202280 0.190430 0.160156 0.208496
10949 0.190986  0.161312  0.203783 0.190552 0.161133 0.209473
10950 0.190996  0.160953  0.205190 0.191284 0.160156 0.209717
10951 0.191020  0.160514  0.206347 0.191528 0.161133 0.210205
10952 0.191070  0.160085  0.207122 0.191895 0.161621 0.210449
10953 0.191159  0.159784  0.207419 0.192505 0.161621 0.209473
10954 0.191301  0.159747  0.207184 0.192749 0.162598 0.209961
10955 0.191510  0.160113  0.206416 0.192871 0.161133 0.207520
10956 0.191795  0.161013  0.205167 0.193115 0.162109 0.205322
10957 0.192160  0.162555  0.203539 0.193848 0.163086 0.204346
10958 0.192601  0.164812  0.201677 0.193848 0.168457 0.203369
10959 0.193107  0.167813  0.199756 0.194458 0.169922 0.201660
10960 0.193656  0.171539  0.197972 0.194702 0.173828 0.200684
10961 0.194221  0.175917  0.196516 0.195068 0.178223 0.200928
10962 0.194768  0.180826  0.195567 0.195557 0.181641 0.200928
10963 0.195262  0.186101  0.195270 0.195557 0.185547 0.200439
10964 0.195670  0.191545  0.195724 0.196289 0.192383 0.201660
10965 0.195965  0.196937  0.196976 0.196777 0.197266 0.202393
10966 0.196124  0.202049  0.199012 0.196289 0.201660 0.205078
10967 0.196141  0.206657  0.201759 0.196167 0.206055 0.207275
10968 0.196014  0.210559  0.205093 0.195801 0.209473 0.209961
10969 0.195757  0.213581  0.208844 0.195190 0.212402 0.212891
10970 0.195391  0.215593  0.212813 0.195435 0.215332 0.215820
10971 0.194943  0.216516  0.216786 0.195557 0.217285 0.217773
10972 0.194444  0.216324  0.220549 0.195557 0.218262 0.220703
10973 0.193926  0.215048  0.223907 0.195190 0.215820 0.224609
10974 0.193416  0.212774  0.226695 0.194214 0.213867 0.225830
10975 0.192939  0.209633  0.228790 0.194458 0.212402 0.227539
10976 0.192511  0.205797  0.230118 0.193726 0.209473 0.227539
10977 0.192142  0.201460  0.230656 0.194336 0.203125 0.228516
10978 0.191837  0.196828  0.230435 0.193848 0.198242 0.228760
10979 0.191595  0.192105  0.229527 0.193726 0.193848 0.227783
10980 0.191408  0.187476  0.228046 0.193359 0.189453 0.227051
10981 0.191271  0.183102  0.226129 0.193115 0.184570 0.225342
10982 0.191172  0.179103  0.223928 0.192627 0.178223 0.224365
10983 0.191105  0.175564  0.221599 0.192627 0.176270 0.223145
10984 0.191060  0.172528  0.219284 0.192261 0.171387 0.220703
10985 0.191030  0.170000  0.217105 0.192871 0.167480 0.218750
10986 0.191012  0.167957  0.215156 0.192017 0.165527 0.216553
10987 0.191001  0.166352  0.213498 0.191895 0.166016 0.215576
10988 0.190994  0.165124  0.212154 0.191528 0.162109 0.212891
10989 0.190989  0.164204  0.211118 0.192261 0.161133 0.212158
10990 0.190987  0.163526  0.210353 0.191162 0.162598 0.210693
10991 0.190985  0.163029  0.209802 0.191895 0.160645 0.209961
10992 0.190984  0.162663  0.209399 0.191406 0.162598 0.208252
10993 0.190984  0.162389  0.209072 0.191284 0.163574 0.207275
10994 0.190984  0.162178  0.208757 0.191528 0.161621 0.207275
10995 0.190983  0.162013  0.208401 0.191162 0.164062 0.206787
10996 0.190983  0.161882  0.207973 0.191528 0.163086 0.207031
10997 0.190983  0.161780  0.207457 0.191162 0.163574 0.207031
10998 0.190983  0.161703  0.206860 0.191406 0.164062 0.206787
10999 0.190983  0.161648  0.206205 0.191284 0.162109 0.207275
