#n  ms_narma2 ms_narma10  ms_narma20  narma2  narma10  narma20
10000  0.184940  0.188538  0.201941  0.180976  0.227086  0.209167
10001  0.184876  0.186233  0.200852  0.180789  0.234243  0.213389
10002  0.184863  0.183338  0.199576  0.180860  0.240584  0.218272
10003  0.184902  0.179911  0.198140  0.181184  0.245843  0.223650
10004  0.184994  0.176025  0.196584  0.181737  0.249784  0.229315
10005  0.185138  0.171763  0.194962  0.182480  0.252228  0.235026
10006  0.185332  0.167221  0.193342  0.183364  0.253055  0.240530
10007  0.185574  0.162501  0.191797  0.184334  0.252219  0.245573
10008  0.185861  0.157711  0.190404  0.185335  0.249750  0.249922
10009  0.186189  0.152960  0.189243  0.186316  0.245758  0.253377
10010  0.186552  0.148360  0.188387  0.187236  0.240424  0.255786
10011  0.186946  0.144020  0.187900  0.188061  0.233993  0.257056
10012  0.187362  0.140049  0.187836  0.188772  0.226754  0.257157
10013  0.187794  0.136547  0.188231  0.189362  0.219026  0.256124
10014  0.188234  0.133611  0.189104  0.189831  0.211133  0.254057
10015  0.188673  0.131328  0.190456  0.190190  0.203381  0.251108
10016  0.189103  0.129776  0.192269  0.190454  0.196040  0.247478
10017  0.189516  0.129019  0.194505  0.190640  0.189327  0.243393
10018  0.189904  0.129110  0.197114  0.190766  0.183396  0.239096
10019  0.190262  0.130082  0.200031  0.190849  0.178334  0.234824
10020  0.190585  0.131955  0.203182  0.190901  0.174164  0.230794
10021  0.190867  0.134727  0.206489  0.190934  0.170853  0.227186
10022  0.191107  0.138374  0.209870  0.190953  0.168320  0.224134
10023  0.191303  0.142854  0.213247  0.190965  0.166458  0.221713
10024  0.191457  0.148099  0.216543  0.190972  0.165139  0.219942
10025  0.191570  0.154024  0.219691  0.190976  0.164235  0.218787
10026  0.191645  0.160519  0.222627  0.190979  0.163625  0.218163
10027  0.191686  0.167457  0.225300  0.190981  0.163206  0.217951
10028  0.191698  0.174695  0.227664  0.190982  0.162896  0.218009
10029  0.191687  0.182079  0.229680  0.190982  0.162640  0.218191
10030  0.191657  0.189443  0.231315  0.190982  0.162404  0.218357
10031  0.191614  0.196619  0.232541  0.190981  0.162177  0.218392
10032  0.191564  0.203439  0.233331  0.190979  0.161966  0.218211
10033  0.191509  0.209742  0.233661  0.190976  0.161785  0.217764
10034  0.191456  0.215375  0.233508  0.190971  0.161656  0.217041
10035  0.191405  0.220203  0.232849  0.190966  0.161596  0.216067
10036  0.191361  0.224108  0.231665  0.190959  0.161616  0.214894
10037  0.191325  0.226994  0.229938  0.190953  0.161718  0.213594
10038  0.191297  0.228793  0.227656  0.190948  0.161891  0.212250
10039  0.191279  0.229460  0.224817  0.190945  0.162113  0.210940
10040  0.191271  0.228980  0.221428  0.190944  0.162353  0.209735
10041  0.191272  0.227362  0.217509  0.190947  0.162576  0.208687
10042  0.191283  0.224642  0.213097  0.190952  0.162744  0.207824
10043  0.191302  0.220880  0.208246  0.190958  0.162826  0.207152
10044  0.191330  0.216157  0.203028  0.190965  0.162797  0.206652
10045  0.191365  0.210571  0.197533  0.190971  0.162647  0.206283
10046  0.191406  0.204235  0.191869  0.190975  0.162380  0.205995
10047  0.191454  0.197276  0.186156  0.190978  0.162014  0.205726
10048  0.191506  0.189824  0.180524  0.190980  0.161583  0.205420
10049  0.191562  0.182020  0.175111  0.190982  0.161129  0.205028
10050  0.191621  0.174001  0.170053  0.190985  0.160701  0.204516
10051  0.191681  0.165909  0.165483  0.190991  0.160350  0.203870
10052  0.191739  0.157880  0.161522  0.191000  0.160122  0.203098
10053  0.191795  0.150049  0.158275  0.191013  0.160049  0.202227
10054  0.191846  0.142544  0.155829  0.191030  0.160152  0.201302
10055  0.191890  0.135488  0.154244  0.191049  0.160434  0.200382
10056  0.191924  0.128994  0.153557  0.191069  0.160878  0.199527
10057  0.191947  0.123171  0.153779  0.191085  0.161451  0.198798
10058  0.191957  0.118117  0.154894  0.191098  0.162105  0.198243
10059  0.191953  0.113921  0.156862  0.191104  0.162784  0.197897
10060  0.191933  0.110660  0.159624  0.191102  0.163424  0.197773
10061  0.191897  0.108400  0.163104  0.191094  0.163969  0.197861
10062  0.191847  0.107194  0.167212  0.191081  0.164368  0.198132
10063  0.191782  0.107079  0.171851  0.191064  0.164585  0.198537
10064  0.191706  0.108076  0.176922  0.191045  0.164601  0.199012
10065  0.191619  0.110188  0.182324  0.191028  0.164417  0.199490
10066  0.191527  0.113398  0.187962  0.191014  0.164056  0.199904
10067  0.191431  0.117671  0.193746  0.191002  0.163554  0.200194
10068  0.191336  0.122947  0.199595  0.190995  0.162965  0.200320
10069  0.191245  0.129149  0.205431  0.190990  0.162348  0.200260
10070  0.191163  0.136177  0.211188  0.190987  0.161762  0.200016
10071  0.191092  0.143913  0.216803  0.190985  0.161261  0.199615
10072  0.191037  0.152221  0.222216  0.190983  0.160888  0.199105
10073  0.190999  0.160950  0.227370  0.190981  0.160666  0.198550
10074  0.190981  0.169938  0.232208  0.190979  0.160598  0.198023
10075  0.190984  0.179015  0.236671  0.190977  0.160668  0.197596
10076  0.191009  0.188006  0.240697  0.190976  0.160839  0.197333
10077  0.191057  0.196738  0.244223  0.190976  0.161061  0.197283
10078  0.191126  0.205042  0.247187  0.190978  0.161277  0.197469
10079  0.191217  0.212756  0.249524  0.190980  0.161427  0.197887
10080  0.191327  0.219733  0.251178  0.190981  0.161465  0.198502
10081  0.191456  0.225841  0.252095  0.190982  0.161357  0.199255
10082  0.191600  0.230968  0.252236  0.190984  0.161096  0.200062
10083  0.191759  0.235023  0.251574  0.190990  0.160702  0.200825
10084  0.191930  0.237938  0.250103  0.191007  0.160227  0.201441
10085  0.192110  0.239669  0.247833  0.191046  0.159754  0.201815
10086  0.192299  0.240197  0.244799  0.191119  0.159391  0.201869
10087  0.192492  0.239526  0.241060  0.191240  0.159261  0.201553
10088  0.192690  0.237684  0.236693  0.191423  0.159500  0.200852
10089  0.192889  0.234719  0.231799  0.191680  0.160236  0.199794
10090  0.193088  0.230699  0.226493  0.192017  0.161581  0.198446
10091  0.193284  0.225710  0.220902  0.192434  0.163620  0.196916
10092  0.193476  0.219854  0.215164  0.192922  0.166395  0.195342
10093  0.193661  0.213244  0.209414  0.193462  0.169904  0.193885
10094  0.193838  0.206005  0.203787  0.194028  0.174092  0.192712
10095  0.194003  0.198269  0.198407  0.194585  0.178852  0.191983
10096  0.194155  0.190175  0.193387  0.195097  0.184030  0.191836
10097  0.194291  0.181864  0.188820  0.195527  0.189431  0.192371
10098  0.194409  0.173482  0.184782  0.195842  0.194830  0.193642
10099  0.194506  0.165170  0.181326  0.196017  0.199985  0.195647
10100  0.194580  0.157070  0.178485  0.196039  0.204654  0.198327
10101  0.194629  0.149319  0.176272  0.195906  0.208604  0.201567
10102  0.194651  0.142046  0.174683  0.195629  0.211632  0.205203
10103  0.194644  0.135374  0.173697  0.195231  0.213576  0.209035
10104  0.194608  0.129414  0.173283  0.194743  0.214327  0.212838
10105  0.194541  0.124264  0.173402  0.194201  0.213838  0.216380
10106  0.194443  0.120009  0.174008  0.193643  0.212127  0.219441
10107  0.194315  0.116718  0.175053  0.193103  0.209279  0.221825
10108  0.194158  0.114442  0.176490  0.192608  0.205442  0.223379
10109  0.193972  0.113211  0.178273  0.192179  0.200813  0.224002
10110  0.193761  0.113038  0.180355  0.191827  0.195633  0.223653
10111  0.193526  0.113912  0.182694  0.191553  0.190160  0.222352
10112  0.193271  0.115804  0.185245  0.191352  0.184658  0.220183
10113  0.192999  0.118661  0.187966  0.191213  0.179374  0.217282
10114  0.192714  0.122413  0.190808  0.191123  0.174522  0.213830
10115  0.192419  0.126971  0.193724  0.191067  0.170270  0.210040
10116  0.192120  0.132230  0.196658  0.191034  0.166731  0.206138
10117  0.191820  0.138068  0.199552  0.191012  0.163960  0.202346
10118  0.191523  0.144356  0.202341  0.190996  0.161954  0.198871
10119  0.191233  0.150955  0.204959  0.190982  0.160663  0.195883
10120  0.190953  0.157723  0.207337  0.190967  0.159995  0.193508
10121  0.190687  0.164514  0.209408  0.190954  0.159832  0.191820
10122  0.190437  0.171189  0.211108  0.190943  0.160043  0.190837
10123  0.190206  0.177611  0.212382  0.190936  0.160494  0.190522
10124  0.189994  0.183655  0.213187  0.190933  0.161062  0.190795
10125  0.189803  0.189206  0.213492  0.190934  0.161640  0.191538
10126  0.189632  0.194167  0.213287  0.190939  0.162146  0.192611
10127  0.189482  0.198453  0.212578  0.190946  0.162524  0.193865
10128  0.189352  0.202002  0.211393  0.190954  0.162748  0.195158
10129  0.189241  0.204768  0.209778  0.190962  0.162812  0.196365
10130  0.189147  0.206727  0.207798  0.190969  0.162736  0.197390
10131  0.189070  0.207873  0.205533  0.190974  0.162550  0.198171
10132  0.189006  0.208222  0.203075  0.190977  0.162298  0.198679
10133  0.188954  0.207808  0.200525  0.190980  0.162020  0.198922
10134  0.188914  0.206681  0.197985  0.190981  0.161757  0.198936
10135  0.188882  0.204908  0.195554  0.190982  0.161539  0.198777
10136  0.188859  0.202568  0.193328  0.190982  0.161384  0.198516
10137  0.188842  0.199755  0.191390  0.190983  0.161299  0.198226
10138  0.188832  0.196566  0.189810  0.190983  0.161278  0.197973
10139  0.188826  0.193109  0.188642  0.190983  0.161305  0.197812
10140  0.188826  0.189493  0.187922  0.190983  0.161360  0.197778
10141  0.188830  0.185826  0.187671  0.190983  0.161419  0.197887
10142  0.188838  0.182215  0.187891  0.190983  0.161463  0.198132
10143  0.188851  0.178760  0.188574  0.190983  0.161476  0.198488
10144  0.188868  0.175554  0.189696  0.190983  0.161453  0.198914
10145  0.188889  0.172677  0.191226  0.190982  0.161395  0.199364
10146  0.188915  0.170200  0.193128  0.190981  0.161317  0.199787
10147  0.188946  0.168177  0.195359  0.190978  0.161237  0.200138
10148  0.188982  0.166647  0.197880  0.190974  0.161178  0.200382
10149  0.189023  0.165633  0.200648  0.190968  0.161165  0.200501
10150  0.189069  0.165143  0.203622  0.190960  0.161217  0.200491
10151  0.189122  0.165168  0.206762  0.190951  0.161345  0.200367
10152  0.189181  0.165683  0.210031  0.190943  0.161550  0.200158
10153  0.189249  0.166652  0.213387  0.190936  0.161821  0.199902
10154  0.189326  0.168025  0.216789  0.190932  0.162134  0.199642
10155  0.189414  0.169743  0.220189  0.190931  0.162453  0.199421
10156  0.189514  0.171737  0.223536  0.190935  0.162737  0.199270
10157  0.189629  0.173933  0.226772  0.190942  0.162941  0.199209
10158  0.189760  0.176255  0.229830  0.190951  0.163022  0.199242
10159  0.189908  0.178622  0.232638  0.190961  0.162950  0.199351
10160  0.190075  0.180956  0.235118  0.190969  0.162705  0.199502
10161  0.190262  0.183178  0.237190  0.190974  0.162288  0.199649
10162  0.190470  0.185215  0.238773  0.190978  0.161723  0.199733
10163  0.190698  0.186995  0.239790  0.190981  0.161053  0.199695
10164  0.190946  0.188455  0.240171  0.190987  0.160343  0.199482
10165  0.191213  0.189534  0.239859  0.191001  0.159674  0.199054
10166  0.191496  0.190183  0.238813  0.191029  0.159136  0.198389
10167  0.191792  0.190356  0.237010  0.191075  0.158819  0.197494
10168  0.192098  0.190019  0.234450  0.191145  0.158806  0.196398
10169  0.192409  0.189146  0.231157  0.191240  0.159163  0.195161
10170  0.192721  0.187723  0.227178  0.191357  0.159930  0.193864
10171  0.193029  0.185746  0.222585  0.191491  0.161117  0.192606
10172  0.193327  0.183225  0.217470  0.191633  0.162699  0.191490
10173  0.193611  0.180186  0.211944  0.191769  0.164614  0.190622
10174  0.193875  0.176668  0.206131  0.191889  0.166767  0.190090
10175  0.194114  0.172727  0.200167  0.191978  0.169038  0.189961
10176  0.194324  0.168435  0.194188  0.192028  0.171285  0.190269
10177  0.194501  0.163881  0.188334  0.192031  0.173360  0.191009
10178  0.194642  0.159167  0.182736  0.191988  0.175115  0.192140
10179  0.194745  0.154412  0.177517  0.191904  0.176419  0.193576
10180  0.194807  0.149743  0.172784  0.191786  0.177167  0.195204
10181  0.194827  0.145296  0.168629  0.191649  0.177290  0.196882
10182  0.194805  0.141210  0.165127  0.191505  0.176759  0.198457
10183  0.194739  0.137623  0.162332  0.191369  0.175596  0.199773
10184  0.194631  0.134666  0.160281  0.191251  0.173867  0.200690
10185  0.194481  0.132456  0.158994  0.191158  0.171684  0.201092
10186  0.194292  0.131097  0.158472  0.191091  0.169192  0.200903
10187  0.194063  0.130665  0.158703  0.191048  0.166562  0.200090
10188  0.193799  0.131214  0.159665  0.191022  0.163976  0.198671
10189  0.193502  0.132764  0.161322  0.191005  0.161610  0.196717
10190  0.193175  0.135305  0.163630  0.190986  0.159622  0.194341
10191  0.192822  0.138792  0.166538  0.190960  0.158137  0.191699
10192  0.192449  0.143150  0.169987  0.190921  0.157236  0.188968
10193  0.192059  0.148271  0.173913  0.190869  0.156953  0.186341
10194  0.191658  0.154022  0.178244  0.190807  0.157269  0.184002
10195  0.191253  0.160248  0.182903  0.190741  0.158117  0.182117
10196  0.190849  0.166777  0.187806  0.190681  0.159389  0.180817
10197  0.190454  0.173427  0.192862  0.190633  0.160945  0.180185
10198  0.190074  0.180014  0.197973  0.190605  0.162629  0.180250
10199  0.189715  0.186358  0.203037  0.190600  0.164277  0.180984
10200  0.189383  0.192286  0.207945  0.190619  0.165737  0.182307
10201  0.189085  0.197643  0.212589  0.190659  0.166876  0.184089
10202  0.188824  0.202293  0.216856  0.190712  0.167595  0.186164
10203  0.188606  0.206123  0.220640  0.190772  0.167835  0.188348
10204  0.188432  0.209042  0.223838  0.190830  0.167580  0.190450
10205  0.188305  0.210989  0.226359  0.190880  0.166859  0.192289
10206  0.188225  0.211927  0.228123  0.190918  0.165745  0.193712
10207  0.188191  0.211841  0.229070  0.190944  0.164344  0.194606
10208  0.188203  0.210740  0.229156  0.190959  0.162787  0.194905
10209  0.188256  0.208652  0.228363  0.190970  0.161220  0.194595
10210  0.188347  0.205621  0.226697  0.190981  0.159787  0.193715
10211  0.188473  0.201706  0.224185  0.191000  0.158620  0.192354
10212  0.188627  0.196978  0.220885  0.191031  0.157827  0.190637
10213  0.188805  0.191516  0.216874  0.191077  0.157482  0.188719
10214  0.189003  0.185412  0.212253  0.191137  0.157618  0.186770
10215  0.189213  0.178762  0.207140  0.191207  0.158230  0.184957
10216  0.189433  0.171673  0.201671  0.191283  0.159271  0.183433
10217  0.189658  0.164261  0.195991  0.191357  0.160663  0.182326
10218  0.189884  0.156650  0.190253  0.191420  0.162301  0.181724
10219  0.190107  0.148973  0.184611  0.191467  0.164065  0.181672
10220  0.190325  0.141374  0.179220  0.191494  0.165830  0.182169
10221  0.190537  0.134004  0.174225  0.191497  0.167476  0.183173
10222  0.190739  0.127022  0.169765  0.191479  0.168897  0.184601
10223  0.190931  0.120590  0.165963  0.191441  0.170012  0.186341
10224  0.191112  0.114872  0.162929  0.191389  0.170766  0.188266
10225  0.191281  0.110028  0.160753  0.191328  0.171131  0.190240
10226  0.191438  0.106209  0.159504  0.191265  0.171115  0.192136
10227  0.191583  0.103549  0.159233  0.191204  0.170749  0.193843
10228  0.191715  0.102164  0.159965  0.191149  0.170088  0.195278
10229  0.191835  0.102141  0.161707  0.191103  0.169204  0.196387
10230  0.191943  0.103533  0.164439  0.191066  0.168178  0.197152
10231  0.192040  0.106359  0.168121  0.191038  0.167089  0.197587
10232  0.192126  0.110596  0.172690  0.191019  0.166013  0.197734
10233  0.192203  0.116181  0.178063  0.191005  0.165012  0.197655
10234  0.192273  0.123007  0.184136  0.190997  0.164133  0.197429
10235  0.192336  0.130931  0.190789  0.190991  0.163404  0.197137
10236  0.192395  0.139774  0.197884  0.190988  0.162834  0.196854
10237  0.192452  0.149328  0.205272  0.190986  0.162417  0.196647
10238  0.192509  0.159364  0.212792  0.190985  0.162133  0.196562
10239  0.192568  0.169638  0.220279  0.190984  0.161955  0.196624
10240  0.192631  0.179901  0.227564  0.190984  0.161851  0.196838
10241  0.192698  0.189906  0.234480  0.190983  0.161793  0.197186
10242  0.192771  0.199421  0.240867  0.190983  0.161755  0.197635
10243  0.192850  0.208231  0.246574  0.190983  0.161720  0.198141
10244  0.192933  0.216146  0.251466  0.190983  0.161679  0.198653
10245  0.193019  0.223007  0.255426  0.190983  0.161630  0.199123
10246  0.193107  0.228687  0.258357  0.190983  0.161579  0.199513
10247  0.193192  0.233096  0.260189  0.190984  0.161532  0.199795
10248  0.193270  0.236176  0.260875  0.190984  0.161499  0.199958
10249  0.193339  0.237903  0.260396  0.190985  0.161486  0.200005
10250  0.193393  0.238284  0.258760  0.190985  0.161492  0.199956
10251  0.193427  0.237352  0.255999  0.190984  0.161513  0.199840
10252  0.193438  0.235165  0.252169  0.190984  0.161535  0.199695
10253  0.193421  0.231798  0.247350  0.190984  0.161541  0.199555
10254  0.193374  0.227345  0.241637  0.190983  0.161513  0.199451
10255  0.193292  0.221910  0.235143  0.190983  0.161432  0.199403
10256  0.193176  0.215607  0.227993  0.190982  0.161290  0.199418
10257  0.193023  0.208561  0.220321  0.190978  0.161088  0.199484
10258  0.192836  0.200902  0.212265  0.190967  0.160844  0.199576
10259  0.192614  0.192765  0.203970  0.190942  0.160598  0.199657
10260  0.192360  0.184295  0.195579  0.190894  0.160408  0.199683
10261  0.192078  0.175638  0.187237  0.190810  0.160355  0.199608
10262  0.191770  0.166948  0.179083  0.190677  0.160534  0.199396
10263  0.191442  0.158383  0.171256  0.190480  0.161054  0.199022
10264  0.191096  0.150105  0.163889  0.190204  0.162027  0.198485
10265  0.190739  0.142273  0.157108  0.189841  0.163555  0.197808
10266  0.190375  0.135047  0.151032  0.189386  0.165727  0.197044
10267  0.190007  0.128578  0.145773  0.188841  0.168605  0.196270
10268  0.189642  0.123007  0.141429  0.188221  0.172214  0.195589
10269  0.189282  0.118459  0.138089  0.187546  0.176536  0.195117
10270  0.188932  0.115037  0.135822  0.186849  0.181509  0.194978
10271  0.188597  0.112817  0.134684  0.186167  0.187022  0.195290
10272  0.188280  0.111847  0.134705  0.185542  0.192920  0.196154
10273  0.187985  0.112136  0.135896  0.185015  0.199010  0.197642
10274  0.187715  0.113661  0.138239  0.184622  0.205067  0.199787
10275  0.187474  0.116358  0.141690  0.184392  0.210851  0.202579
10276  0.187266  0.120129  0.146177  0.184342  0.216116  0.205957
10277  0.187093  0.124842  0.151598  0.184475  0.220626  0.209816
10278  0.186958  0.130332  0.157826  0.184781  0.224167  0.214005
10279  0.186862  0.136415  0.164710  0.185236  0.226566  0.218341
10280  0.186809  0.142886  0.172078  0.185808  0.227698  0.222618
10281  0.186798  0.149531  0.179743  0.186456  0.227498  0.226624
10282  0.186829  0.156136  0.187511  0.187141  0.225969  0.230150
10283  0.186901  0.162492  0.195185  0.187821  0.223181  0.233014
10284  0.187012  0.168406  0.202573  0.188463  0.219267  0.235065
10285  0.187159  0.173705  0.209496  0.189040  0.214422  0.236203
10286  0.187337  0.178242  0.215794  0.189536  0.208881  0.236382
10287  0.187541  0.181903  0.221334  0.189943  0.202911  0.235615
10288  0.187766  0.184608  0.226010  0.190262  0.196786  0.233976
10289  0.188005  0.186312  0.229755  0.190501  0.190770  0.231592
10290  0.188251  0.187005  0.232533  0.190671  0.185100  0.228639
10291  0.188499  0.186712  0.234347  0.190787  0.179966  0.225321
10292  0.188743  0.185490  0.235234  0.190863  0.175502  0.221865
10293  0.188977  0.183421  0.235260  0.190910  0.171786  0.218494
10294  0.189196  0.180614  0.234522  0.190939  0.168832  0.215415
10295  0.189397  0.177197  0.233133  0.190956  0.166602  0.212803
10296  0.189579  0.173311  0.231224  0.190967  0.165015  0.210785
10297  0.189739  0.169109  0.228935  0.190973  0.163960  0.209434
10298  0.189879  0.164749  0.226404  0.190977  0.163311  0.208762
10299  0.190000  0.160392  0.223767  0.190980  0.162938  0.208722
10300  0.190104  0.156196  0.221150  0.190981  0.162724  0.209218
10301  0.190195  0.152314  0.218664  0.190982  0.162573  0.210110
10302  0.190276  0.148892  0.216405  0.190982  0.162414  0.211233
10303  0.190350  0.146064  0.214447  0.190981  0.162211  0.212413
10304  0.190422  0.143951  0.212848  0.190977  0.161958  0.213482
10305  0.190496  0.142657  0.211644  0.190967  0.161678  0.214296
10306  0.190573  0.142268  0.210857  0.190950  0.161415  0.214746
10307  0.190657  0.142849  0.210491  0.190920  0.161230  0.214764
10308  0.190750  0.144442  0.210539  0.190878  0.161187  0.214332
10309  0.190851  0.147062  0.210983  0.190820  0.161347  0.213479
10310  0.190960  0.150699  0.211798  0.190747  0.161757  0.212274
10311  0.191078  0.155316  0.212954  0.190664  0.162445  0.210819
10312  0.191202  0.160845  0.214414  0.190573  0.163411  0.209238
10313  0.191330  0.167194  0.216141  0.190484  0.164633  0.207663
10314  0.191461  0.174241  0.218091  0.190402  0.166057  0.206217
10315  0.191591  0.181843  0.220219  0.190335  0.167610  0.205011
10316  0.191717  0.189834  0.222475  0.190290  0.169203  0.204125
10317  0.191838  0.198033  0.224802  0.190271  0.170735  0.203605
10318  0.191950  0.206245  0.227138  0.190279  0.172110  0.203461
10319  0.192050  0.214272  0.229412  0.190314  0.173235  0.203664
10320  0.192137  0.221912  0.231547  0.190371  0.174037  0.204153
10321  0.192207  0.228969  0.233458  0.190445  0.174464  0.204841
10322  0.192259  0.235257  0.235055  0.190528  0.174490  0.205626
10323  0.192290  0.240607  0.236243  0.190614  0.174118  0.206398
10324  0.192299  0.244868  0.236927  0.190696  0.173379  0.207055
10325  0.192283  0.247914  0.237013  0.190769  0.172327  0.207509
10326  0.192241  0.249644  0.236415  0.190831  0.171038  0.207695
10327  0.192170  0.249985  0.235060  0.190880  0.169598  0.207579
10328  0.192070  0.248892  0.232887  0.190916  0.168097  0.207157
10329  0.191940  0.246350  0.229858  0.190941  0.166624  0.206455
10330  0.191779  0.242367  0.225958  0.190957  0.165255  0.205527
10331  0.191586  0.236981  0.221197  0.190968  0.164052  0.204445
10332  0.191365  0.230251  0.215617  0.190974  0.163056  0.203293
10333  0.191115  0.222261  0.209285  0.190977  0.162286  0.202157
10334  0.190840  0.213113  0.202301  0.190980  0.161740  0.201118
10335  0.190543  0.202930  0.194787  0.190982  0.161398  0.200243
10336  0.190230  0.191852  0.186894  0.190983  0.161229  0.199577
10337  0.189906  0.180039  0.178787  0.190984  0.161190  0.199143
10338  0.189577  0.167664  0.170650  0.190985  0.161237  0.198940
10339  0.189251  0.154917  0.162673  0.190985  0.161327  0.198946
10340  0.188933  0.142005  0.155051  0.190985  0.161427  0.199118
10341  0.188633  0.129148  0.147974  0.190985  0.161511  0.199403
10342  0.188356  0.116577  0.141625  0.190984  0.161564  0.199744
10343  0.188110  0.104535  0.136172  0.190984  0.161582  0.200083
10344  0.187901  0.093272  0.131765  0.190983  0.161570  0.200373
10345  0.187735  0.083040  0.128532  0.190983  0.161541  0.200582
10346  0.187614  0.074088  0.126575  0.190983  0.161508  0.200691
10347  0.187543  0.066657  0.125970  0.190983  0.161483  0.200704
10348  0.187523  0.060972  0.126765  0.190983  0.161476  0.200638
10349  0.187556  0.057236  0.128978  0.190983  0.161491  0.200524
10350  0.187641  0.055621  0.132601  0.190983  0.161522  0.200402
10351  0.187777  0.056262  0.137600  0.190983  0.161560  0.200311
10352  0.187961  0.059250  0.143915  0.190984  0.161591  0.200288
10353  0.188192  0.064627  0.151463  0.190985  0.161602  0.200356
10354  0.188466  0.072383  0.160139  0.190990  0.161586  0.200526
10355  0.188780  0.082449  0.169820  0.191000  0.161543  0.200790
10356  0.189128  0.094704  0.180365  0.191022  0.161491  0.201125
10357  0.189508  0.108968  0.191620  0.191064  0.161467  0.201490
10358  0.189915  0.125012  0.203417  0.191136  0.161526  0.201839
10359  0.190344  0.142562  0.215577  0.191253  0.161746  0.202120
10360  0.190789  0.161301  0.227914  0.191431  0.162223  0.202286
10361  0.191247  0.180884  0.240236  0.191686  0.163064  0.202305
10362  0.191712  0.200940  0.252345  0.192035  0.164384  0.202162
10363  0.192177  0.221088  0.264047  0.192488  0.166290  0.201872
10364  0.192638  0.240941  0.275147  0.193053  0.168877  0.201476
10365  0.193087  0.260119  0.285455  0.193726  0.172215  0.201045
10366  0.193520  0.278255  0.294792  0.194494  0.176336  0.200676
10367  0.193928  0.295006  0.302991  0.195332  0.181233  0.200487
10368  0.194308  0.310054  0.309898  0.196207  0.186847  0.200604
10369  0.194652  0.323119  0.315382  0.197075  0.193072  0.201153
10370  0.194956  0.333958  0.319332  0.197886  0.199752  0.202247
10371  0.195215  0.342370  0.321665  0.198591  0.206687  0.203971
10372  0.195427  0.348197  0.322324  0.199142  0.213641  0.206375
10373  0.195588  0.351328  0.321283  0.199502  0.220356  0.209460
10374  0.195700  0.351698  0.318548  0.199643  0.226561  0.213181
10375  0.195762  0.349287  0.314157  0.199554  0.231988  0.217439
10376  0.195777  0.344123  0.308178  0.199241  0.236390  0.222086
10377  0.195748  0.336277  0.300714  0.198727  0.239553  0.226936
10378  0.195680  0.325864  0.291894  0.198046  0.241313  0.231772
10379  0.195579  0.313044  0.281874  0.197245  0.241565  0.236362
10380  0.195451  0.298014  0.270835  0.196375  0.240276  0.240473
10381  0.195303  0.281011  0.258978  0.195488  0.237486  0.243890
10382  0.195143  0.262309  0.246518  0.194630  0.233313  0.246427
10383  0.194976  0.242210  0.233683  0.193841  0.227942  0.247945
10384  0.194808  0.221046  0.220706  0.193147  0.221620  0.248360
10385  0.194645  0.199168  0.207821  0.192565  0.214635  0.247652
10386  0.194492  0.176945  0.195260  0.192098  0.207300  0.245864
10387  0.194350  0.154753  0.183246  0.191740  0.199929  0.243104
10388  0.194222  0.132971  0.171988  0.191479  0.192818  0.239538
10389  0.194109  0.111970  0.161680  0.191297  0.186219  0.235375
10390  0.194010  0.092106  0.152493  0.191176  0.180331  0.230858
10391  0.193926  0.073713  0.144575  0.191100  0.175286  0.226242
10392  0.193853  0.057095  0.138045  0.191054  0.171149  0.221776
10393  0.193790  0.042520  0.132996  0.191026  0.167917  0.217687
10394  0.193735  0.030212  0.129487  0.191008  0.165532  0.214162
10395  0.193686  0.020349  0.127546  0.190997  0.163891  0.211336
10396  0.193640  0.013062  0.127168  0.190990  0.162859  0.209279
10397  0.193597  0.008427  0.128318  0.190986  0.162291  0.208000
10398  0.193554  0.006473  0.130931  0.190983  0.162039  0.207445
10399  0.193510  0.007177  0.134910  0.190982  0.161970  0.207506
10400  0.193465  0.010472  0.140135  0.190982  0.161971  0.208034
10401  0.193417  0.016247  0.146461  0.190982  0.161959  0.208858
10402  0.193365  0.024351  0.153726  0.190983  0.161884  0.209796
10403  0.193309  0.034605  0.161750  0.190983  0.161725  0.210680
10404  0.193246  0.046796  0.170341  0.190984  0.161491  0.211364
10405  0.193176  0.060692  0.179303  0.190986  0.161211  0.211740
10406  0.193094  0.076041  0.188435  0.190991  0.160932  0.211743
10407  0.192999  0.092578  0.197539  0.191000  0.160706  0.211353
10408  0.192887  0.110027  0.206424  0.191015  0.160581  0.210597
10409  0.192755  0.128105  0.214908  0.191034  0.160599  0.209535
10410  0.192598  0.146527  0.222825  0.191057  0.160784  0.208259
10411  0.192414  0.165006  0.230024  0.191082  0.161142  0.206875
10412  0.192199  0.183255  0.236373  0.191106  0.161659  0.205493
10413  0.191951  0.200993  0.241765  0.191127  0.162302  0.204218
10414  0.191668  0.217947  0.246114  0.191142  0.163021  0.203134
10415  0.191351  0.233851  0.249357  0.191150  0.163757  0.202302
10416  0.191000  0.248456  0.251457  0.191148  0.164447  0.201753
10417  0.190619  0.261530  0.252400  0.191138  0.165032  0.201484
10418  0.190211  0.272863  0.252195  0.191121  0.165460  0.201465
10419  0.189782  0.282273  0.250876  0.191100  0.165696  0.201643
10420  0.189339  0.289609  0.248493  0.191076  0.165720  0.201947
10421  0.188889  0.294758  0.245120  0.191054  0.165535  0.202295
10422  0.188441  0.297646  0.240845  0.191033  0.165160  0.202611
10423  0.188005  0.298243  0.235772  0.191017  0.164632  0.202825
10424  0.187587  0.296565  0.230020  0.191004  0.164001  0.202887
10425  0.187199  0.292673  0.223718  0.190996  0.163323  0.202768
10426  0.186846  0.286676  0.217001  0.190991  0.162654  0.202463
10427  0.186537  0.278725  0.210015  0.190988  0.162048  0.201991
10428  0.186278  0.269010  0.202908  0.190986  0.161546  0.201395
10429  0.186073  0.257757  0.195828  0.190984  0.161175  0.200728
10430  0.185926  0.245219  0.188924  0.190982  0.160945  0.200056
10431  0.185839  0.231670  0.182342  0.190981  0.160853  0.199444
10432  0.185813  0.217396  0.176221  0.190980  0.160877  0.198949
10433  0.185848  0.202690  0.170692  0.190979  0.160987  0.198614
10434  0.185943  0.187838  0.165875  0.190979  0.161143  0.198464
10435  0.186097  0.173118  0.161877  0.190979  0.161306  0.198503
10436  0.186306  0.158791  0.158789  0.190980  0.161440  0.198713
10437  0.186568  0.145096  0.156683  0.190981  0.161518  0.199058
10438  0.186879  0.132244  0.155612  0.190982  0.161525  0.199486
10439  0.187237  0.120419  0.155610  0.190982  0.161457  0.199940
10440  0.187635  0.109775  0.156684  0.190983  0.161326  0.200359
10441  0.188071  0.100435  0.158821  0.190983  0.161156  0.200688
10442  0.188540  0.092493  0.161984  0.190985  0.160978  0.200888
10443  0.189036  0.086017  0.166111  0.190989  0.160827  0.200933
10444  0.189554  0.081051  0.171121  0.190994  0.160737  0.200820
10445  0.190088  0.077615  0.176908  0.191002  0.160734  0.200565
10446  0.190632  0.075711  0.183351  0.191010  0.160833  0.200203
10447  0.191177  0.075323  0.190310  0.191018  0.161036  0.199783
10448  0.191718  0.076420  0.197632  0.191025  0.161325  0.199360
10449  0.192246  0.078958  0.205156  0.191028  0.161669  0.198990
10450  0.192754  0.082878  0.212713  0.191027  0.162024  0.198721
10451  0.193233  0.088108  0.220131  0.191023  0.162337  0.198587
10452  0.193676  0.094564  0.227240  0.191015  0.162552  0.198602
10453  0.194077  0.102147  0.233876  0.191007  0.162621  0.198755
10454  0.194429  0.110744  0.239885  0.190998  0.162507  0.199014
10455  0.194727  0.120228  0.245125  0.190992  0.162193  0.199323
10456  0.194968  0.130455  0.249470  0.190989  0.161685  0.199613
10457  0.195149  0.141271  0.252814  0.190985  0.161018  0.199804
10458  0.195269  0.152505  0.255074  0.190978  0.160255  0.199817
10459  0.195329  0.163978  0.256190  0.190960  0.159482  0.199582
10460  0.195331  0.175504  0.256126  0.190922  0.158808  0.199050
10461  0.195277  0.186889  0.254873  0.190853  0.158351  0.198199
10462  0.195173  0.197943  0.252449  0.190745  0.158231  0.197039
10463  0.195024  0.208477  0.248896  0.190589  0.158558  0.195616
10464  0.194835  0.218313  0.244280  0.190383  0.159418  0.194011
10465  0.194614  0.227286  0.238690  0.190130  0.160868  0.192334
10466  0.194366  0.235247  0.232235  0.189841  0.162923  0.190717
10467  0.194097  0.242070  0.225042  0.189531  0.165554  0.189301
10468  0.193814  0.247654  0.217251  0.189221  0.168684  0.188227
10469  0.193521  0.251922  0.209014  0.188935  0.172195  0.187617
10470  0.193224  0.254827  0.200490  0.188699  0.175928  0.187565
10471  0.192925  0.256350  0.191841  0.188534  0.179695  0.188124
10472  0.192629  0.256497  0.183229  0.188455  0.183294  0.189301
10473  0.192337  0.255302  0.174814  0.188471  0.186517  0.191050
10474  0.192053  0.252822  0.166748  0.188581  0.189170  0.193274
10475  0.191776  0.249133  0.159173  0.188774  0.191080  0.195832
10476  0.191509  0.244330  0.152219  0.189032  0.192118  0.198546
10477  0.191252  0.238522  0.146001  0.189332  0.192200  0.201215
10478  0.191006  0.231826  0.140617  0.189647  0.191302  0.203631
10479  0.190772  0.224368  0.136147  0.189954  0.189459  0.205595
10480  0.190550  0.216279  0.132653  0.190230  0.186768  0.206932
10481  0.190341  0.207689  0.130174  0.190462  0.183381  0.207505
10482  0.190147  0.198728  0.128733  0.190642  0.179494  0.207229
10483  0.189967  0.189523  0.128331  0.190771  0.175336  0.206077
10484  0.189802  0.180197  0.128949  0.190855  0.171150  0.204084
10485  0.189653  0.170865  0.130551  0.190906  0.167173  0.201347
10486  0.189519  0.161638  0.133084  0.190937  0.163621  0.198016
10487  0.189401  0.152619  0.136478  0.190964  0.160672  0.194285
10488  0.189297  0.143903  0.140650  0.190995  0.158452  0.190376
10489  0.189208  0.135576  0.145503  0.191038  0.157029  0.186527
10490  0.189131  0.127717  0.150931  0.191096  0.156413  0.182968
10491  0.189066  0.120399  0.156819  0.191165  0.156555  0.179907
10492  0.189011  0.113683  0.163045  0.191240  0.157357  0.177514
10493  0.188963  0.107623  0.169485  0.191312  0.158682  0.175907
10494  0.188923  0.102267  0.176013  0.191374  0.160371  0.175144
10495  0.188889  0.097652  0.182504  0.191418  0.162252  0.175223
10496  0.188860  0.093811  0.188838  0.191440  0.164155  0.176083
10497  0.188835  0.090764  0.194902  0.191439  0.165928  0.177609
10498  0.188817  0.088530  0.200590  0.191414  0.167443  0.179648
10499  0.188804  0.087117  0.205810  0.191372  0.168603  0.182022
10500  0.188800  0.086528  0.210484  0.191318  0.169350  0.184543
10501  0.188806  0.086759  0.214548  0.191257  0.169663  0.187031
10502  0.188825  0.087802  0.217955  0.191197  0.169560  0.189326
10503  0.188860  0.089642  0.220679  0.191142  0.169086  0.191302
10504  0.188915  0.092259  0.222711  0.191096  0.168314  0.192874
10505  0.188992  0.095626  0.224061  0.191059  0.167333  0.193997
10506  0.189094  0.099713  0.224758  0.191032  0.166238  0.194676
10507  0.189224  0.104482  0.224849  0.191013  0.165121  0.194948
10508  0.189383  0.109889  0.224397  0.191001  0.164065  0.194886
10509  0.189573  0.115883  0.223477  0.190994  0.163134  0.194583
10510  0.189793  0.122406  0.222177  0.190990  0.162371  0.194142
10511  0.190044  0.129393  0.220593  0.190987  0.161800  0.193666
10512  0.190322  0.136770  0.218824  0.190985  0.161418  0.193250
10513  0.190626  0.144458  0.216975  0.190983  0.161207  0.192968
10514  0.190953  0.152369  0.215147  0.190982  0.161135  0.192872
10515  0.191298  0.160408  0.213434  0.190982  0.161163  0.192985
10516  0.191657  0.168477  0.211928  0.190981  0.161248  0.193305
10517  0.192024  0.176474  0.210707  0.190982  0.161352  0.193805
10518  0.192396  0.184295  0.209836  0.190982  0.161444  0.194441
10519  0.192765  0.191835  0.209368  0.190982  0.161504  0.195154
10520  0.193128  0.198993  0.209339  0.190983  0.161523  0.195884
10521  0.193478  0.205674  0.209770  0.190983  0.161502  0.196570
10522  0.193812  0.211789  0.210664  0.190983  0.161451  0.197166
10523  0.194125  0.217259  0.212009  0.190983  0.161386  0.197638
10524  0.194412  0.222016  0.213778  0.190983  0.161325  0.197971
10525  0.194669  0.226006  0.215927  0.190983  0.161281  0.198169
10526  0.194894  0.229189  0.218402  0.190984  0.161266  0.198252
10527  0.195083  0.231539  0.221136  0.190984  0.161282  0.198254
10528  0.195233  0.233047  0.224055  0.190984  0.161324  0.198217
10529  0.195342  0.233718  0.227074  0.190984  0.161379  0.198183
10530  0.195407  0.233572  0.230106  0.190983  0.161429  0.198189
10531  0.195427  0.232641  0.233060  0.190983  0.161455  0.198261
10532  0.195400  0.230971  0.235843  0.190983  0.161439  0.198414
10533  0.195325  0.228616  0.238365  0.190983  0.161370  0.198642
10534  0.195201  0.225642  0.240537  0.190981  0.161248  0.198927
10535  0.195027  0.222119  0.242275  0.190975  0.161087  0.199235
10536  0.194804  0.218125  0.243503  0.190963  0.160914  0.199524
10537  0.194532  0.213738  0.244153  0.190939  0.160772  0.199749
10538  0.194214  0.209042  0.244165  0.190899  0.160718  0.199869
10539  0.193850  0.204120  0.243493  0.190838  0.160816  0.199850
10540  0.193444  0.199054  0.242099  0.190751  0.161131  0.199678
10541  0.193000  0.193923  0.239962  0.190635  0.161725  0.199357
10542  0.192521  0.188806  0.237073  0.190491  0.162647  0.198912
10543  0.192013  0.183776  0.233437  0.190322  0.163929  0.198388
10544  0.191482  0.178899  0.229074  0.190136  0.165575  0.197852
10545  0.190933  0.174237  0.224016  0.189942  0.167562  0.197377
10546  0.190373  0.169844  0.218312  0.189756  0.169834  0.197045
10547  0.189808  0.165765  0.212022  0.189591  0.172309  0.196930
10548  0.189247  0.162034  0.205220  0.189462  0.174875  0.197093
10549  0.188695  0.158678  0.197988  0.189381  0.177403  0.197573
10550  0.188160  0.155710  0.190421  0.189357  0.179753  0.198382
10551  0.187647  0.153134  0.182619  0.189392  0.181783  0.199495
10552  0.187164  0.150941  0.174691  0.189484  0.183360  0.200860
10553  0.186715  0.149111  0.166749  0.189625  0.184376  0.202388
10554  0.186305  0.147616  0.158909  0.189800  0.184747  0.203971
10555  0.185938  0.146416  0.151286  0.189997  0.184432  0.205480
10556  0.185618  0.145465  0.143997  0.190197  0.183432  0.206783
10557  0.185347  0.144711  0.137154  0.190386  0.181791  0.207753
10558  0.185127  0.144099  0.130867  0.190552  0.179599  0.208281
10559  0.184958  0.143572  0.125238  0.190688  0.176980  0.208289
10560  0.184840  0.143078  0.120365  0.190792  0.174091  0.207735
10561  0.184773  0.142565  0.116335  0.190864  0.171100  0.206620
10562  0.184755  0.141992  0.113228  0.190911  0.168183  0.204993
10563  0.184784  0.141326  0.111112  0.190940  0.165500  0.202944
10564  0.184857  0.140545  0.110044  0.190957  0.163188  0.200602
10565  0.184970  0.139639  0.110066  0.190971  0.161348  0.198124
10566  0.185121  0.138613  0.111210  0.190984  0.160038  0.195681
10567  0.185304  0.137485  0.113489  0.190999  0.159266  0.193444
10568  0.185516  0.136288  0.116905  0.191015  0.158999  0.191572
10569  0.185753  0.135067  0.121441  0.191030  0.159159  0.190191
10570  0.186011  0.133878  0.127063  0.191041  0.159639  0.189388
10571  0.186285  0.132789  0.133723  0.191047  0.160312  0.189202
10572  0.186571  0.131874  0.141353  0.191045  0.161043  0.189617
10573  0.186867  0.131213  0.149871  0.191037  0.161702  0.190565
10574  0.187168  0.130888  0.159178  0.191025  0.162181  0.191932
10575  0.187473  0.130983  0.169163  0.191012  0.162398  0.193567
10576  0.187779  0.131578  0.179698  0.191001  0.162310  0.195297
10577  0.188084  0.132748  0.190648  0.190994  0.161916  0.196940
10578  0.188387  0.134561  0.201868  0.190989  0.161255  0.198325
10579  0.188687  0.137074  0.213207  0.190984  0.160407  0.199302
10580  0.188984  0.140333  0.224511  0.190971  0.159482  0.199762
10581  0.189278  0.144368  0.235628  0.190942  0.158615  0.199643
10582  0.189569  0.149197  0.246407  0.190886  0.157946  0.198936
10583  0.189857  0.154816  0.256703  0.190795  0.157614  0.197686
10584  0.190142  0.161205  0.266380  0.190663  0.157740  0.195990
10585  0.190426  0.168325  0.275314  0.190488  0.158412  0.193987
10586  0.190707  0.176114  0.283394  0.190274  0.159684  0.191846
10587  0.190987  0.184491  0.290523  0.190029  0.161560  0.189752
10588  0.191264  0.193355  0.296620  0.189767  0.164002  0.187893
10589  0.191538  0.202583  0.301621  0.189507  0.166925  0.186437
10590  0.191808  0.212034  0.305476  0.189267  0.170206  0.185525
10591  0.192073  0.221549  0.308156  0.189067  0.173692  0.185255
10592  0.192330  0.230954  0.309642  0.188922  0.177215  0.185675
10593  0.192578  0.240063  0.309933  0.188843  0.180596  0.186781
10594  0.192815  0.248681  0.309040  0.188836  0.183667  0.188515
10595  0.193037  0.256606  0.306986  0.188897  0.186274  0.190773
10596  0.193242  0.263640  0.303805  0.189021  0.188293  0.193415
10597  0.193427  0.269586  0.299540  0.189195  0.189636  0.196276
10598  0.193589  0.274261  0.294243  0.189403  0.190255  0.199179
10599  0.193727  0.277493  0.287974  0.189631  0.190145  0.201955
10600  0.193836  0.279137  0.280802  0.189861  0.189342  0.204448
10601  0.193915  0.279068  0.272799  0.190082  0.187923  0.206534
10602  0.193963  0.277196  0.264049  0.190281  0.185991  0.208125
10603  0.193976  0.273463  0.254640  0.190454  0.183675  0.209177
10604  0.193956  0.267852  0.244668  0.190597  0.181112  0.209687
10605  0.193900  0.260381  0.234237  0.190711  0.178441  0.209691
10606  0.193808  0.251112  0.223458  0.190797  0.175791  0.209261
10607  0.193682  0.240147  0.212448  0.190859  0.173273  0.208492
10608  0.193522  0.227627  0.201331  0.190903  0.170974  0.207494
10609  0.193330  0.213729  0.190238  0.190933  0.168952  0.206382
10610  0.193107  0.198666  0.179304  0.190952  0.167238  0.205263
10611  0.192855  0.182676  0.168665  0.190964  0.165837  0.204231
10612  0.192579  0.166025  0.158461  0.190971  0.164731  0.203355
10613  0.192280  0.148996  0.148827  0.190976  0.163888  0.202679
10614  0.191962  0.131882  0.139899  0.190979  0.163265  0.202220
10615  0.191630  0.114986  0.131801  0.190980  0.162815  0.201969
10616  0.191288  0.098608  0.124652  0.190981  0.162495  0.201894
10617  0.190939  0.083043  0.118557  0.190982  0.162266  0.201948
10618  0.190589  0.068571  0.113605  0.190982  0.162096  0.202075
10619  0.190242  0.055458  0.109872  0.190983  0.161964  0.202220
10620  0.189901  0.043946  0.107411  0.190983  0.161858  0.202331
10621  0.189573  0.034248  0.106257  0.190983  0.161769  0.202372
10622  0.189259  0.026548  0.106423  0.190983  0.161697  0.202320
10623  0.188965  0.020996  0.107900  0.190983  0.161641  0.202170
10624  0.188693  0.017704  0.110657  0.190983  0.161600  0.201933
10625  0.188446  0.016749  0.114641  0.190983  0.161571  0.201633
10626  0.188227  0.018164  0.119781  0.190983  0.161550  0.201306
10627  0.188037  0.021946  0.125985  0.190984  0.161529  0.200985
10628  0.187878  0.028051  0.133146  0.190985  0.161503  0.200706
10629  0.187750  0.036395  0.141143  0.190989  0.161470  0.200493
10630  0.187653  0.046857  0.149843  0.190997  0.161433  0.200360
10631  0.187588  0.059280  0.159103  0.191014  0.161406  0.200308
10632  0.187552  0.073475  0.168778  0.191046  0.161419  0.200324
10633  0.187547  0.089222  0.178716  0.191100  0.161512  0.200384
10634  0.187568  0.106274  0.188767  0.191187  0.161745  0.200456
10635  0.187617  0.124362  0.198784  0.191317  0.162190  0.200509
10636  0.187690  0.143201  0.208625  0.191503  0.162928  0.200515
10637  0.187785  0.162490  0.218156  0.191755  0.164045  0.200459
10638  0.187902  0.181925  0.227252  0.192082  0.165625  0.200342
10639  0.188039  0.201196  0.235800  0.192487  0.167740  0.200183
10640  0.188195  0.220000  0.243699  0.192968  0.170441  0.200026
10641  0.188368  0.238041  0.250861  0.193514  0.173754  0.199934
10642  0.188557  0.255038  0.257216  0.194107  0.177670  0.199986
10643  0.188763  0.270731  0.262706  0.194723  0.182138  0.200271
10644  0.188984  0.284885  0.267288  0.195328  0.187069  0.200878
10645  0.189220  0.297291  0.270935  0.195888  0.192336  0.201890
10646  0.189471  0.307775  0.273634  0.196366  0.197772  0.203369
10647  0.189736  0.316198  0.275387  0.196729  0.203185  0.205350
10648  0.190016  0.322458  0.276208  0.196951  0.208363  0.207836
10649  0.190311  0.326493  0.276125  0.197015  0.213088  0.210786
10650  0.190619  0.328279  0.275178  0.196915  0.217145  0.214123
10651  0.190940  0.327834  0.273415  0.196659  0.220340  0.217730
10652  0.191274  0.325213  0.270899  0.196264  0.222510  0.221459
10653  0.191619  0.320508  0.267698  0.195758  0.223538  0.225139
10654  0.191974  0.313847  0.263892  0.195178  0.223358  0.228588
10655  0.192337  0.305388  0.259566  0.194559  0.221965  0.231624
10656  0.192708  0.295320  0.254813  0.193939  0.219417  0.234084
10657  0.193084  0.283853  0.249730  0.193349  0.215830  0.235831
10658  0.193464  0.271218  0.244421  0.192816  0.211378  0.236769
10659  0.193844  0.257663  0.238991  0.192355  0.206274  0.236850
10660  0.194224  0.243443  0.233546  0.191975  0.200763  0.236083
10661  0.194602  0.228820  0.228193  0.191675  0.195096  0.234529
10662  0.194974  0.214055  0.223035  0.191450  0.189521  0.232302
10663  0.195340  0.199402  0.218171  0.191287  0.184256  0.229561
10664  0.195697  0.185107  0.213692  0.191176  0.179482  0.226498
10665  0.196044  0.171399  0.209681  0.191102  0.175328  0.223323
10666  0.196378  0.158487  0.206206  0.191056  0.171866  0.220249
10667  0.196698  0.146555  0.203322  0.191027  0.169111  0.217474
10668  0.197001  0.135761  0.201066  0.191010  0.167027  0.215163
10669  0.197286  0.126231  0.199454  0.190999  0.165539  0.213441
10670  0.197551  0.118061  0.198485  0.190993  0.164539  0.212374
10671  0.197793  0.111311  0.198134  0.190989  0.163907  0.211972
10672  0.198011  0.106008  0.198355  0.190987  0.163520  0.212187
10673  0.198201  0.102143  0.199082  0.190985  0.163267  0.212917
10674  0.198361  0.099679  0.200230  0.190985  0.163061  0.214018
10675  0.198490  0.098547  0.201695  0.190988  0.162842  0.215321
10676  0.198583  0.098651  0.203365  0.190995  0.162586  0.216644
10677  0.198639  0.099873  0.205115  0.191010  0.162304  0.217812
10678  0.198655  0.102076  0.206816  0.191040  0.162034  0.218674
10679  0.198630  0.105112  0.208342  0.191089  0.161841  0.219114
10680  0.198561  0.108822  0.209572  0.191163  0.161807  0.219063
10681  0.198448  0.113045  0.210396  0.191268  0.162016  0.218502
10682  0.198290  0.117624  0.210719  0.191407  0.162547  0.217467
10683  0.198085  0.122406  0.210470  0.191577  0.163462  0.216037
10684  0.197836  0.127251  0.209596  0.191775  0.164798  0.214333
10685  0.197542  0.132035  0.208077  0.191991  0.166561  0.212499
10686  0.197206  0.136652  0.205914  0.192214  0.168719  0.210693
10687  0.196829  0.141016  0.203140  0.192428  0.171207  0.209070
10688  0.196416  0.145063  0.199812  0.192617  0.173929  0.207765
10689  0.195969  0.148753  0.196013  0.192767  0.176764  0.206886
10690  0.195493  0.152066  0.191844  0.192867  0.179572  0.206500
10691  0.194992  0.155007  0.187426  0.192908  0.182211  0.206631
10692  0.194472  0.157596  0.182888  0.192888  0.184540  0.207256
10693  0.193937  0.159873  0.178367  0.192809  0.186436  0.208307
10694  0.193393  0.161890  0.174001  0.192679  0.187797  0.209684
10695  0.192846  0.163713  0.169923  0.192510  0.188554  0.211256
10696  0.192301  0.165410  0.166258  0.192315  0.188673  0.212881
10697  0.191763  0.167059  0.163115  0.192109  0.188158  0.214416
10698  0.191238  0.168732  0.160588  0.191904  0.187052  0.215729
10699  0.190731  0.170503  0.158751  0.191712  0.185427  0.216710
10700  0.190246  0.172437  0.157656  0.191541  0.183386  0.217282
10701  0.189787  0.174590  0.157334  0.191395  0.181047  0.217405
10702  0.189359  0.177006  0.157795  0.191278  0.178538  0.217078
10703  0.188964  0.179717  0.159026  0.191187  0.175985  0.216335
10704  0.188605  0.182740  0.160999  0.191119  0.173503  0.215244
10705  0.188284  0.186072  0.163667  0.191071  0.171190  0.213895
10706  0.188003  0.189698  0.166970  0.191039  0.169118  0.212393
10707  0.187762  0.193582  0.170835  0.191017  0.167334  0.210846
10708  0.187561  0.197674  0.175182  0.191004  0.165858  0.209355
10709  0.187401  0.201905  0.179924  0.190996  0.164685  0.208007
10710  0.187279  0.206191  0.184969  0.190991  0.163792  0.206866
10711  0.187194  0.210437  0.190223  0.190988  0.163140  0.205969
10712  0.187143  0.214532  0.195590  0.190986  0.162684  0.205326
10713  0.187125  0.218358  0.200975  0.190985  0.162374  0.204922
10714  0.187135  0.221788  0.206283  0.190984  0.162167  0.204718
10715  0.187170  0.224692  0.211421  0.190984  0.162026  0.204663
10716  0.187228  0.226939  0.216300  0.190983  0.161921  0.204694
10717  0.187304  0.228399  0.220831  0.190983  0.161835  0.204750
10718  0.187394  0.228950  0.224932  0.190983  0.161758  0.204777
10719  0.187497  0.228479  0.228526  0.190983  0.161689  0.204734
10720  0.187609  0.226887  0.231543  0.190983  0.161630  0.204595
10721  0.187728  0.224093  0.233921  0.190983  0.161584  0.204355
10722  0.187853  0.220039  0.235611  0.190983  0.161553  0.204025
10723  0.187982  0.214691  0.236574  0.190983  0.161536  0.203630
10724  0.188115  0.208043  0.236789  0.190983  0.161527  0.203205
10725  0.188251  0.200120  0.236248  0.190983  0.161518  0.202789
10726  0.188393  0.190981  0.234966  0.190983  0.161497  0.202417
10727  0.188541  0.180718  0.232975  0.190982  0.161457  0.202117
10728  0.188696  0.169459  0.230327  0.190978  0.161394  0.201904
10729  0.188861  0.157363  0.227097  0.190970  0.161312  0.201779
10730  0.189037  0.144625  0.223378  0.190953  0.161231  0.201726
10731  0.189226  0.131468  0.219280  0.190920  0.161184  0.201720
10732  0.189430  0.118142  0.214929  0.190864  0.161221  0.201724
10733  0.189650  0.104921  0.210463  0.190775  0.161410  0.201698
10734  0.189887  0.092093  0.206029  0.190640  0.161828  0.201609
10735  0.190141  0.079960  0.201775  0.190451  0.162562  0.201430
10736  0.190411  0.068828  0.197852  0.190198  0.163698  0.201155
10737  0.190696  0.059001  0.194401  0.189875  0.165316  0.200796
10738  0.190995  0.050772  0.191554  0.189483  0.167479  0.200390
10739  0.191306  0.044419  0.189427  0.189029  0.170222  0.199995
10740  0.191624  0.040194  0.188116  0.188528  0.173549  0.199690
10741  0.191947  0.038318  0.187697  0.188002  0.177427  0.199565
10742  0.192270  0.038975  0.188216  0.187479  0.181780  0.199715
10743  0.192589  0.042302  0.189693  0.186992  0.186490  0.200229
10744  0.192900  0.048389  0.192120  0.186575  0.191403  0.201181
10745  0.193196  0.057269  0.195461  0.186259  0.196334  0.202616
10746  0.193474  0.068921  0.199648  0.186069  0.201073  0.204546
10747  0.193727  0.083259  0.204591  0.186022  0.205402  0.206943
10748  0.193952  0.100140  0.210172  0.186122  0.209106  0.209735
10749  0.194143  0.119359  0.216253  0.186364  0.211984  0.212810
10750  0.194296  0.140651  0.222677  0.186730  0.213868  0.216019
10751  0.194405  0.163696  0.229273  0.187191  0.214633  0.219185
10752  0.194467  0.188121  0.235857  0.187715  0.214206  0.222118
10753  0.194478  0.213508  0.242241  0.188265  0.212579  0.224623
10754  0.194434  0.239399  0.248233  0.188806  0.209806  0.226519
10755  0.194333  0.265306  0.253641  0.189309  0.206009  0.227654
10756  0.194170  0.290718  0.258281  0.189749  0.201365  0.227912
10757  0.193945  0.315114  0.261978  0.190114  0.196100  0.227232
10758  0.193656  0.337970  0.264571  0.190398  0.190474  0.225609
10759  0.193303  0.358776  0.265918  0.190607  0.184758  0.223099
10760  0.192885  0.377041  0.265897  0.190751  0.179219  0.219817
10761  0.192405  0.392309  0.264412  0.190842  0.174097  0.215931
10762  0.191865  0.404171  0.261398  0.190898  0.169591  0.211652
10763  0.191269  0.412272  0.256816  0.190932  0.165844  0.207216
10764  0.190621  0.416322  0.250666  0.190956  0.162933  0.202870
10765  0.189928  0.416108  0.242980  0.190976  0.160876  0.198852
10766  0.189197  0.411496  0.233828  0.190996  0.159626  0.195370
10767  0.188437  0.402440  0.223315  0.191017  0.159088  0.192591
10768  0.187658  0.388983  0.211585  0.191035  0.159125  0.190625
10769  0.186870  0.371262  0.198814  0.191050  0.159581  0.189518
10770  0.186084  0.349502  0.185210  0.191058  0.160287  0.189248
10771  0.185313  0.324017  0.171011  0.191058  0.161081  0.189732
10772  0.184568  0.295207  0.156477  0.191051  0.161823  0.190835
10773  0.183862  0.263542  0.141889  0.191039  0.162398  0.192379
10774  0.183207  0.229564  0.127539  0.191024  0.162731  0.194167
10775  0.182614  0.193869  0.113727  0.191011  0.162783  0.195995
10776  0.182095  0.157098  0.100753  0.191001  0.162557  0.197674
10777  0.181659  0.119923  0.088910  0.190994  0.162091  0.199042
10778  0.181315  0.083033  0.078475  0.190989  0.161454  0.199981
10779  0.181071  0.047123  0.069708  0.190986  0.160733  0.200419
10780  0.180932  0.012875  0.062842  0.190979  0.160027  0.200338
10781  0.180902  -0.019052  0.058075  0.190967  0.159434  0.199769
10782  0.180985  -0.048035  0.055574  0.190947  0.159038  0.198790
10783  0.181180  -0.073503  0.055463  0.190917  0.158905  0.197511
10784  0.181487  -0.094944  0.057824  0.190879  0.159073  0.196065
10785  0.181904  -0.111916  0.062694  0.190834  0.159550  0.194595
10786  0.182424  -0.124057  0.070066  0.190787  0.160314  0.193238
10787  0.183044  -0.131091  0.079887  0.190742  0.161315  0.192115
10788  0.183754  -0.132832  0.092059  0.190704  0.162481  0.191320
10789  0.184546  -0.129189  0.106442  0.190678  0.163726  0.190910
10790  0.185410  -0.120169  0.122855  0.190666  0.164959  0.190909
10791  0.186334  -0.105877  0.141078  0.190669  0.166090  0.191298
10792  0.187307  -0.086513  0.160857  0.190686  0.167042  0.192027
10793  0.188314  -0.062372  0.181906  0.190714  0.167753  0.193018
10794  0.189344  -0.033841  0.203912  0.190751  0.168186  0.194172
10795  0.190382  -0.001390  0.226538  0.190791  0.168325  0.195386
10796  0.191415  0.034435  0.249429  0.190831  0.168181  0.196559
10797  0.192429  0.073015  0.272216  0.190868  0.167786  0.197600
10798  0.193412  0.113675  0.294523  0.190900  0.167190  0.198443
10799  0.194351  0.155690  0.315971  0.190925  0.166455  0.199045
10800  0.195234  0.198300  0.336186  0.190945  0.165647  0.199395
10801  0.196053  0.240723  0.354803  0.190959  0.164830  0.199507
10802  0.196797  0.282170  0.371476  0.190968  0.164063  0.199423
10803  0.197459  0.321860  0.385885  0.190974  0.163389  0.199200
10804  0.198032  0.359033  0.397740  0.190977  0.162838  0.198908
10805  0.198514  0.392973  0.406790  0.190980  0.162420  0.198618
10806  0.198900  0.423013  0.412832  0.190981  0.162131  0.198397
10807  0.199189  0.448560  0.415713  0.190982  0.161954  0.198295
10808  0.199381  0.469101  0.415338  0.190982  0.161862  0.198348
10809  0.199479  0.484222  0.411673  0.190983  0.161824  0.198567
10810  0.199485  0.493610  0.404747  0.190983  0.161811  0.198944
10811  0.199405  0.497069  0.394656  0.190983  0.161796  0.199447
10812  0.199242  0.494521  0.381558  0.190982  0.161765  0.200031
10813  0.199004  0.486009  0.365676  0.190981  0.161710  0.200642
10814  0.198698  0.471696  0.347289  0.190979  0.161639  0.201220
10815  0.198332  0.451865  0.326731  0.190975  0.161565  0.201712
10816  0.197913  0.426908  0.304377  0.190968  0.161511  0.202075
10817  0.197451  0.397323  0.280641  0.190959  0.161501  0.202280
10818  0.196954  0.363694  0.255962  0.190948  0.161557  0.202318
10819  0.196429  0.326686  0.230796  0.190934  0.161697  0.202200
10820  0.195887  0.287026  0.205602  0.190920  0.161927  0.201954
10821  0.195333  0.245484  0.180831  0.190907  0.162240  0.201619
10822  0.194777  0.202859  0.156920  0.190898  0.162616  0.201247
10823  0.194224  0.159963  0.134277  0.190893  0.163022  0.200886
10824  0.193681  0.117599  0.113273  0.190894  0.163413  0.200582
10825  0.193154  0.076547  0.094237  0.190901  0.163740  0.200367
10826  0.192647  0.037549  0.077447  0.190913  0.163953  0.200256
10827  0.192165  0.001293  0.063129  0.190928  0.164005  0.200244
10828  0.191709  -0.031598  0.051450  0.190944  0.163866  0.200306
10829  0.191283  -0.060577  0.042520  0.190957  0.163519  0.200400
10830  0.190887  -0.085182  0.036391  0.190967  0.162973  0.200469
10831  0.190521  -0.105045  0.033059  0.190973  0.162256  0.200450
10832  0.190184  -0.119892  0.032468  0.190978  0.161423  0.200279
10833  0.189874  -0.129549  0.034512  0.190983  0.160548  0.199904
10834  0.189588  -0.133944  0.039039  0.190994  0.159720  0.199289
10835  0.189322  -0.133104  0.045858  0.191017  0.159036  0.198422
10836  0.189073  -0.127153  0.054743  0.191057  0.158590  0.197318
10837  0.188837  -0.116310  0.065440  0.191116  0.158464  0.196022
10838  0.188608  -0.100882  0.077669  0.191197  0.158721  0.194607
10839  0.188381  -0.081255  0.091131  0.191295  0.159394  0.193165
10840  0.188153  -0.057892  0.105516  0.191405  0.160481  0.191805
10841  0.187919  -0.031317  0.120503  0.191518  0.161943  0.190638
10842  0.187675  -0.002111  0.135768  0.191621  0.163705  0.189768
10843  0.187420  0.029105  0.150990  0.191703  0.165660  0.189280
10844  0.187151  0.061679  0.165854  0.191755  0.167673  0.189229
10845  0.186868  0.094941  0.180056  0.191768  0.169596  0.189632
10846  0.186571  0.128217  0.193311  0.191741  0.171277  0.190466
10847  0.186261  0.160845  0.205357  0.191676  0.172573  0.191662
10848  0.185942  0.192185  0.215960  0.191582  0.173360  0.193114
10849  0.185618  0.221633  0.224918  0.191470  0.173552  0.194681
10850  0.185292  0.248637  0.232071  0.191354  0.173100  0.196202
10851  0.184972  0.272705  0.237300  0.191246  0.172009  0.197506
10852  0.184663  0.293420  0.240536  0.191156  0.170332  0.198428
10853  0.184373  0.310445  0.241760  0.191090  0.168176  0.198824
10854  0.184108  0.323531  0.241004  0.191047  0.165691  0.198583
10855  0.183877  0.332523  0.238356  0.191022  0.163059  0.197640
10856  0.183687  0.337363  0.233957  0.191001  0.160487  0.195986
10857  0.183546  0.338089  0.227996  0.190972  0.158183  0.193666
10858  0.183460  0.334832  0.220711  0.190919  0.156346  0.190784
10859  0.183435  0.327814  0.212379  0.190829  0.155143  0.187494
10860  0.183479  0.317339  0.203312  0.190694  0.154700  0.183990
10861  0.183594  0.303785  0.193844  0.190512  0.155090  0.180493
10862  0.183786  0.287591  0.184327  0.190289  0.156326  0.177231
10863  0.184058  0.269249  0.175116  0.190037  0.158363  0.174427
10864  0.184410  0.249290  0.166560  0.189775  0.161097  0.172274
10865  0.184843  0.228267  0.158992  0.189524  0.164381  0.170924
10866  0.185356  0.206744  0.152717  0.189306  0.168027  0.170474
10867  0.185948  0.185282  0.148003  0.189139  0.171829  0.170960
10868  0.186614  0.164427  0.145074  0.189039  0.175571  0.172350
10869  0.187349  0.144694  0.144101  0.189012  0.179045  0.174552
10870  0.188147  0.126559  0.145199  0.189058  0.182062  0.177421
10871  0.188999  0.110450  0.148422  0.189171  0.184467  0.180769
10872  0.189896  0.096732  0.153761  0.189338  0.186146  0.184383
10873  0.190828  0.085710  0.161150  0.189543  0.187032  0.188042
10874  0.191783  0.077615  0.170459  0.189768  0.187110  0.191533
10875  0.192749  0.072604  0.181509  0.189995  0.186416  0.194667
10876  0.193711  0.070758  0.194065  0.190210  0.185027  0.197294
10877  0.194657  0.072082  0.207856  0.190401  0.183063  0.199308
10878  0.195572  0.076503  0.222570  0.190563  0.180668  0.200656
10879  0.196442  0.083876  0.237870  0.190692  0.178003  0.201337
10880  0.197254  0.093983  0.253400  0.190789  0.175230  0.201397
10881  0.197994  0.106546  0.268789  0.190859  0.172501  0.200925
10882  0.198651  0.121223  0.283667  0.190906  0.169948  0.200041
10883  0.199214  0.137623  0.297665  0.190936  0.167673  0.198882
10884  0.199674  0.155313  0.310429  0.190955  0.165744  0.197594
10885  0.200023  0.173824  0.321619  0.190966  0.164194  0.196317
10886  0.200256  0.192663  0.330925  0.190973  0.163025  0.195172
10887  0.200370  0.211326  0.338062  0.190977  0.162208  0.194256
10888  0.200364  0.229307  0.342786  0.190980  0.161695  0.193633
10889  0.200240  0.246107  0.344892  0.190983  0.161425  0.193333
10890  0.200000  0.261251  0.344220  0.190984  0.161332  0.193352
10891  0.199651  0.274298  0.340661  0.190985  0.161352  0.193655
10892  0.199200  0.284846  0.334158  0.190985  0.161428  0.194185
10893  0.198657  0.292554  0.324713  0.190985  0.161517  0.194867
10894  0.198033  0.297138  0.312386  0.190985  0.161590  0.195622
10895  0.197342  0.298391  0.297296  0.190984  0.161632  0.196373
10896  0.196595  0.296180  0.279625  0.190984  0.161638  0.197057
10897  0.195809  0.290457  0.259617  0.190984  0.161616  0.197624
10898  0.194998  0.281259  0.237571  0.190983  0.161578  0.198048
10899  0.194176  0.268709  0.213846  0.190983  0.161539  0.198325
10900  0.193359  0.253015  0.188849  0.190983  0.161510  0.198470
10901  0.192560  0.234465  0.163030  0.190983  0.161499  0.198516
10902  0.191792  0.213425  0.136878  0.190983  0.161508  0.198505
10903  0.191068  0.190324  0.110905  0.190983  0.161533  0.198483
10904  0.190397  0.165653  0.085641  0.190983  0.161563  0.198491
10905  0.189788  0.139949  0.061615  0.190983  0.161589  0.198564
10906  0.189249  0.113782  0.039351  0.190984  0.161598  0.198722
10907  0.188785  0.087743  0.019346  0.190987  0.161587  0.198968
10908  0.188399  0.062433  0.002064  0.190992  0.161557  0.199290
10909  0.188091  0.038443  -0.012079  0.191003  0.161522  0.199662
10910  0.187861  0.016345  -0.022729  0.191023  0.161506  0.200047
10911  0.187706  -0.003324  -0.029597  0.191055  0.161548  0.200403
10912  0.187622  -0.020073  -0.032474  0.191104  0.161692  0.200692
10913  0.187604  -0.033469  -0.031233  0.191174  0.161991  0.200879
10914  0.187643  -0.043149  -0.025835  0.191267  0.162498  0.200947
10915  0.187732  -0.048825  -0.016327  0.191386  0.163260  0.200893
10916  0.187862  -0.050293  -0.002845  0.191528  0.164312  0.200735
10917  0.188023  -0.047437  0.014393  0.191689  0.165673  0.200508
10918  0.188207  -0.040230  0.035090  0.191862  0.167339  0.200263
10919  0.188405  -0.028740  0.058878  0.192036  0.169278  0.200062
10920  0.188608  -0.013123  0.085328  0.192199  0.171436  0.199971
10921  0.188807  0.006379  0.113957  0.192338  0.173730  0.200051
10922  0.188998  0.029439  0.144243  0.192441  0.176060  0.200353
10923  0.189173  0.055656  0.175633  0.192499  0.178308  0.200905
10924  0.189328  0.084562  0.207556  0.192506  0.180353  0.201714
10925  0.189461  0.115628  0.239433  0.192461  0.182072  0.202759
10926  0.189569  0.148281  0.270690  0.192368  0.183358  0.203990
10927  0.189652  0.181910  0.300767  0.192235  0.184123  0.205332
10928  0.189712  0.215879  0.329130  0.192073  0.184309  0.206693
10929  0.189749  0.249542  0.355276  0.191895  0.183891  0.207966
10930  0.189767  0.282256  0.378746  0.191716  0.182884  0.209045
10931  0.189769  0.313390  0.399129  0.191548  0.181341  0.209831
10932  0.189759  0.342342  0.416072  0.191399  0.179348  0.210243
10933  0.189744  0.368549  0.429284  0.191275  0.177022  0.210229
10934  0.189726  0.391499  0.438542  0.191179  0.174500  0.209771
10935  0.189713  0.410742  0.443695  0.191109  0.171925  0.208887
10936  0.189709  0.425902  0.444669  0.191061  0.169440  0.207634
10937  0.189719  0.436679  0.441468  0.191030  0.167169  0.206105
10938  0.189748  0.442861  0.434174  0.191011  0.165213  0.204417
10939  0.189802  0.444329  0.422953  0.191000  0.163639  0.202708
10940  0.189883  0.441055  0.408045  0.190993  0.162474  0.201120
10941  0.189997  0.433111  0.389768  0.190988  0.161709  0.199785
10942  0.190147  0.420659  0.368509  0.190985  0.161300  0.198818
10943  0.190335  0.403957  0.344720  0.190983  0.161172  0.198299
10944  0.190563  0.383347  0.318907  0.190982  0.161234  0.198269
10945  0.190834  0.359252  0.291621  0.190982  0.161387  0.198724
10946  0.191149  0.332164  0.263449  0.190982  0.161536  0.199612
10947  0.191506  0.302636  0.234996  0.190983  0.161603  0.200840
10948  0.191906  0.271269  0.206875  0.190983  0.161535  0.202280
10949  0.192346  0.238698  0.179690  0.190986  0.161312  0.203783
10950  0.192824  0.205579  0.154023  0.190996  0.160953  0.205190
10951  0.193336  0.172572  0.130421  0.191020  0.160514  0.206347
10952  0.193878  0.140330  0.109377  0.191070  0.160085  0.207122
10953  0.194442  0.109482  0.091325  0.191159  0.159784  0.207419
10954  0.195021  0.080621  0.076626  0.191301  0.159747  0.207184
10955  0.195609  0.054290  0.065557  0.191510  0.160113  0.206416
10956  0.196195  0.030972  0.058312  0.191795  0.161013  0.205167
10957  0.196770  0.011078  0.054990  0.192160  0.162555  0.203539
10958  0.197324  -0.005057  0.055601  0.192601  0.164812  0.201677
10959  0.197845  -0.017180  0.060063  0.193107  0.167813  0.199756
10960  0.198324  -0.025125  0.068209  0.193656  0.171539  0.197972
10961  0.198749  -0.028816  0.079790  0.194221  0.175917  0.196516
10962  0.199110  -0.028261  0.094485  0.194768  0.180826  0.195567
10963  0.199397  -0.023553  0.111908  0.195262  0.186101  0.195270
10964  0.199601  -0.014862  0.131622  0.195670  0.191545  0.195724
10965  0.199716  -0.002435  0.153146  0.195965  0.196937  0.196976
10966  0.199735  0.013418  0.175969  0.196124  0.202049  0.199012
10967  0.199654  0.032329  0.199559  0.196141  0.206657  0.201759
10968  0.199470  0.053881  0.223378  0.196014  0.210559  0.205093
10969  0.199182  0.077619  0.246891  0.195757  0.213581  0.208844
10970  0.198791  0.103057  0.269573  0.195391  0.215593  0.212813
10971  0.198302  0.129690  0.290925  0.194943  0.216516  0.216786
10972  0.197719  0.157003  0.310476  0.194444  0.216324  0.220549
10973  0.197049  0.184478  0.327798  0.193926  0.215048  0.223907
10974  0.196300  0.211604  0.342505  0.193416  0.212774  0.226695
10975  0.195484  0.237885  0.354268  0.192939  0.209633  0.228790
10976  0.194611  0.262849  0.362814  0.192511  0.205797  0.230118
10977  0.193695  0.286053  0.367935  0.192142  0.201460  0.230656
10978  0.192748  0.307091  0.369490  0.191837  0.196828  0.230435
10979  0.191785  0.325599  0.367407  0.191595  0.192105  0.229527
10980  0.190820  0.341262  0.361691  0.191408  0.187476  0.228046
10981  0.189866  0.353821  0.352417  0.191271  0.183102  0.226129
10982  0.188937  0.363072  0.339736  0.191172  0.179103  0.223928
10983  0.188046  0.368877  0.323872  0.191105  0.175564  0.221599
10984  0.187204  0.371162  0.305118  0.191060  0.172528  0.219284
10985  0.186423  0.369920  0.283830  0.191030  0.170000  0.217105
10986  0.185711  0.365215  0.260425  0.191012  0.167957  0.215156
10987  0.185077  0.357176  0.235370  0.191001  0.166352  0.213498
10988  0.184525  0.346001  0.209175  0.190994  0.165124  0.212154
10989  0.184061  0.331950  0.182381  0.190989  0.164204  0.211118
10990  0.183686  0.315339  0.155548  0.190987  0.163526  0.210353
10991  0.183402  0.296537  0.129244  0.190985  0.163029  0.209802
10992  0.183206  0.275955  0.104033  0.190984  0.162663  0.209399
10993  0.183098  0.254035  0.080458  0.190984  0.162389  0.209072
10994  0.183072  0.231244  0.059032  0.190984  0.162178  0.208757
10995  0.183124  0.208056  0.040226  0.190983  0.162013  0.208401
10996  0.183248  0.184946  0.024456  0.190983  0.161882  0.207973
10997  0.183436  0.162372  0.012074  0.190983  0.161780  0.207457
10998  0.183681  0.140767  0.003360  0.190983  0.161703  0.206860
10999  0.183977  0.120527  -0.001483  0.190983  0.161648  0.206205
