#n  real_time  input
0  0.000000  0.000000000000
1  0.002500  0.000026375815
2  0.005000  0.000210041980
3  0.007500  0.000703493789
4  0.010000  0.001649764657
5  0.012500  0.003178012452
6  0.015000  0.005399477346
7  0.017500  0.008403919936
8  0.020000  0.012256635949
9  0.022500  0.016996128921
10  0.025000  0.022632505156
11  0.027500  0.029146636584
12  0.030000  0.036490117152
13  0.032500  0.044586017789
14  0.035000  0.053330424190
15  0.037500  0.062594721244
16  0.040000  0.072228568417
17  0.042500  0.082063492280
18  0.045000  0.091917006111
19  0.047500  0.101597152533
20  0.050000  0.110907353798
21  0.052500  0.119651445966
22  0.055000  0.127638767944
23  0.057500  0.134689174436
24  0.060000  0.140637843246
25  0.062500  0.145339752081
26  0.065000  0.148673707937
27  0.067500  0.150545823068
28  0.070000  0.150892345171
29  0.072500  0.149681765498
30  0.075000  0.146916146573
31  0.077500  0.142631630793
32  0.080000  0.136898111706
33  0.082500  0.129818070897
34  0.085000  0.121524604437
35  0.087500  0.112178683351
36  0.090000  0.101965711997
37  0.092500  0.091091466051
38  0.095000  0.079777507657
39  0.097500  0.068256188619
40  0.100000  0.056765363169
41  0.102500  0.045542939387
42  0.105000  0.034821402667
43  0.107500  0.024822445604
44  0.110000  0.015751836273
45  0.112500  0.007794651153
46  0.115000  0.001110990022
47  0.117500  -0.004167721663
48  0.120000  -0.007941751929
49  0.122500  -0.010145328802
50  0.125000  -0.010748098649
51  0.127500  -0.009755740894
52  0.130000  -0.007209724568
53  0.132500  -0.003186213518
54  0.135000  0.002205851834
55  0.137500  0.008827447822
56  0.140000  0.016512868421
57  0.142500  0.025073748677
58  0.145000  0.034303610316
59  0.147500  0.043982816391
60  0.150000  0.053883811879
61  0.152500  0.063776520297
62  0.155000  0.073433762876
63  0.157500  0.082636566610
64  0.160000  0.091179230697
65  0.162500  0.098874027330
66  0.165000  0.105555422362
67  0.167500  0.111083713827
68  0.170000  0.115348001250
69  0.172500  0.118268415880
70  0.175000  0.119797560812
71  0.177500  0.119921130146
72  0.180000  0.118657697144
73  0.182500  0.116057682457
74  0.185000  0.112201534205
75  0.187500  0.107197171582
76  0.190000  0.101176762167
77  0.192500  0.094292919805
78  0.195000  0.086714424349
79  0.197500  0.078621576356
80  0.200000  0.070201308734
81  0.202500  0.061642183057
82  0.205000  0.053129400779
83  0.207500  0.044839958646
84  0.210000  0.036938073471
85  0.212500  0.029570994015
86  0.215000  0.022865307314
87  0.217500  0.016923833665
88  0.220000  0.011823188930
89  0.222500  0.007612075265
90  0.225000  0.004310342308
91  0.227500  0.001908840680
92  0.230000  0.000370068990
93  0.232500  -0.000370405192
94  0.235000  -0.000401790090
95  0.237500  0.000164760962
96  0.240000  0.001199579186
97  0.242500  0.002558416952
98  0.245000  0.004086785996
99  0.247500  0.005624581445
100  0.250000  0.007010868326
101  0.252500  0.008088702903
102  0.255000  0.008709860155
103  0.257500  0.008739341015
104  0.260000  0.008059538560
105  0.262500  0.006573951041
106  0.265000  0.004210341244
107  0.267500  0.000923255899
108  0.270000  -0.003304164682
109  0.272500  -0.008459138277
110  0.275000  -0.014498985597
111  0.277500  -0.021351679686
112  0.280000  -0.028917190389
113  0.282500  -0.037069593785
114  0.285000  -0.045659896571
115  0.287500  -0.054519506692
116  0.290000  -0.063464264614
117  0.292500  -0.072298934799
118  0.295000  -0.080822044717
119  0.297500  -0.088830949340
120  0.300000  -0.096126992732
121  0.302500  -0.102520635350
122  0.305000  -0.107836415963
123  0.307500  -0.111917620740
124  0.310000  -0.114630538999
125  0.312500  -0.115868195050
126  0.315000  -0.115553458446
127  0.317500  -0.113641450234
128  0.320000  -0.110121180307
129  0.322500  -0.105016370073
130  0.325000  -0.098385435013
131  0.327500  -0.090320622730
132  0.330000  -0.080946323280
133  0.332500  -0.070416589365
134  0.335000  -0.058911923889
135  0.337500  -0.046635410806
136  0.340000  -0.033808281836
137  0.342500  -0.020665025875
138  0.345000  -0.007448159550
139  0.347500  0.005597213969
140  0.350000  0.018228925311
141  0.352500  0.030213203702
142  0.355000  0.041329952705
143  0.357500  0.051377708032
144  0.360000  0.060178156327
145  0.362500  0.067580104730
146  0.365000  0.073462804617
147  0.367500  0.077738549001
148  0.370000  0.080354481094
149  0.372500  0.081293571215
150  0.375000  0.080574739868
151  0.377500  0.078252126058
152  0.380000  0.074413521174
153  0.382500  0.069178009440
154  0.385000  0.062692875595
155  0.387500  0.055129858594
156  0.390000  0.046680846166
157  0.392500  0.037553118817
158  0.395000  0.027964262745
159  0.397500  0.018136879067
160  0.400000  0.008293221444
161  0.402500  -0.001350104482
162  0.405000  -0.010587248451
163  0.407500  -0.019227903681
164  0.410000  -0.027101658177
165  0.412500  -0.034061803166
166  0.415000  -0.039988506723
167  0.417500  -0.044791277080
168  0.420000  -0.048410658373
169  0.422500  -0.050819121352
170  0.425000  -0.052021132121
171  0.427500  -0.052052403031
172  0.430000  -0.050978350644
173  0.432500  -0.048891805846
174  0.435000  -0.045910040149
175  0.437500  -0.042171189480
176  0.440000  -0.037830171890
177  0.442500  -0.033054208308
178  0.445000  -0.028018065231
179  0.447500  -0.022899145025
180  0.450000  -0.017872553030
181  0.452500  -0.013106270814
182  0.455000  -0.008756561809
183  0.457500  -0.004963729173
184  0.460000  -0.001848336225
185  0.462500  0.000492012430
186  0.465000  0.001985245852
187  0.467500  0.002586691428
188  0.470000  0.002280181574
189  0.472500  0.001078374617
190  0.475000  -0.000977717430
191  0.477500  -0.003819980729
192  0.480000  -0.007355197321
193  0.482500  -0.011467735305
194  0.485000  -0.016022860054
195  0.487500  -0.020870578746
196  0.490000  -0.025849916446
197  0.492500  -0.030793510622
198  0.495000  -0.035532402497
199  0.497500  -0.039900898302
200  0.500000  -0.043741371439
201  0.502500  -0.046908877849
202  0.505000  -0.049275461445
203  0.507500  -0.050734034236
204  0.510000  -0.051201726501
205  0.512500  -0.050622615876
206  0.515000  -0.048969759996
207  0.517500  -0.046246475211
208  0.520000  -0.042486823156
209  0.522500  -0.037755287347
210  0.525000  -0.032145642798
211  0.527500  -0.025779042485
212  0.530000  -0.018801364746
213  0.532500  -0.011379884855
214  0.535000  -0.003699351653
215  0.537500  0.004042434340
216  0.540000  0.011639431727
217  0.542500  0.018882437975
218  0.545000  0.025564310732
219  0.547500  0.031485199257
220  0.550000  0.036457653675
221  0.552500  0.040311482335
222  0.555000  0.042898233408
223  0.557500  0.044095185877
224  0.560000  0.043808747011
225  0.562500  0.041977167978
226  0.565000  0.038572506116
227  0.567500  0.033601781029
228  0.570000  0.027107291733
229  0.572500  0.019166083003
230  0.575000  0.009888570284
231  0.577500  -0.000583646414
232  0.580000  -0.012080728899
233  0.582500  -0.024408237703
234  0.585000  -0.037351372387
235  0.587500  -0.050679713009
236  0.590000  -0.064152347897
237  0.592500  -0.077523263158
238  0.595000  -0.090546862743
239  0.597500  -0.102983484592
240  0.600000  -0.114604778416
241  0.602500  -0.125198814126
242  0.605000  -0.134574796629
243  0.607500  -0.142567272525
244  0.610000  -0.149039726973
245  0.612500  -0.153887484181
246  0.615000  -0.157039842438
247  0.617500  -0.158461393680
248  0.620000  -0.158152497950
249  0.622500  -0.156148904214
250  0.625000  -0.152520530214
251  0.627500  -0.147369434992
252  0.630000  -0.140827037743
253  0.632500  -0.133050655298
254  0.635000  -0.124219447353
255  0.637500  -0.114529873076
256  0.640000  -0.104190774590
257  0.642500  -0.093418211802
258  0.645000  -0.082430178794
259  0.647500  -0.071441334472
260  0.650000  -0.060657879303
261  0.652500  -0.050272705709
262  0.655000  -0.040460942249
263  0.657500  -0.031376001262
264  0.660000  -0.023146226372
265  0.662500  -0.015872220606
266  0.665000  -0.009624918226
267  0.667500  -0.004444444102
268  0.670000  -0.000339784175
269  0.672500  0.002710730327
270  0.675000  0.004758143112
271  0.677500  0.005880836069
272  0.680000  0.006181793415
273  0.682500  0.005785242467
274  0.685000  0.004832762555
275  0.687500  0.003478967052
276  0.690000  0.001886874206
277  0.692500  0.000223090187
278  0.695000  -0.001347067706
279  0.697500  -0.002664378510
280  0.700000  -0.003580328661
281  0.702500  -0.003961404960
282  0.705000  -0.003692956278
283  0.707500  -0.002682522235
284  0.710000  -0.000862541165
285  0.712500  0.001807634031
286  0.715000  0.005340465393
287  0.717500  0.009719738502
288  0.720000  0.014900863511
289  0.722500  0.020811961239
290  0.725000  0.027355706365
291  0.727500  0.034411879990
292  0.730000  0.041840565171
293  0.732500  0.049485902174
294  0.735000  0.057180305389
295  0.737500  0.064749031649
296  0.740000  0.072014980228
297  0.742500  0.078803598518
298  0.745000  0.084947764262
299  0.747500  0.090292515453
300  0.750000  0.094699502598
301  0.752500  0.098051044820
302  0.755000  0.100253681128
303  0.757500  0.101241120873
304  0.760000  0.100976512569
305  0.762500  0.099453967534
306  0.765000  0.096699293763
307  0.767500  0.092769915562
308  0.770000  0.087753975308
309  0.772500  0.081768634613
310  0.775000  0.074957612786
311  0.777500  0.067488020073
312  0.780000  0.059546561434
313  0.782500  0.051335202927
314  0.785000  0.043066406817
315  0.787500  0.034958052910
316  0.790000  0.027228172016
317  0.792500  0.020089622695
318  0.795000  0.013744844368
319  0.797500  0.008380818425
320  0.800000  0.004164364217
321  0.802500  0.001237888782
322  0.805000  -0.000284301794
323  0.807500  -0.000319035291
324  0.810000  0.001183427445
325  0.812500  0.004237886822
326  0.815000  0.008823532519
327  0.817500  0.014884124607
328  0.820000  0.022329026014
329  0.822500  0.031035063316
330  0.825000  0.040849172226
331  0.827500  0.051591764542
332  0.830000  0.063060735371
333  0.832500  0.075036013422
334  0.835000  0.087284543666
335  0.837500  0.099565580886
336  0.840000  0.111636164923
337  0.842500  0.123256643953
338  0.845000  0.134196111016
339  0.847500  0.144237621261
340  0.850000  0.153183062987
341  0.852500  0.160857564281
342  0.855000  0.167113328820
343  0.857500  0.171832808760
344  0.860000  0.174931139310
345  0.862500  0.176357778173
346  0.865000  0.176097312939
347  0.867500  0.174169420403
348  0.870000  0.170627982993
349  0.872500  0.165559388511
350  0.875000  0.159080059783
351  0.877500  0.151333279911
352  0.880000  0.142485396270
353  0.882500  0.132721501689
354  0.885000  0.122240704021
355  0.887500  0.111251105242
356  0.890000  0.099964618055
357  0.892500  0.088591751557
358  0.895000  0.077336497739
359  0.897500  0.066391447501
360  0.900000  0.055933258449
361  0.902500  0.046118587286
362  0.905000  0.037080587264
363  0.907500  0.028926056314
364  0.910000  0.021733304439
365  0.912500  0.015550790266
366  0.915000  0.010396556637
367  0.917500  0.006258474510
368  0.920000  0.003095283512
369  0.922500  0.000838396986
370  0.925000  -0.000605580282
371  0.927500  -0.001351691782
372  0.930000  -0.001532913006
373  0.932500  -0.001295979950
374  0.935000  -0.000796874736
375  0.937500  -0.000196089370
376  0.940000  0.000346205829
377  0.942500  0.000674960309
378  0.945000  0.000644880156
379  0.947500  0.000124780374
380  0.950000  -0.000998463218
381  0.952500  -0.002816467754
382  0.955000  -0.005396494728
383  0.957500  -0.008779275407
384  0.960000  -0.012977568961
385  0.962500  -0.017975492900
386  0.965000  -0.023728645220
387  0.967500  -0.030165016960
388  0.970000  -0.037186673216
389  0.972500  -0.044672160528
390  0.975000  -0.052479579477
391  0.977500  -0.060450243875
392  0.980000  -0.068412832369
393  0.982500  -0.076187925276
394  0.985000  -0.083592809033
395  0.987500  -0.090446423396
396  0.990000  -0.096574322337
397  0.992500  -0.101813518807
398  0.995000  -0.106017086049
399  0.997500  -0.109058393935
400  1.000000  -0.110834867754
401  1.002500  -0.111271168713
402  1.005000  -0.110321709854
403  1.007500  -0.107972437809
404  1.010000  -0.104241829317
405  1.012500  -0.099181071294
406  1.015000  -0.092873413971
407  1.017500  -0.085432707645
408  1.020000  -0.077001154391
409  1.022500  -0.067746326173
410  1.025000  -0.057857519589
411  1.027500  -0.047541534555
412  1.030000  -0.037017979149
413  1.032500  -0.026514215147
414  1.035000  -0.016260068264
415  1.037500  -0.006482433482
416  1.040000  0.002600091130
417  1.042500  0.010782408960
418  1.045000  0.017877838274
419  1.047500  0.023722611982
420  1.050000  0.028179851214
421  1.052500  0.031142913058
422  1.055000  0.032538028209
423  1.057500  0.032326161809
424  1.060000  0.030504050005
425  1.062500  0.027104385165
426  1.065000  0.022195143864
427  1.067500  0.015878073023
428  1.070000  0.008286370516
429  1.072500  -0.000418383414
430  1.075000  -0.010049969002
431  1.077500  -0.020401852383
432  1.080000  -0.031251987520
433  1.082500  -0.042367976758
434  1.085000  -0.053512463358
435  1.087500  -0.064448623749
436  1.090000  -0.074945624915
437  1.092500  -0.084783913456
438  1.095000  -0.093760207272
439  1.097500  -0.101692068509
440  1.100000  -0.108421947104
441  1.102500  -0.113820597755
442  1.105000  -0.117789789038
443  1.107500  -0.120264241319
444  1.110000  -0.121212749577
445  1.112500  -0.120638467832
446  1.115000  -0.118578352936
447  1.117500  -0.115101786633
448  1.120000  -0.110308415344
449  1.122500  -0.104325266701
450  1.125000  -0.097303219855
451  1.127500  -0.089412922566
452  1.130000  -0.080840261741
453  1.132500  -0.071781504911
454  1.135000  -0.062438238023
455  1.137500  -0.053012229582
456  1.140000  -0.043700352477
457  1.142500  -0.034689692833
458  1.145000  -0.026152969899
459  1.147500  -0.018244382516
460  1.150000  -0.011095986307
461  1.152500  -0.004814691679
462  1.155000  0.000520043575
463  1.157500  0.004857771488
464  1.160000  0.008177824892
465  1.162500  0.010489286585
466  1.165000  0.011830161908
467  1.167500  0.012265780610
468  1.170000  0.011886473824
469  1.172500  0.010804590691
470  1.175000  0.009150936227
471  1.177500  0.007070726947
472  1.180000  0.004719173144
473  1.182500  0.002256806340
474  1.185000  -0.000155323097
475  1.187500  -0.002360449864
476  1.190000  -0.004210770922
477  1.192500  -0.005571871091
478  1.195000  -0.006326778724
479  1.197500  -0.006379542833
480  1.200000  -0.005658235444
481  1.202500  -0.004117297973
482  1.205000  -0.001739167453
483  1.207500  0.001464862831
484  1.210000  0.005454573764
485  1.212500  0.010161546790
486  1.215000  0.015490670364
487  1.217500  0.021322390211
488  1.220000  0.027515647661
489  1.222500  0.033911432220
490  1.225000  0.040336858396
491  1.227500  0.046609662824
492  1.230000  0.052543006518
493  1.232500  0.057950458718
494  1.235000  0.062651033651
495  1.237500  0.066474149626
496  1.240000  0.069264381374
497  1.242500  0.070885881296
498  1.245000  0.071226353271
499  1.247500  0.070200473635
500  1.250000  0.067752667638
501  1.252500  0.063859165733
502  1.255000  0.058529282091
503  1.257500  0.051805877286
504  1.260000  0.043764987623
505  1.262500  0.034514624676
506  1.265000  0.024192769579
507  1.267500  0.012964607084
508  1.270000  0.001019063720
509  1.272500  -0.011435267833
510  1.275000  -0.024174720330
511  1.277500  -0.036965548406
512  1.280000  -0.049569208258
513  1.282500  -0.061747791516
514  1.285000  -0.073269480030
515  1.287500  -0.083913887433
516  1.290000  -0.093477155856
517  1.292500  -0.101776682028
518  1.295000  -0.108655355932
519  1.297500  -0.113985207197
520  1.300000  -0.117670368941
521  1.302500  -0.119649285671
522  1.305000  -0.119896110551
523  1.307500  -0.118421257448
524  1.310000  -0.115271094140
525  1.312500  -0.110526784364
526  1.315000  -0.104302307528
527  1.317500  -0.096741705289
528  1.320000  -0.088015623345
529  1.322500  -0.078317234231
530  1.325000  -0.067857642163
531  1.327500  -0.056860883685
532  1.330000  -0.045558647743
533  1.332500  -0.034184845506
534  1.335000  -0.022970163754
535  1.337500  -0.012136735690
536  1.340000  -0.001893059773
537  1.342500  0.007570709383
538  1.345000  0.016086983701
539  1.347500  0.023514376095
540  1.350000  0.029740659943
541  1.352500  0.034684984081
542  1.355000  0.038299292754
543  1.357500  0.040568920179
544  1.360000  0.041512350253
545  1.362500  0.041180153085
546  1.365000  0.039653130736
547  1.367500  0.037039724490
548  1.370000  0.033472754438
549  1.372500  0.029105578862
550  1.375000  0.024107775271
551  1.377500  0.018660456723
552  1.380000  0.012951345918
553  1.382500  0.007169735203
554  1.385000  0.001501463089
555  1.387500  -0.003875963096
556  1.390000  -0.008797973047
557  1.392500  -0.013117149876
558  1.395000  -0.016706949612
559  1.397500  -0.019464829549
560  1.400000  -0.021314706802
561  1.402500  -0.022208685986
562  1.405000  -0.022128014107
563  1.407500  -0.021083240926
564  1.410000  -0.019113583754
565  1.412500  -0.016285516369
566  1.415000  -0.012690621923
567  1.417500  -0.008442768842
568  1.420000  -0.003674686292
569  1.422500  0.001465968588
570  1.425000  0.006820946291
571  1.427500  0.012226027530
572  1.430000  0.017515809432
573  1.432500  0.022528527735
574  1.435000  0.027110786335
575  1.437500  0.031122067932
576  1.440000  0.034438905082
577  1.442500  0.036958599732
578  1.445000  0.038602390935
579  1.447500  0.039317984680
580  1.450000  0.039081376252
581  1.452500  0.037897913846
582  1.455000  0.035802571777
583  1.457500  0.032859422159
584  1.460000  0.029160314702
585  1.462500  0.024822794907
586  1.465000  0.019987310792
587  1.467500  0.014813776881
588  1.470000  0.009477581091
589  1.472500  0.004165134860
590  1.475000  -0.000930920963
591  1.477500  -0.005616732619
592  1.480000  -0.009702344272
593  1.482500  -0.013006772153
594  1.485000  -0.015362911381
595  1.487500  -0.016622148535
596  1.490000  -0.016658560065
597  1.492500  -0.015372586616
598  1.495000  -0.012694086264
599  1.497500  -0.008584684992
600  1.500000  -0.003039360243
601  1.502500  0.003912787476
602  1.505000  0.012208599625
603  1.507500  0.021751764959
604  1.510000  0.032414547687
605  1.512500  0.044040300224
606  1.515000  0.056446702482
607  1.517500  0.069429651250
608  1.520000  0.082767706681
609  1.522500  0.096226988761
610  1.525000  0.109566405074
611  1.527500  0.122543082660
612  1.530000  0.134917871414
613  1.532500  0.146460784424
614  1.535000  0.156956242010
615  1.537500  0.166207990932
616  1.540000  0.174043578154
617  1.542500  0.180318269507
618  1.545000  0.184918317325
619  1.547500  0.187763497256
620  1.550000  0.188808852545
621  1.552500  0.188045603818
622  1.555000  0.185501203061
623  1.557500  0.181238531788
624  1.560000  0.175354264594
625  1.562500  0.167976439997
626  1.565000  0.159261300103
627  1.567500  0.149389478678
628  1.570000  0.138561633240
629  1.572500  0.126993630438
630  1.575000  0.114911404801
631  1.577500  0.102545618780
632  1.580000  0.090126256583
633  1.582500  0.077877285548
634  1.585000  0.066011516669
635  1.587500  0.054725790449
636  1.590000  0.044196605620
637  1.592500  0.034576296745
638  1.595000  0.025989852445
639  1.597500  0.018532449533
640  1.600000  0.012267759928
641  1.602500  0.007227067481
642  1.605000  0.003409211147
643  1.607500  0.000781349935
644  1.610000  -0.000719475817
645  1.612500  -0.001184032448
646  1.615000  -0.000727894826
647  1.617500  0.000512156141
648  1.620000  0.002382243378
649  1.622500  0.004715901333
650  1.625000  0.007338862148
651  1.627500  0.010073994247
652  1.630000  0.012746263831
653  1.632500  0.015187589644
654  1.635000  0.017241464559
655  1.637500  0.018767223991
656  1.640000  0.019643850653
657  1.642500  0.019773217520
658  1.645000  0.019082685727
659  1.647500  0.017526991083
660  1.650000  0.015089371597
661  1.652500  0.011781908240
662  1.655000  0.007645071775
663  1.657500  0.002746489218
664  1.660000  -0.002821036133
665  1.662500  -0.008942197651
666  1.665000  -0.015482479803
667  1.667500  -0.022291986231
668  1.670000  -0.029209699742
669  1.672500  -0.036068061090
670  1.675000  -0.042697744999
671  1.677500  -0.048932506621
672  1.680000  -0.054613969561
673  1.682500  -0.059596227978
674  1.685000  -0.063750139839
675  1.687500  -0.066967196227
676  1.690000  -0.069162862375
677  1.692500  -0.070279299588
678  1.695000  -0.070287393069
679  1.697500  -0.069188028469
680  1.700000  -0.067012579320
681  1.702500  -0.063822587810
682  1.705000  -0.059708642222
683  1.707500  -0.054788475088
684  1.710000  -0.049204326367
685  1.712500  -0.043119635053
686  1.715000  -0.036715140129
687  1.717500  -0.030184487357
688  1.720000  -0.023729451380
689  1.722500  -0.017554893002
690  1.725000  -0.011863578727
691  1.727500  -0.006850993705
692  1.730000  -0.002700279966
693  1.732500  0.000422570857
694  1.735000  0.002373146999
695  1.737500  0.003032554043
696  1.740000  0.002310758178
697  1.742500  0.000149247647
698  1.745000  -0.003477058328
699  1.747500  -0.008558705178
700  1.750000  -0.015051435139
701  1.752500  -0.022876767010
702  1.755000  -0.031923413351
703  1.757500  -0.042049504005
704  1.760000  -0.053085564520
705  1.762500  -0.064838179109
706  1.765000  -0.077094250524
707  1.767500  -0.089625754152
708  1.770000  -0.102194871160
709  1.772500  -0.114559375902
710  1.775000  -0.126478146299
711  1.777500  -0.137716662716
712  1.780000  -0.148052361044
713  1.782500  -0.157279709220
714  1.785000  -0.165214883267
715  1.787500  -0.171699928859
716  1.790000  -0.176606307215
717  1.792500  -0.179837739446
718  1.795000  -0.181332280974
719  1.797500  -0.181063576806
720  1.800000  -0.179041268849
721  1.802500  -0.175310547583
722  1.805000  -0.169950861652
723  1.807500  -0.163073819891
724  1.810000  -0.154820340290
725  1.812500  -0.145357119037
726  1.815000  -0.134872509550
727  1.817500  -0.123571915832
728  1.820000  -0.111672816347
729  1.822500  -0.099399543422
730  1.825000  -0.086977948927
731  1.827500  -0.074630089309
732  1.830000  -0.062569062132
733  1.832500  -0.050994121882
734  1.835000  -0.040086195323
735  1.837500  -0.030003906053
736  1.840000  -0.020880204621
737  1.842500  -0.012819684808
738  1.845000  -0.005896648938
739  1.847500  -0.000153965758
740  1.850000  0.004397255894
741  1.852500  0.007777175374
742  1.855000  0.010035929058
743  1.857500  0.011251578750
744  1.860000  0.011527357977
745  1.862500  0.010988292356
746  1.865000  0.009777285945
747  1.867500  0.008050778995
748  1.870000  0.005974093120
749  1.872500  0.003716587661
750  1.875000  0.001446755459
751  1.877500  -0.000672612548
752  1.880000  -0.002489066646
753  1.882500  -0.003864819740
754  1.885000  -0.004680637571
755  1.887500  -0.004839195941
756  1.890000  -0.004267817260
757  1.892500  -0.002920515022
758  1.895000  -0.000779293040
759  1.897500  0.002145334239
760  1.900000  0.005814613583
761  1.902500  0.010162609541
762  1.905000  0.015098017690
763  1.907500  0.020506686764
764  1.910000  0.026254783247
765  1.912500  0.032192515156
766  1.915000  0.038158317024
767  1.917500  0.043983385872
768  1.920000  0.049496448606
769  1.922500  0.054528634991
770  1.925000  0.058918327328
771  1.927500  0.062515858214
772  1.930000  0.065187931412
773  1.932500  0.066821647660
774  1.935000  0.067328027164
775  1.937500  0.066644933211
776  1.940000  0.064739316524
777  1.942500  0.061608717275
778  1.945000  0.057281980611
779  1.947500  0.051819161658
780  1.950000  0.045310616769
781  1.952500  0.037875298677
782  1.955000  0.029658293746
783  1.957500  0.020827659072
784  1.960000  0.011570635375
785  1.962500  0.002089327854
786  1.965000  -0.007404038843
787  1.967500  -0.016692174116
788  1.970000  -0.025557957627
789  1.972500  -0.033789727343
790  1.975000  -0.041186486673
791  1.977500  -0.047562899523
792  1.980000  -0.052753946904
793  1.982500  -0.056619126858
794  1.985000  -0.059046090493
795  1.987500  -0.059953620761
796  1.990000  -0.059293876797
797  1.992500  -0.057053844821
798  1.995000  -0.053255956279
799  1.997500  -0.047957854647
800  2.000000  -0.041251313506
801  2.002500  -0.033260329700
802  2.005000  -0.024138435963
803  2.007500  -0.014065296971
804  2.010000  -0.003242670616
805  2.012500  0.008110167726
806  2.015000  0.019761426794
807  2.017500  0.031472105065
808  2.020000  0.043001470981
809  2.022500  0.054112583976
810  2.025000  0.064577721525
811  2.027500  0.074183579785
812  2.030000  0.082736121118
813  2.032500  0.090064950649
814  2.035000  0.096027115839
815  2.037500  0.100510237532
816  2.040000  0.103434897692
817  2.042500  0.104756227674
818  2.045000  0.104464660871
819  2.047500  0.102585834485
820  2.050000  0.099179646404
821  2.052500  0.094338494226
822  2.055000  0.088184743845
823  2.057500  0.080867494070
824  2.060000  0.072558721220
825  2.062500  0.063448902838
826  2.065000  0.053742232402
827  2.067500  0.043651546777
828  2.070000  0.033393094909
829  2.072500  0.023181279759
830  2.075000  0.013223505614
831  2.077500  0.003715259718
832  2.080000  -0.005164449328
833  2.082500  -0.013257183482
834  2.085000  -0.020428597033
835  2.087500  -0.026571302667
836  2.090000  -0.031607013379
837  2.092500  -0.035487910565
838  2.095000  -0.038197208629
839  2.097500  -0.039748907163
840  2.100000  -0.040186742688
841  2.102500  -0.039582372445
842  2.105000  -0.038032842436
843  2.107500  -0.035657410192
844  2.110000  -0.032593809183
845  2.112500  -0.028994055963
846  2.115000  -0.025019912713
847  2.117500  -0.020838126450
848  2.120000  -0.016615571688
849  2.122500  -0.012514425528
850  2.125000  -0.008687503079
851  2.127500  -0.005273876646
852  2.130000  -0.002394894573
853  2.132500  -0.000150705013
854  2.135000  0.001382623416
855  2.137500  0.002155307755
856  2.140000  0.002145324985
857  2.142500  0.001359114940
858  2.145000  -0.000168507442
859  2.147500  -0.002375229174
860  2.150000  -0.005172883541
861  2.152500  -0.008449819555
862  2.155000  -0.012073935382
863  2.157500  -0.015896297115
864  2.160000  -0.019755248828
865  2.162500  -0.023480906790
866  2.165000  -0.026899920442
867  2.167500  -0.029840375470
868  2.170000  -0.032136710221
869  2.172500  -0.033634515965
870  2.175000  -0.034195094071
871  2.177500  -0.033699649038
872  2.180000  -0.032053005250
873  2.182500  -0.029186747262
874  2.185000  -0.025061697837
875  2.187500  -0.019669664718
876  2.190000  -0.013034405591
877  2.192500  -0.005211780590
878  2.195000  0.003710917650
879  2.197500  0.013616445353
880  2.200000  0.024359868616
881  2.202500  0.035771552248
882  2.205000  0.047660805940
883  2.207500  0.059820100208
884  2.210000  0.072029749800
885  2.212500  0.084062949986
886  2.215000  0.095691041791
887  2.217500  0.106688875984
888  2.220000  0.116840142679
889  2.222500  0.125942533784
890  2.225000  0.133812609308
891  2.227500  0.140290245551
892  2.230000  0.145242553290
893  2.232500  0.148567167047
894  2.235000  0.150194821975
895  2.237500  0.150091152470
896  2.240000  0.148257665901
897  2.242500  0.144731865296
898  2.245000  0.139586515956
899  2.247500  0.132928072285
900  2.250000  0.124894301960
901  2.252500  0.115651164601
902  2.255000  0.105389020593
903  2.257500  0.094318262409
904  2.260000  0.082664475096
905  2.262500  0.070663244258
906  2.265000  0.058554738585
907  2.267500  0.046578199449
908  2.270000  0.034966472296
909  2.272500  0.023940713349
910  2.275000  0.013705400593
911  2.277500  0.004443770211
912  2.280000  -0.003686211148
913  2.282500  -0.010555241493
914  2.285000  -0.016065365198
915  2.287500  -0.020151878504
916  2.290000  -0.022784415561
917  2.292500  -0.023967192360
918  2.295000  -0.023738407048
919  2.297500  -0.022168816251
920  2.300000  -0.019359527624
921  2.302500  -0.015439068382
922  2.305000  -0.010559807553
923  2.307500  -0.004893825671
924  2.310000  0.001371660805
925  2.312500  0.008039202250
926  2.315000  0.014906219903
927  2.317500  0.021770180699
928  2.320000  0.028433711166
929  2.322500  0.034709520754
930  2.325000  0.040425010362
931  2.327500  0.045426450381
932  2.330000  0.049582624036
933  2.332500  0.052787845952
934  2.335000  0.054964282230
935  2.337500  0.056063516553
936  2.340000  0.056067326489
937  2.342500  0.054987654607
938  2.345000  0.052865779890
939  2.347500  0.049770715592
940  2.350000  0.045796879640
941  2.352500  0.041061102387
942  2.355000  0.035699053597
943  2.357500  0.029861185408
944  2.360000  0.023708300407
945  2.362500  0.017406863518
946  2.365000  0.011124182849
947  2.367500  0.005023587924
948  2.370000  -0.000740266396
949  2.372500  -0.006025845376
950  2.375000  -0.010708810954
951  2.377500  -0.014685620785
952  2.380000  -0.017876553644
953  2.382500  -0.020228080079
954  2.385000  -0.021714514263
955  2.387500  -0.022338901745
956  2.390000  -0.022133117749
957  2.392500  -0.021157171249
958  2.395000  -0.019497730818
959  2.397500  -0.017265908582
960  2.400000  -0.014594358062
961  2.402500  -0.011633759726
962  2.405000  -0.008548784183
963  2.407500  -0.005513636859
964  2.410000  -0.002707299159
965  2.412500  -0.000308589404
966  2.415000  0.001508828081
967  2.417500  0.002581355504
968  2.420000  0.002760167109
969  2.422500  0.001915583791
970  2.425000  -0.000058998995
971  2.427500  -0.003243734852
972  2.430000  -0.007689592682
973  2.432500  -0.013416340561
974  2.435000  -0.020411304232
975  2.437500  -0.028628937667
976  2.440000  -0.037991222575
977  2.442500  -0.048388892766
978  2.445000  -0.059683458263
979  2.447500  -0.071709983701
980  2.450000  -0.084280556261
981  2.452500  -0.097188360723
982  2.455000  -0.110212263576
983  2.457500  -0.123121794947
984  2.460000  -0.135682406718
985  2.462500  -0.147660877858
986  2.465000  -0.158830733871
987  2.467500  -0.168977546543
988  2.470000  -0.177903982779
989  2.472500  -0.185434477221
990  2.475000  -0.191419412484
991  2.477500  -0.195738702827
992  2.480000  -0.198304691757
993  2.482500  -0.199064290987
994  2.485000  -0.198000306922
995  2.487500  -0.195131920989
996  2.490000  -0.190514311095
997  2.492500  -0.184237422827
998  2.495000  -0.176423920093
999  2.497500  -0.167226365283
1000  2.500000  -0.156823698106
1001  2.502500  -0.145417099664
1002  2.505000  -0.133225343467
1003  2.507500  -0.120479747751
1004  2.510000  -0.107418853219
1005  2.512500  -0.094282956921
1006  2.515000  -0.081308636377
1007  2.517500  -0.068723397978
1008  2.520000  -0.056740580334
1009  2.522500  -0.045554636555
1010  2.525000  -0.035336909660
1011  2.527500  -0.026232002695
1012  2.530000  -0.018354829947
1013  2.532500  -0.011788418336
1014  2.535000  -0.006582509025
1015  2.537500  -0.002752989058
1016  2.540000  -0.000282161849
1017  2.542500  0.000880155751
1018  2.545000  0.000814742912
1019  2.547500  -0.000369656249
1020  2.550000  -0.002539632811
1021  2.552500  -0.005540994137
1022  2.555000  -0.009203123451
1023  2.557500  -0.013343703713
1024  2.560000  -0.017773682794
1025  2.562500  -0.022302351350
1026  2.565000  -0.026742402415
1027  2.567500  -0.030914842790
1028  2.570000  -0.034653630569
1029  2.572500  -0.037809920720
1030  2.575000  -0.040255811157
1031  2.577500  -0.041887494991
1032  2.580000  -0.042627740328
1033  2.582500  -0.042427636623
1034  2.585000  -0.041267565760
1035  2.587500  -0.039157376273
1036  2.590000  -0.036135759845
1037  2.592500  -0.032268849955
1038  2.595000  -0.027648082738
1039  2.597500  -0.022387379250
1040  2.600000  -0.016619725887
1041  2.602500  -0.010493245336
1042  2.605000  -0.004166863545
1043  2.607500  0.002194311283
1044  2.610000  0.008423774289
1045  2.612500  0.014358446477
1046  2.615000  0.019843405559
1047  2.617500  0.024736398922
1048  2.620000  0.028912018117
1049  2.622500  0.032265423109
1050  2.625000  0.034715516127
1051  2.627500  0.036207479245
1052  2.630000  0.036714606332
1053  2.632500  0.036239378278
1054  2.635000  0.034813750074
1055  2.637500  0.032498638799
1056  2.640000  0.029382622342
1057  2.642500  0.025579879289
1058  2.645000  0.021227420191
1059  2.647500  0.016481679013
1060  2.650000  0.011514550376
1061  2.652500  0.006508972883
1062  2.655000  0.001654170880
1063  2.657500  -0.002859323682
1064  2.660000  -0.006844741539
1065  2.662500  -0.010124107874
1066  2.665000  -0.012533105349
1067  2.667500  -0.013925641992
1068  2.670000  -0.014178004545
1069  2.672500  -0.013192487989
1070  2.675000  -0.010900404860
1071  2.677500  -0.007264393380
1072  2.680000  -0.002279960920
1073  2.682500  0.004023781534
1074  2.685000  0.011584217899
1075  2.687500  0.020306161516
1076  2.690000  0.030063607559
1077  2.692500  0.040702264550
1078  2.695000  0.052042806390
1079  2.697500  0.063884768036
1080  2.700000  0.076010991522
1081  2.702500  0.088192514901
1082  2.705000  0.100193785337
1083  2.707500  0.111778069075
1084  2.710000  0.122712925833
1085  2.712500  0.132775613201
1086  2.715000  0.141758288125
1087  2.717500  0.149472877358
1088  2.720000  0.155755496762
1089  2.722500  0.160470310459
1090  2.725000  0.163512734554
1091  2.727500  0.164811906434
1092  2.730000  0.164332358758
1093  2.732500  0.162074857031
1094  2.735000  0.158076380382
1095  2.737500  0.152409246423
1096  2.740000  0.145179402326
1097  2.742500  0.136523924901
1098  2.745000  0.126607792071
1099  2.747500  0.115620006134
1100  2.750000  0.103769165181
1101  2.752500  0.091278592598
1102  2.755000  0.078381145324
1103  2.757500  0.065313829282
1104  2.760000  0.052312354865
1105  2.762500  0.039605766527
1106  2.765000  0.027411278238
1107  2.767500  0.015929441084
1108  2.770000  0.005339760497
1109  2.772500  -0.004203131013
1110  2.775000  -0.012572654074
1111  2.777500  -0.019672740703
1112  2.780000  -0.025439514048
1113  2.782500  -0.029842153006
1114  2.785000  -0.032882925736
1115  2.787500  -0.034596397236
1116  2.790000  -0.035047836966
1117  2.792500  -0.034330872750
1118  2.795000  -0.032564456091
1119  2.797500  -0.029889221297
1120  2.800000  -0.026463335944
1121  2.802500  -0.022457952745
1122  2.805000  -0.018052382660
1123  2.807500  -0.013429115735
1124  2.810000  -0.008768819569
1125  2.812500  -0.004245445339
1126  2.815000  -0.000021568122
1127  2.817500  0.003755918323
1128  2.820000  0.006959641680
1129  2.822500  0.009485027895
1130  2.825000  0.011252931384
1131  2.827500  0.012211552344
1132  2.830000  0.012337593595
1133  2.832500  0.011636629282
1134  2.835000  0.010142678364
1135  2.837500  0.007916996577
1136  2.840000  0.005046120920
1137  2.842500  0.001639220228
1138  2.845000  -0.002175176545
1139  2.847500  -0.006252986471
1140  2.850000  -0.010438811407
1141  2.852500  -0.014570496255
1142  2.855000  -0.018483885204
1143  2.857500  -0.022017649202
1144  2.860000  -0.025018055939
1145  2.862500  -0.027343554983
1146  2.865000  -0.028869055359
1147  2.867500  -0.029489780693
1148  2.870000  -0.029124597883
1149  2.872500  -0.027718728714
1150  2.875000  -0.025245769761
1151  2.877500  -0.021708963704
1152  2.880000  -0.017141684505
1153  2.882500  -0.011607119214
1154  2.885000  -0.005197149967
1155  2.887500  0.001969539520
1156  2.890000  0.009750088490
1157  2.892500  0.017980751189
1158  2.895000  0.026480775407
1159  2.897500  0.035056771077
1160  2.900000  0.043507459512
1161  2.902500  0.051628683588
1162  2.905000  0.059218552049
1163  2.907500  0.066082587104
1164  2.910000  0.072038743858
1165  2.912500  0.076922172855
1166  2.915000  0.080589602988
1167  2.917500  0.082923231195
1168  2.920000  0.083834017399
1169  2.922500  0.083264297821
1170  2.925000  0.081189646682
1171  2.927500  0.077619935053
1172  2.930000  0.072599555613
1173  2.932500  0.066206803026
1174  2.935000  0.058552420785
1175  2.937500  0.049777346339
1176  2.940000  0.040049706554
1177  2.942500  0.029561134399
1178  2.945000  0.018522494979
1179  2.947500  0.007159123970
1180  2.950000  -0.004294306105
1181  2.952500  -0.015599166781
1182  2.955000  -0.026518370408
1183  2.957500  -0.036821848358
1184  2.960000  -0.046291876532
1185  2.962500  -0.054728117727
1186  2.965000  -0.061952257331
1187  2.967500  -0.067812118836
1188  2.970000  -0.072185158603
1189  2.972500  -0.074981254649
1190  2.975000  -0.076144721847
1191  2.977500  -0.075655505106
1192  2.980000  -0.073529522587
1193  2.982500  -0.069818152128
1194  2.985000  -0.064606875332
1195  2.987500  -0.058013114715
1196  2.990000  -0.050183319261
1197  2.992500  -0.041289372376
1198  2.995000  -0.031524412884
1199  2.997500  -0.021098174145
1200  3.000000  -0.010231958100
1201  3.002500  0.000846630173
1202  3.005000  0.011909056221
1203  3.007500  0.022731204802
1204  3.010000  0.033098570942
1205  3.012500  0.042811165479
1206  3.015000  0.051688014807
1207  3.017500  0.059571145160
1208  3.020000  0.066328955224
1209  3.022500  0.071858896694
1210  3.025000  0.076089400176
1211  3.027500  0.078981003275
1212  3.030000  0.080526658051
1213  3.032500  0.080751216034
1214  3.035000  0.079710109896
1215  3.037500  0.077487271289
1216  3.040000  0.074192343726
1217  3.042500  0.069957267130
1218  3.045000  0.064932326521
1219  3.047500  0.059281770684
1220  3.050000  0.053179117285
1221  3.052500  0.046802268610
1222  3.055000  0.040328566463
1223  3.057500  0.033929915959
1224  3.060000  0.027768105696
1225  3.062500  0.021990446335
1226  3.065000  0.016725840979
1227  3.067500  0.012081389244
1228  3.070000  0.008139612755
1229  3.072500  0.004956373452
1230  3.075000  0.002559537847
1231  3.077500  0.000948420855
1232  3.080000  0.000094022378
1233  3.082500  -0.000059950901
1234  3.085000  0.000404693398
1235  3.087500  0.001383121513
1236  3.090000  0.002750604485
1237  3.092500  0.004366208605
1238  3.095000  0.006076947384
1239  3.097500  0.007722284892
1240  3.100000  0.009138871004
1241  3.102500  0.010165382870
1242  3.105000  0.010647343883
1243  3.107500  0.010441791825
1244  3.110000  0.009421671444
1245  3.112500  0.007479833649
1246  3.115000  0.004532533401
1247  3.117500  0.000522331129
1248  3.120000  -0.004579682331
1249  3.122500  -0.010772399937
1250  3.125000  -0.018023995550
1251  3.127500  -0.026272027585
1252  3.130000  -0.035424352103
1253  3.132500  -0.045360827343
1254  3.135000  -0.055935771265
1255  3.137500  -0.066981114101
1256  3.140000  -0.078310169878
1257  3.142500  -0.089721934640
1258  3.145000  -0.101005805260
1259  3.147500  -0.111946601514
1260  3.150000  -0.122329765887
1261  3.152500  -0.131946610483
1262  3.155000  -0.140599478718
1263  3.157500  -0.148106691055
1264  3.160000  -0.154307148999
1265  3.162500  -0.159064479717
1266  3.165000  -0.162270614773
1267  3.167500  -0.163848710368
1268  3.170000  -0.163755332678
1269  3.172500  -0.161981850110
1270  3.175000  -0.158554994001
1271  3.177500  -0.153536569992
1272  3.180000  -0.147022323510
1273  3.182500  -0.139139983949
1274  3.185000  -0.130046532692
1275  3.187500  -0.119924759558
1276  3.190000  -0.108979190127
1277  3.192500  -0.097431482187
1278  3.195000  -0.085515402880
1279  3.197500  -0.073471508690
1280  3.200000  -0.061541657921
1281  3.202500  -0.049963489511
1282  3.205000  -0.038965002977
1283  3.207500  -0.028759371741
1284  3.210000  -0.019540116305
1285  3.212500  -0.011476754742
1286  3.215000  -0.004711036069
1287  3.217500  0.000646152537
1288  3.220000  0.004517130518
1289  3.222500  0.006858965271
1290  3.225000  0.007664174646
1291  3.227500  0.006960576151
1292  3.230000  0.004810289673
1293  3.232500  0.001307921597
1294  3.235000  -0.003422021461
1295  3.237500  -0.009228421988
1296  3.240000  -0.015937459316
1297  3.242500  -0.023357035867
1298  3.245000  -0.031281609399
1299  3.247500  -0.039497308899
1300  3.250000  -0.047787205134
1301  3.252500  -0.055936603443
1302  3.255000  -0.063738226290
1303  3.257500  -0.070997156421
1304  3.260000  -0.077535418006
1305  3.262500  -0.083196082847
1306  3.265000  -0.087846801161
1307  3.267500  -0.091382671566
1308  3.270000  -0.093728381958
1309  3.272500  -0.094839571897
1310  3.275000  -0.094703387139
1311  3.277500  -0.093338217747
1312  3.280000  -0.090792632125
1313  3.282500  -0.087143539909
1314  3.285000  -0.082493636324
1315  3.287500  -0.076968198894
1316  3.290000  -0.070711323852
1317  3.292500  -0.063881703719
1318  3.295000  -0.056648059066
1319  3.297500  -0.049184346071
1320  3.300000  -0.041664866918
1321  3.302500  -0.034259412273
1322  3.305000  -0.027128563895
1323  3.307500  -0.020419280996
1324  3.310000  -0.014260886297
1325  3.312500  -0.008761557123
1326  3.315000  -0.004005413503
1327  3.317500  -0.000050279571
1328  3.320000  0.003073823136
1329  3.322500  0.005365411051
1330  3.325000  0.006851483381
1331  3.327500  0.007586677801
1332  3.330000  0.007651659128
1333  3.332500  0.007150783176
1334  3.335000  0.006209096986
1335  3.337500  0.004968754024
1336  3.340000  0.003584938419
1337  3.342500  0.002221405217
1338  3.345000  0.001045753954
1339  3.347500  0.000224560009
1340  3.350000  -0.000081507764
1341  3.352500  0.000277546110
1342  3.355000  0.001436518943
1343  3.357500  0.003510847876
1344  3.360000  0.006592922337
1345  3.362500  0.010748970708
1346  3.365000  0.016016606515
1347  3.367500  0.022403102671
1348  3.370000  0.029884443834
1349  3.372500  0.038405187058
1350  3.375000  0.047879140289
1351  3.377500  0.058190847261
1352  3.380000  0.069197846667
1353  3.382500  0.080733653488
1354  3.385000  0.092611391750
1355  3.387500  0.104627991002
1356  3.390000  0.116568844153
1357  3.392500  0.128212812110
1358  3.395000  0.139337451411
1359  3.397500  0.149724334895
1360  3.400000  0.159164332585
1361  3.402500  0.167462720465
1362  3.405000  0.174443988663
1363  3.407500  0.179956227662
1364  3.410000  0.183874981358
1365  3.412500  0.186106468792
1366  3.415000  0.186590091878
1367  3.417500  0.185300164112
1368  3.420000  0.182246814511
1369  3.422500  0.177476041501
1370  3.425000  0.171068912637
1371  3.427500  0.163139927268
1372  3.430000  0.153834580136
1373  3.432500  0.143326183815
1374  3.435000  0.131812026387
1375  3.437500  0.119508957307
1376  3.440000  0.106648508689
1377  3.442500  0.093471670789
1378  3.445000  0.080223449063
1379  3.447500  0.067147335570
1380  3.450000  0.054479829537
1381  3.452500  0.042445140623
1382  3.455000  0.031250203704
1383  3.457500  0.021080126152
1384  3.460000  0.012094177613
1385  3.462500  0.004422418662
1386  3.465000  -0.001836951417
1387  3.467500  -0.006619465505
1388  3.470000  -0.009895435606
1389  3.472500  -0.011670153952
1390  3.475000  -0.011983247491
1391  3.477500  -0.010907206167
1392  3.480000  -0.008545125973
1393  3.482500  -0.005027727321
1394  3.485000  -0.000509727193
1395  3.487500  0.004834340483
1396  3.490000  0.010814748289
1397  3.492500  0.017231523915
1398  3.495000  0.023879597440
1399  3.497500  0.030554016393
1400  3.500000  0.037055096446
1401  3.502500  0.043193377837
1402  3.505000  0.048794263067
1403  3.507500  0.053702220047
1404  3.510000  0.057784446460
1405  3.512500  0.060933905250
1406  3.515000  0.063071657653
1407  3.517500  0.064148438435
1408  3.520000  0.064145437709
1409  3.522500  0.063074274207
1410  3.525000  0.060976165775
1411  3.527500  0.057920323543
1412  3.530000  0.054001616183
1413  3.532500  0.049337569396
1414  3.535000  0.044064782797
1415  3.537500  0.038334861241
1416  3.540000  0.032309969996
1417  3.542500  0.026158132680
1418  3.545000  0.020048397312
1419  3.547500  0.014145999046
1420  3.550000  0.008607647994
1421  3.552500  0.003577067151
1422  3.555000  -0.000819101302
1423  3.557500  -0.004474912690
1424  3.560000  -0.007308163502
1425  3.562500  -0.009262780960
1426  3.565000  -0.010310494546
1427  3.567500  -0.010451744328
1428  3.570000  -0.009715800834
1429  3.572500  -0.008160091831
1430  3.575000  -0.005868752108
1431  3.577500  -0.002950432667
1432  3.580000  0.000464574825
1433  3.582500  0.004227824526
1434  3.585000  0.008176723921
1435  3.587500  0.012138958601
1436  3.590000  0.015937219472
1437  3.592500  0.019394109288
1438  3.595000  0.022337100405
1439  3.597500  0.024603413860
1440  3.600000  0.026044691493
1441  3.602500  0.026531337687
1442  3.605000  0.025956415380
1443  3.607500  0.024238992056
1444  3.610000  0.021326845147
1445  3.612500  0.017198452401
1446  3.615000  0.011864210791
1447  3.617500  0.005366847088
1448  3.620000  -0.002218996276
1449  3.622500  -0.010787995410
1450  3.625000  -0.020206173711
1451  3.627500  -0.030313679259
1452  3.630000  -0.040928245798
1453  3.632500  -0.051849254619
1454  3.635000  -0.062862299124
1455  3.637500  -0.073744140765
1456  3.640000  -0.084267934769
1457  3.642500  -0.094208596785
1458  3.645000  -0.103348177635
1459  3.647500  -0.111481112676
1460  3.650000  -0.118419215012
1461  3.652500  -0.123996287816
1462  3.655000  -0.128072240207
1463  3.657500  -0.130536603230
1464  3.660000  -0.131311357211
1465  3.662500  -0.130352998752
1466  3.665000  -0.127653794406
1467  3.667500  -0.123242188264
1468  3.670000  -0.117182351640
1469  3.672500  -0.109572884373
1470  3.675000  -0.100544698346
1471  3.677500  -0.090258134117
1472  3.680000  -0.078899380643
1473  3.682500  -0.066676285353
1474  3.685000  -0.053813656931
1475  3.687500  -0.040548175741
1476  3.690000  -0.027123036430
1477  3.692500  -0.013782453810
1478  3.695000  -0.000766166337
1479  3.697500  0.011695928655
1480  3.700000  0.023388877280
1481  3.702500  0.034117385126
1482  3.705000  0.043710032975
1483  3.707500  0.052022890971
1484  3.710000  0.058942445261
1485  3.712500  0.064387768511
1486  3.715000  0.068311884820
1487  3.717500  0.070702299865
1488  3.720000  0.071580688099
1489  3.722500  0.071001750010
1490  3.725000  0.069051273223
1491  3.727500  0.065843451143
1492  3.730000  0.061517531298
1493  3.732500  0.056233882194
1494  3.735000  0.050169581778
1495  3.737500  0.043513642333
1496  3.740000  0.036461995304
1497  3.742500  0.029212365191
1498  3.745000  0.021959163845
1499  3.747500  0.014888535490
1500  3.750000  0.008173678346
1501  3.752500  0.001970561152
1502  3.755000  -0.003585857731
1503  3.757500  -0.008384814287
1504  3.760000  -0.012342247255
1505  3.762500  -0.015402570062
1506  3.765000  -0.017539664571
1507  3.767500  -0.018757075212
1508  3.770000  -0.019087402832
1509  3.772500  -0.018590918322
1510  3.775000  -0.017353436329
1511  3.777500  -0.015483508435
1512  3.780000  -0.013109012778
1513  3.782500  -0.010373232674
1514  3.785000  -0.007430529899
1515  3.787500  -0.004441728745
1516  3.790000  -0.001569334371
1517  3.792500  0.001027286875
1518  3.795000  0.003196636509
1519  3.797500  0.004799596187
1520  3.800000  0.005713602669
1521  3.802500  0.005836373796
1522  3.805000  0.005089085472
1523  3.807500  0.003418913937
1524  3.810000  0.000800874128
1525  3.812500  -0.002761096758
1526  3.815000  -0.007233841741
1527  3.817500  -0.012555483368
1528  3.820000  -0.018636709830
1529  3.822500  -0.025362817377
1530  3.825000  -0.032596458684
1531  3.827500  -0.040181028354
1532  3.830000  -0.047944599938
1533  3.832500  -0.055704314270
1534  3.835000  -0.063271106879
1535  3.837500  -0.070454653042
1536  3.840000  -0.077068402972
1537  3.842500  -0.082934576834
1538  3.845000  -0.087888989764
1539  3.847500  -0.091785580963
1540  3.850000  -0.094500527992
1541  3.852500  -0.095935837545
1542  3.855000  -0.096022316929
1543  3.857500  -0.094721845918
1544  3.860000  -0.092028886120
1545  3.862500  -0.087971184219
1546  3.865000  -0.082609645704
1547  3.867500  -0.076037376715
1548  3.870000  -0.068377912656
1549  3.872500  -0.059782672930
1550  3.875000  -0.050427700787
1551  3.877500  -0.040509765572
1552  3.880000  -0.030241920962
1553  3.882500  -0.019848626789
1554  3.885000  -0.009560553342
1555  3.887500  0.000390804614
1556  3.890000  0.009778571757
1557  3.892500  0.018385859899
1558  3.895000  0.026010926858
1559  3.897500  0.032471998841
1560  3.900000  0.037611636789
1561  3.902500  0.041300538278
1562  3.905000  0.043440680466
1563  3.907500  0.043967725823
1564  3.910000  0.042852630637
1565  3.912500  0.040102416035
1566  3.915000  0.035760082050
1567  3.917500  0.029903666530
1568  3.920000  0.022644471895
1569  3.922500  0.014124503431
1570  3.925000  0.004513182322
1571  3.927500  -0.005996585394
1572  3.930000  -0.017192886868
1573  3.932500  -0.028849716938
1574  3.935000  -0.040732207854
1575  3.937500  -0.052602045384
1576  3.940000  -0.064222938072
1577  3.942500  -0.075366005397
1578  3.945000  -0.085814952918
1579  3.947500  -0.095370908163
1580  3.950000  -0.103856799844
1581  3.952500  -0.111121174742
1582  3.955000  -0.117041361031
1583  3.957500  -0.121525903469
1584  3.960000  -0.124516214427
1585  3.962500  -0.125987404623
1586  3.965000  -0.125948278194
1587  3.967500  -0.124440497869
1588  3.970000  -0.121536946888
1589  3.972500  -0.117339334536
1590  3.975000  -0.111975111100
1591  3.977500  -0.105593775274
1592  3.980000  -0.098362672150
1593  3.982500  -0.090462392451
1594  3.985000  -0.082081893361
1595  3.987500  -0.073413467927
1596  3.990000  -0.064647693326
1597  3.992500  -0.055968488318
1598  3.995000  -0.047548406867
1599  3.997500  -0.039544288349
1600  4.000000  -0.032093375108
1601  4.002500  -0.025309995690
1602  4.005000  -0.019282897073
1603  4.007500  -0.014073292180
1604  4.010000  -0.009713670191
1605  4.012500  -0.006207397217
1606  4.015000  -0.003529114302
1607  4.017500  -0.001625918942
1608  4.020000  -0.000419295893
1609  4.022500  0.000192256384
1610  4.025000  0.000329975436
1611  4.027500  0.000131048634
1612  4.030000  -0.000255607009
1613  4.032500  -0.000673885840
1614  4.035000  -0.000965233874
1615  4.037500  -0.000973461689
1616  4.040000  -0.000549501227
1617  4.042500  0.000444020715
1618  4.045000  0.002128514891
1619  4.047500  0.004605582569
1620  4.050000  0.007953692936
1621  4.052500  0.012225475218
1622  4.055000  0.017445699981
1623  4.057500  0.023610006204
1624  4.060000  0.030684411413
1625  4.062500  0.038605621887
1626  4.065000  0.047282139145
1627  4.067500  0.056596138219
1628  4.070000  0.066406073115
1629  4.072500  0.076549945836
1630  4.075000  0.086849157933
1631  4.077500  0.097112848189
1632  4.080000  0.107142607111
1633  4.082500  0.116737448754
1634  4.085000  0.125698913292
1635  4.087500  0.133836169865
1636  4.090000  0.140970988661
1637  4.092500  0.146942454004
1638  4.095000  0.151611296260
1639  4.097500  0.154863729596
1640  4.100000  0.156614694723
1641  4.102500  0.156810420440
1642  4.105000  0.155430234745
1643  4.107500  0.152487574992
1644  4.110000  0.148030166614
1645  4.112500  0.142139360824
1646  4.115000  0.134928642847
1647  4.117500  0.126541343150
1648  4.120000  0.117147604293
1649  4.122500  0.106940674817
1650  4.125000  0.096132618728
1651  4.127500  0.084949543950
1652  4.130000  0.073626465455
1653  4.132500  0.062401928143
1654  4.135000  0.051512520838
1655  4.137500  0.041187415702
1656  4.140000  0.031643066986
1657  4.142500  0.023078199265
1658  4.145000  0.015669208236
1659  4.147500  0.009566087056
1660  4.150000  0.004888978190
1661  4.152500  0.001725435278
1662  4.155000  0.000128461874
1663  4.157500  0.000115374670
1664  4.160000  0.001667518297
1665  4.162500  0.004730837651
1666  4.165000  0.009217292399
1667  4.167500  0.015007077415
1668  4.170000  0.021951592932
1669  4.172500  0.029877089625
1670  4.175000  0.038588897227
1671  4.177500  0.047876130910
1672  4.180000  0.057516758040
1673  4.182500  0.067282899185
1674  4.185000  0.076946231788
1675  4.187500  0.086283362714
1676  4.190000  0.095081037063
1677  4.192500  0.103141055193
1678  4.195000  0.110284777629
1679  4.197500  0.116357108297
1680  4.200000  0.121229860071
1681  4.202500  0.124804422489
1682  4.205000  0.127013669427
1683  4.207500  0.127823063951
1684  4.210000  0.127230938025
1685  4.212500  0.125267945775
1686  4.215000  0.121995709950
1687  4.217500  0.117504701659
1688  4.220000  0.111911412820
1689  4.222500  0.105354898523
1690  4.225000  0.097992782316
1691  4.227500  0.089996830756
1692  4.230000  0.081548214203
1693  4.232500  0.072832578427
1694  4.235000  0.064035055975
1695  4.237500  0.055335347336
1696  4.240000  0.046902999670
1697  4.242500  0.038893005326
1698  4.245000  0.031441833700
1699  4.247500  0.024663998410
1700  4.250000  0.018649247579
1701  4.252500  0.013460448599
1702  4.255000  0.009132220483
1703  4.257500  0.005670347373
1704  4.260000  0.003051986270
1705  4.262500  0.001226661375
1706  4.265000  0.000118016825
1707  4.267500  -0.000373720129
1708  4.270000  -0.000368632063
1709  4.272500  -0.000003443749
1710  4.275000  0.000572608004
1711  4.277500  0.001202256921
1712  4.280000  0.001724922826
1713  4.282500  0.001981534585
1714  4.285000  0.001819331878
1715  4.287500  0.001096517600
1716  4.290000  -0.000313363575
1717  4.292500  -0.002517438072
1718  4.295000  -0.005600015356
1719  4.297500  -0.009619693794
1720  4.300000  -0.014607140109
1721  4.302500  -0.020563604780
1722  4.305000  -0.027460216794
1723  4.307500  -0.035238081100
1724  4.310000  -0.043809181349
1725  4.312500  -0.053058069691
1726  4.315000  -0.062844304959
1727  4.317500  -0.073005581132
1728  4.320000  -0.083361469904
1729  4.322500  -0.093717685119
1730  4.325000  -0.103870762999
1731  4.327500  -0.113613041009
1732  4.330000  -0.122737810036
1733  4.332500  -0.131044509624
1734  4.335000  -0.138343834303
1735  4.337500  -0.144462620798
1736  4.340000  -0.149248390893
1737  4.342500  -0.152573432950
1738  4.345000  -0.154338316278
1739  4.347500  -0.154474746490
1740  4.350000  -0.152947686222
1741  4.352500  -0.149756683848
1742  4.355000  -0.144936372527
1743  4.357500  -0.138556122638
1744  4.360000  -0.130718851823
1745  4.362500  -0.121559017975
1746  4.365000  -0.111239841035
1747  4.367500  -0.099949818806
1748  4.370000  -0.087898619819
1749  4.372500  -0.075312451938
1750  4.375000  -0.062429018697
1751  4.377500  -0.049492185745
1752  4.380000  -0.036746487216
1753  4.382500  -0.024431605923
1754  4.385000  -0.012776962068
1755  4.387500  -0.001996542550
1756  4.390000  0.007715902985
1757  4.392500  0.016191182286
1758  4.395000  0.023288391784
1759  4.397500  0.028897968655
1760  4.400000  0.032943990196
1761  4.402500  0.035385665789
1762  4.405000  0.036217986888
1763  4.407500  0.035471521373
1764  4.410000  0.033211359948
1765  4.412500  0.029535243319
1766  4.415000  0.024570919203
1767  4.417500  0.018472797303
1768  4.420000  0.011417987705
1769  4.422500  0.003601823278
1770  4.425000  -0.004767020708
1771  4.427500  -0.013471686866
1772  4.430000  -0.022292446359
1773  4.432500  -0.031012027141
1774  4.435000  -0.039420826981
1775  4.437500  -0.047321881902
1776  4.440000  -0.054535467303
1777  4.442500  -0.060903218801
1778  4.445000  -0.066291672405
1779  4.447500  -0.070595138767
1780  4.450000  -0.073737843453
1781  4.452500  -0.075675284127
1782  4.455000  -0.076394775651
1783  4.457500  -0.075915174921
1784  4.460000  -0.074285798219
1785  4.462500  -0.071584564467
1786  4.465000  -0.067915417449
1787  4.467500  -0.063405098368
1788  4.470000  -0.058199356497
1789  4.472500  -0.052458699855
1790  4.475000  -0.046353799304
1791  4.477500  -0.040060668015
1792  4.480000  -0.033755743700
1793  4.482500  -0.027611003065
1794  4.485000  -0.021789236787
1795  4.487500  -0.016439608768
1796  4.490000  -0.011693615738
1797  4.492500  -0.007661552584
1798  4.495000  -0.004429575423
1799  4.497500  -0.002057438667
1800  4.500000  -0.000576964636
1801  4.502500  0.000008714929
1802  4.505000  -0.000274873705
1803  4.507500  -0.001374368328
1804  4.510000  -0.003210160163
1805  4.512500  -0.005678708278
1806  4.515000  -0.008655517792
1807  4.517500  -0.011998703212
1808  4.520000  -0.015553042884
1809  4.522500  -0.019154417583
1810  4.525000  -0.022634516063
1811  4.527500  -0.025825683225
1812  4.530000  -0.028565782592
1813  4.532500  -0.030702944107
1814  4.535000  -0.032100070958
1815  4.537500  -0.032638985061
1816  4.540000  -0.032224099868
1817  4.542500  -0.030785521137
1818  4.545000  -0.028281490757
1819  4.547500  -0.024700105522
1820  4.550000  -0.020060261203
1821  4.552500  -0.014411792137
1822  4.555000  -0.007834797164
1823  4.557500  -0.000438163704
1824  4.560000  0.007642677602
1825  4.562500  0.016248715355
1826  4.565000  0.025200966021
1827  4.567500  0.034304640963
1828  4.570000  0.043353769462
1829  4.572500  0.052136163285
1830  4.575000  0.060438599142
1831  4.577500  0.068052089343
1832  4.580000  0.074777108208
1833  4.582500  0.080428642340
1834  4.585000  0.084840936822
1835  4.587500  0.087871816594
1836  4.590000  0.089406472493
1837  4.592500  0.089360614561
1838  4.595000  0.087682910731
1839  4.597500  0.084356646725
1840  4.600000  0.079400562260
1841  4.602500  0.072868839168
1842  4.605000  0.064850238146
1843  4.607500  0.055466402104
1844  4.610000  0.044869364873
1845  4.612500  0.033238323940
1846  4.615000  0.020775754238
1847  4.617500  0.007702956573
1848  4.620000  -0.005744851623
1849  4.622500  -0.019323784028
1850  4.625000  -0.032786743997
1851  4.627500  -0.045888961034
1852  4.630000  -0.058393470281
1853  4.632500  -0.070076401580
1854  4.635000  -0.080731949451
1855  4.637500  -0.090176903325
1856  4.640000  -0.098254628412
1857  4.642500  -0.104838401341
1858  4.645000  -0.109834020900
1859  4.647500  -0.113181632319
1860  4.650000  -0.114856723249
1861  4.652500  -0.114870270272
1862  4.655000  -0.113268035975
1863  4.657500  -0.110129037828
1864  4.660000  -0.105563230656
1865  4.662500  -0.099708464061
1866  4.665000  -0.092726794060
1867  4.667500  -0.084800244092
1868  4.670000  -0.076126124037
1869  4.672500  -0.066912026581
1870  4.675000  -0.057370627897
1871  4.677500  -0.047714424063
1872  4.680000  -0.038150535705
1873  4.682500  -0.028875711105
1874  4.685000  -0.020071652416
1875  4.687500  -0.011900780936
1876  4.690000  -0.004502545727
1877  4.692500  0.002009634404
1878  4.695000  0.007550722054
1879  4.697500  0.012065650388
1880  4.700000  0.015530114884
1881  4.702500  0.017950552852
1882  4.705000  0.019363316789
1883  4.707500  0.019833068366
1884  4.710000  0.019450439817
1885  4.712500  0.018329028211
1886  4.715000  0.016601805142
1887  4.717500  0.014417039183
1888  4.720000  0.011933840823
1889  4.722500  0.009317449068
1890  4.725000  0.006734385284
1891  4.727500  0.004347603032
1892  4.730000  0.002311762444
1893  4.732500  0.000768754242
1894  4.735000  -0.000156408267
1895  4.737500  -0.000359220598
1896  4.740000  0.000241254109
1897  4.742500  0.001699979892
1898  4.745000  0.004044260213
1899  4.747500  0.007272812738
1900  4.750000  0.011355631761
1901  4.752500  0.016234642824
1902  4.755000  0.021825133312
1903  4.757500  0.028017922557
1904  4.760000  0.034682215526
1905  4.762500  0.041669066287
1906  4.765000  0.048815361333
1907  4.767500  0.055948219118
1908  4.770000  0.062889691059
1909  4.772500  0.069461641093
1910  4.775000  0.075490675911
1911  4.777500  0.080812996271
1912  4.780000  0.085279041434
1913  4.782500  0.088757803711
1914  4.785000  0.091140698199
1915  4.787500  0.092344883871
1916  4.790000  0.092315945974
1917  4.792500  0.091029865774
1918  4.795000  0.088494221751
1919  4.797500  0.084748585882
1920  4.800000  0.079864099116
1921  4.802500  0.073942231131
1922  4.805000  0.067112750339
1923  4.807500  0.059530950347
1924  4.810000  0.051374198258
1925  4.812500  0.042837887680
1926  4.815000  0.034130894806
1927  4.817500  0.025470648877
1928  4.820000  0.017077938577
1929  4.822500  0.009171583040
1930  4.825000  0.001963100004
1931  4.827500  -0.004348495738
1932  4.830000  -0.009581633314
1933  4.832500  -0.013576742002
1934  4.835000  -0.016200307779
1935  4.837500  -0.017348327470
1936  4.840000  -0.016949072549
1937  4.842500  -0.014965091659
1938  4.845000  -0.011394399798
1939  4.847500  -0.006270822233
1940  4.850000  0.000336517740
1941  4.852500  0.008324556822
1942  4.855000  0.017558464079
1943  4.857500  0.027874575931
1944  4.860000  0.039084023063
1945  4.862500  0.050976961312
1946  4.865000  0.063327303585
1947  4.867500  0.075897837382
1948  4.870000  0.088445603000
1949  4.872500  0.100727401022
1950  4.875000  0.112505294630
1951  4.877500  0.123551972505
1952  4.880000  0.133655841724
1953  4.882500  0.142625726939
1954  4.885000  0.150295062151
1955  4.887500  0.156525474207
1956  4.890000  0.161209672518
1957  4.892500  0.164273576981
1958  4.895000  0.165677635258
1959  4.897500  0.165417300918
1960  4.900000  0.163522665030
1961  4.902500  0.160057254937
1962  4.905000  0.155116034806
1963  4.907500  0.148822662399
1964  4.910000  0.141326074995
1965  4.912500  0.132796493993
1966  4.915000  0.123420951999
1967  4.917500  0.113398457829
1968  4.920000  0.102934923535
1969  4.922500  0.092237983057
1970  4.925000  0.081511834300
1971  4.927500  0.070952235294
1972  4.930000  0.060741780579
1973  4.932500  0.051045576318
1974  4.935000  0.042007421926
1975  4.937500  0.033746592589
1976  4.940000  0.026355301300
1977  4.942500  0.019896901212
1978  4.945000  0.014404869889
1979  4.947500  0.009882596692
1980  4.950000  0.006303973755
1981  4.952500  0.003614770219
1982  4.955000  0.001734749206
1983  4.957500  0.000560467844
1984  4.960000  -0.000031316864
1985  4.962500  -0.000179729113
1986  4.965000  -0.000035448202
1987  4.967500  0.000243908427
1988  4.970000  0.000498569383
1989  4.972500  0.000571432916
1990  4.975000  0.000312801237
1991  4.977500  -0.000415100664
1992  4.980000  -0.001733942166
1993  4.982500  -0.003745551799
1994  4.985000  -0.006528729563
1995  4.987500  -0.010136692386
1996  4.990000  -0.014595221792
1997  4.992500  -0.019901564531
1998  4.995000  -0.026024117264
1999  4.997500  -0.032902905935
2000  5.000000  -0.040450849719
2001  5.002500  -0.048555778901
2002  5.005000  -0.057083156304
2003  5.007500  -0.065879433401
2004  5.010000  -0.074775955547
2005  5.012500  -0.083593316190
2006  5.015000  -0.092146047975
2007  5.017500  -0.100247529512
2008  5.020000  -0.107714980581
2009  5.022500  -0.114374415771
2010  5.025000  -0.120065427171
2011  5.027500  -0.124645670605
2012  5.030000  -0.127994937047
2013  5.032500  -0.130018701066
2014  5.035000  -0.130651051081
2015  5.037500  -0.129856921722
2016  5.040000  -0.127633566056
2017  5.042500  -0.124011224642
2018  5.045000  -0.119052968653
2019  5.047500  -0.112853715250
2020  5.050000  -0.105538434431
2021  5.052500  -0.097259587139
2022  5.055000  -0.088193854100
2023  5.057500  -0.078538232969
2024  5.060000  -0.068505597660
2025  5.062500  -0.058319827599
2026  5.065000  -0.048210625863
2027  5.067500  -0.038408153388
2028  5.070000  -0.029137611444
2029  5.072500  -0.020613906278
2030  5.075000  -0.013036528146
2031  5.077500  -0.006584771940
2032  5.080000  -0.001413418394
2033  5.082500  0.002351016375
2034  5.085000  0.004613369202
2035  5.087500  0.005312178607
2036  5.090000  0.004421234757
2037  5.092500  0.001950291262
2038  5.095000  -0.002055079764
2039  5.097500  -0.007514486721
2040  5.100000  -0.014314547694
2041  5.102500  -0.022311505279
2042  5.105000  -0.031334563042
2043  5.107500  -0.041189861685
2044  5.110000  -0.051664997169
2045  5.112500  -0.062533969680
2046  5.115000  -0.073562441689
2047  5.117500  -0.084513175897
2048  5.120000  -0.095151519546
2049  5.122500  -0.105250800664
2050  5.125000  -0.114597504281
2051  5.127500  -0.122996102433
2052  5.130000  -0.130273420676
2053  5.132500  -0.136282435749
2054  5.135000  -0.140905413481
2055  5.137500  -0.144056312847
2056  5.140000  -0.145682400649
2057  5.142500  -0.145765041266
2058  5.145000  -0.144319646771
2059  5.147500  -0.141394793806
2060  5.150000  -0.137070534599
2061  5.152500  -0.131455949656
2062  5.155000  -0.124686008660
2063  5.157500  -0.116917823262
2064  5.160000  -0.108326390560
2065  5.162500  -0.099099938523
2066  5.165000  -0.089434994273
2067  5.167500  -0.079531302691
2068  5.170000  -0.069586726079
2069  5.172500  -0.059792255543
2070  5.175000  -0.050327261395
2071  5.177500  -0.041355103180
2072  5.180000  -0.033019210269
2073  5.182500  -0.025439731385
2074  5.185000  -0.018710836450
2075  5.187500  -0.012898736950
2076  5.190000  -0.008040472278
2077  5.192500  -0.004143489487
2078  5.195000  -0.001186023252
2079  5.197500  0.000881737949
2080  5.200000  0.002135733831
2081  5.202500  0.002675416353
2082  5.205000  0.002620507766
2083  5.207500  0.002107220795
2084  5.210000  0.001284042986
2085  5.212500  0.000307198507
2086  5.215000  -0.000664091003
2087  5.217500  -0.001472419768
2088  5.220000  -0.001966956742
2089  5.222500  -0.002008022795
2090  5.225000  -0.001471363746
2091  5.227500  -0.000252004669
2092  5.230000  0.001732418233
2093  5.232500  0.004538938335
2094  5.235000  0.008197226110
2095  5.237500  0.012708299881
2096  5.240000  0.018044016905
2097  5.242500  0.024147361600
2098  5.245000  0.030933526954
2099  5.247500  0.038291764521
2100  5.250000  0.046087958263
2101  5.252500  0.054167858600
2102  5.255000  0.062360895633
2103  5.257500  0.070484475205
2104  5.260000  0.078348648635
2105  5.262500  0.085761036838
2106  5.265000  0.092531882547
2107  5.267500  0.098479100507
2108  5.270000  0.103433195043
2109  5.272500  0.107241917248
2110  5.275000  0.109774540180
2111  5.277500  0.110925639689
2112  5.280000  0.110618280673
2113  5.282500  0.108806523263
2114  5.285000  0.105477180399
2115  5.287500  0.100650777003
2116  5.290000  0.094381680967
2117  5.292500  0.086757397069
2118  5.295000  0.077897036012
2119  5.297500  0.067948991663
2120  5.300000  0.057087879664
2121  5.302500  0.045510809299
2122  5.305000  0.033433077566
2123  5.307500  0.021083389108
2124  5.310000  0.008698717922
2125  5.312500  -0.003481064023
2126  5.315000  -0.015218659910
2127  5.317500  -0.026284788775
2128  5.320000  -0.036463460135
2129  5.322500  -0.045556952761
2130  5.325000  -0.053390374973
2131  5.327500  -0.059815694056
2132  5.330000  -0.064715135476
2133  5.332500  -0.068003868123
2134  5.335000  -0.069631909499
2135  5.337500  -0.069585204103
2136  5.340000  -0.067885848774
2137  5.342500  -0.064591459937
2138  5.345000  -0.059793698998
2139  5.347500  -0.053615993001
2140  5.350000  -0.046210507621
2141  5.352500  -0.037754448057
2142  5.355000  -0.028445779989
2143  5.357500  -0.018498477010
2144  5.360000  -0.008137412537
2145  5.362500  0.002406977211
2146  5.365000  0.012904127175
2147  5.367500  0.023128740262
2148  5.370000  0.032866014232
2149  5.372500  0.041916570512
2150  5.375000  0.050100964639
2151  5.377500  0.057263668928
2152  5.380000  0.063276431542
2153  5.382500  0.068040932159
2154  5.385000  0.071490672408
2155  5.387500  0.073592058746
2156  5.390000  0.074344655975
2157  5.392500  0.073780610656
2158  5.395000  0.071963264629
2159  5.397500  0.068984999351
2160  5.400000  0.064964371059
2161  5.402500  0.060042614576
2162  5.405000  0.054379609336
2163  5.407500  0.048149414510
2164  5.410000  0.041535490712
2165  5.412500  0.034725733304
2166  5.415000  0.027907446647
2167  5.417500  0.021262389665
2168  5.420000  0.014962020753
2169  5.422500  0.009163064484
2170  5.425000  0.004003513787
2171  5.427500  -0.000400830326
2172  5.430000  -0.003959193663
2173  5.432500  -0.006607967043
2174  5.435000  -0.008312094702
2175  5.437500  -0.009065679483
2176  5.440000  -0.008891791806
2177  5.442500  -0.007841490228
2178  5.445000  -0.005992081901
2179  5.447500  -0.003444671052
2180  5.450000  -0.000321062158
2181  5.452500  0.003239898755
2182  5.455000  0.007086446571
2183  5.457500  0.011058373134
2184  5.460000  0.014991737452
2185  5.462500  0.018723684475
2186  5.465000  0.022097243964
2187  5.467500  0.024965981375
2188  5.470000  0.027198376421
2189  5.472500  0.028681811916
2190  5.475000  0.029326065502
2191  5.477500  0.029066209621
2192  5.480000  0.027864840356
2193  5.482500  0.025713573035
2194  5.485000  0.022633761464
2195  5.487500  0.018676417708
2196  5.490000  0.013921330051
2197  5.492500  0.008475397588
2198  5.495000  0.002470220256
2199  5.497500  -0.003940997458
2200  5.500000  -0.010587152943
2201  5.502500  -0.017283469772
2202  5.505000  -0.023836133940
2203  5.507500  -0.030047225047
2204  5.510000  -0.035719817349
2205  5.512500  -0.040663120768
2206  5.515000  -0.044697530307
2207  5.517500  -0.047659454162
2208  5.520000  -0.049405795859
2209  5.522500  -0.049817974046
2210  5.525000  -0.048805374836
2211  5.527500  -0.046308145537
2212  5.530000  -0.042299254931
2213  5.532500  -0.036785763497
2214  5.535000  -0.029809266698
2215  5.537500  -0.021445495161
2216  5.540000  -0.011803076719
2217  5.542500  -0.001021486357
2218  5.545000  0.010731769436
2219  5.547500  0.023264668087
2220  5.550000  0.036364802637
2221  5.552500  0.049804030562
2222  5.555000  0.063343527469
2223  5.557500  0.076739123047
2224  5.560000  0.089746789382
2225  5.562500  0.102128147758
2226  5.565000  0.113655859395
2227  5.567500  0.124118768302
2228  5.570000  0.133326670460
2229  5.572500  0.141114592747
2230  5.575000  0.147346477147
2231  5.577500  0.151918180486
2232  5.580000  0.154759717015
2233  5.582500  0.155836689867
2234  5.585000  0.155150877686
2235  5.587500  0.152739963633
2236  5.590000  0.148676415335
2237  5.592500  0.143065545394
2238  5.595000  0.136042802381
2239  5.597500  0.127770361291
2240  5.600000  0.118433099686
2241  5.602500  0.108234060876
2242  5.605000  0.097389517974
2243  5.607500  0.086123762316
2244  5.610000  0.074663746234
2245  5.612500  0.063233713414
2246  5.615000  0.052049949891
2247  5.617500  0.041315785279
2248  5.620000  0.031216967045
2249  5.622500  0.021917520801
2250  5.625000  0.013556196878
2251  5.627500  0.006243588306
2252  5.630000  0.000059987942
2253  5.632500  -0.004945966439
2254  5.635000  -0.008757830493
2255  5.637500  -0.011391067355
2256  5.640000  -0.012891950626
2257  5.642500  -0.013335690179
2258  5.645000  -0.012823834356
2259  5.647500  -0.011481020404
2260  5.650000  -0.009451161415
2261  5.652500  -0.006893172149
2262  5.655000  -0.003976347558
2263  5.657500  -0.000875516365
2264  5.660000  0.002233902592
2265  5.662500  0.005180811485
2266  5.665000  0.007803183563
2267  5.667500  0.009952528235
2268  5.670000  0.011497954964
2269  5.672500  0.012329730520
2270  5.675000  0.012362237559
2271  5.677500  0.011536258295
2272  5.680000  0.009820524752
2273  5.682500  0.007212496322
2274  5.685000  0.003738345597
2275  5.687500  -0.000547845895
2276  5.690000  -0.005565659729
2277  5.692500  -0.011210638034
2278  5.695000  -0.017357245015
2279  5.697500  -0.023862413856
2280  5.700000  -0.030569584927
2281  5.702500  -0.037313128347
2282  5.705000  -0.043923033784
2283  5.707500  -0.050229743235
2284  5.710000  -0.056068998622
2285  5.712500  -0.061286575427
2286  5.715000  -0.065742776285
2287  5.717500  -0.069316564449
2288  5.720000  -0.071909226120
2289  5.722500  -0.073447462583
2290  5.725000  -0.073885827640
2291  5.727500  -0.073208442571
2292  5.730000  -0.071429939352
2293  5.732500  -0.068595602709
2294  5.735000  -0.064780702174
2295  5.737500  -0.060089026223
2296  5.740000  -0.054650651195
2297  5.742500  -0.048618997516
2298  5.745000  -0.042167244310
2299  5.747500  -0.035484190219
2300  5.750000  -0.028769662830
2301  5.752500  -0.022229591059
2302  5.755000  -0.016070863959
2303  5.757500  -0.010496105358
2304  5.760000  -0.005698496425
2305  5.762500  -0.001856777582
2306  5.765000  0.000869442827
2307  5.767500  0.002343952968
2308  5.770000  0.002457665226
2309  5.772500  0.001131710502
2310  5.775000  -0.001680181980
2311  5.777500  -0.005990082753
2312  5.780000  -0.011775082129
2313  5.782500  -0.018977355743
2314  5.785000  -0.027505078090
2315  5.787500  -0.037234165310
2316  5.790000  -0.048010807716
2317  5.792500  -0.059654732734
2318  5.795000  -0.071963120594
2319  5.797500  -0.084715078709
2320  5.800000  -0.097676566598
2321  5.802500  -0.110605651854
2322  5.805000  -0.123257969295
2323  5.807500  -0.135392250277
2324  5.810000  -0.146775787293
2325  5.812500  -0.157189700570
2326  5.815000  -0.166433878248
2327  5.817500  -0.174331469862
2328  5.820000  -0.180732823957
2329  5.822500  -0.185518774564
2330  5.825000  -0.188603197485
2331  5.827500  -0.189934775575
2332  5.830000  -0.189497931939
2333  5.832500  -0.187312910699
2334  5.835000  -0.183435006233
2335  5.837500  -0.177952962960
2336  5.840000  -0.170986588343
2337  5.842500  -0.162683641304
2338  5.845000  -0.153216076105
2339  5.847500  -0.142775737638
2340  5.850000  -0.131569617457
2341  5.852500  -0.119814790504
2342  5.855000  -0.107733160085
2343  5.857500  -0.095546142957
2344  5.860000  -0.083469427414
2345  5.862500  -0.071707934880
2346  5.865000  -0.060451109864
2347  5.867500  -0.049868654306
2348  5.870000  -0.040106810623
2349  5.872500  -0.031285283398
2350  5.875000  -0.023494873064
2351  5.877500  -0.016795876485
2352  5.880000  -0.011217289580
2353  5.882500  -0.006756826484
2354  5.885000  -0.003381748803
2355  5.887500  -0.001030477800
2356  5.890000  0.000385057684
2357  5.892500  0.000976403451
2358  5.895000  0.000874975227
2359  5.897500  0.000227964765
2360  5.900000  -0.000806133195
2361  5.902500  -0.002062253589
2362  5.905000  -0.003373627457
2363  5.907500  -0.004576653168
2364  5.910000  -0.005515643675
2365  5.912500  -0.006047324600
2366  5.915000  -0.006044964680
2367  5.917500  -0.005402029939
2368  5.920000  -0.004035265551
2369  5.922500  -0.001887124429
2370  5.925000  0.001072521241
2371  5.927500  0.004845430538
2372  5.930000  0.009404831437
2373  5.932500  0.014696049983
2374  5.935000  0.020637914720
2375  5.937500  0.027124899814
2376  5.940000  0.034029950911
2377  5.942500  0.041207919896
2378  5.945000  0.048499518669
2379  5.947500  0.055735688337
2380  5.950000  0.062742269197
2381  5.952500  0.069344848774
2382  5.955000  0.075373660230
2383  5.957500  0.080668401835
2384  5.960000  0.085082849856
2385  5.962500  0.088489142211
2386  5.965000  0.090781618380
2387  5.967500  0.091880112172
2388  5.970000  0.091732607761
2389  5.972500  0.090317185508
2390  5.975000  0.087643202166
2391  5.977500  0.083751669540
2392  5.980000  0.078714816209
2393  5.982500  0.072634837777
2394  5.985000  0.065641862010
2395  5.987500  0.057891175396
2396  5.990000  0.049559776741
2397  5.992500  0.040842340880
2398  5.995000  0.031946690917
2399  5.997500  0.023088890358
2400  6.000000  0.014488076563
2401  6.002500  0.006361163999
2402  6.005000  -0.001082450406
2403  6.007500  -0.007646047101
2404  6.010000  -0.013150479106
2405  6.012500  -0.017438678949
2406  6.015000  -0.020379663080
2407  6.017500  -0.021871931718
2408  6.020000  -0.021846176970
2409  6.022500  -0.020267229100
2410  6.025000  -0.017135189724
2411  6.027500  -0.012485720862
2412  6.030000  -0.006389479810
2413  6.032500  0.001049288952
2414  6.035000  0.009694972571
2415  6.037500  0.019383566867
2416  6.040000  0.029926340219
2417  6.042500  0.041114095724
2418  6.045000  0.052721928135
2419  6.047500  0.064514359743
2420  6.050000  0.076250729900
2421  6.052500  0.087690706614
2422  6.055000  0.098599785610
2423  6.057500  0.108754642655
2424  6.060000  0.117948208653
2425  6.062500  0.125994344078
2426  6.065000  0.132731999360
2427  6.067500  0.138028760822
2428  6.070000  0.141783697202
2429  6.072500  0.143929439347
2430  6.075000  0.144433444928
2431  6.077500  0.143298420424
2432  6.080000  0.140561893704
2433  6.082500  0.136294951792
2434  6.085000  0.130600179168
2435  6.087500  0.123608851879
2436  6.090000  0.115477461163
2437  6.092500  0.106383656869
2438  6.095000  0.096521715168
2439  6.097500  0.086097646632
2440  6.100000  0.075324069372
2441  6.102500  0.064414977322
2442  6.105000  0.053580535907
2443  6.107500  0.043022036063
2444  6.110000  0.032927133037
2445  6.112500  0.023465488590
2446  6.115000  0.014784924503
2447  6.117500  0.007008181763
2448  6.120000  0.000230363948
2449  6.122500  -0.005482874471
2450  6.125000  -0.010096353581
2451  6.127500  -0.013605586184
2452  6.130000  -0.016036188530
2453  6.132500  -0.017442504218
2454  6.135000  -0.017905482147
2455  6.137500  -0.017529868493
2456  6.140000  -0.016440790263
2457  6.142500  -0.014779823508
2458  6.145000  -0.012700652369
2459  6.147500  -0.010364435502
2460  6.150000  -0.007935003744
2461  6.152500  -0.005574017022
2462  6.155000  -0.003436209310
2463  6.157500  -0.001664847949
2464  6.160000  -0.000387527856
2465  6.162500  0.000287587717
2466  6.165000  0.000274979989
2467  6.167500  -0.000485644519
2468  6.170000  -0.002027474127
2469  6.172500  -0.004355463757
2470  6.175000  -0.007445989309
2471  6.177500  -0.011247295188
2472  6.180000  -0.015680724774
2473  6.182500  -0.020642703123
2474  6.185000  -0.026007421478
2475  6.187500  -0.031630154730
2476  6.190000  -0.037351126290
2477  6.192500  -0.042999820345
2478  6.195000  -0.048399629549
2479  6.197500  -0.053372717124
2480  6.200000  -0.057744966413
2481  6.202500  -0.061350888216
2482  6.205000  -0.064038356898
2483  6.207500  -0.065673050199
2484  6.210000  -0.066142474871
2485  6.212500  -0.065359470502
2486  6.215000  -0.063265096883
2487  6.217500  -0.059830825754
2488  6.220000  -0.055059975301
2489  6.222500  -0.048988344935
2490  6.225000  -0.041684028144
2491  6.227500  -0.033246402165
2492  6.230000  -0.023804314148
2493  6.232500  -0.013513504090
2494  6.235000  -0.002553324324
2495  6.237500  0.008877166512
2496  6.240000  0.020563640985
2497  6.242500  0.032281363967
2498  6.245000  0.043800358361
2499  6.247500  0.054890748364
2500  6.250000  0.065328148244
2501  6.252500  0.074898963043
2502  6.255000  0.083405469381
2503  6.257500  0.090670549646
2504  6.260000  0.096541961184
2505  6.262500  0.100896033402
2506  6.265000  0.103640699725
2507  6.267500  0.104717787744
2508  6.270000  0.104104509214
2509  6.272500  0.101814111396
2510  6.275000  0.097895672043
2511  6.277500  0.092433041591
2512  6.280000  0.085542957325
2513  6.282500  0.077372374877
2514  6.285000  0.068095081841
2515  6.287500  0.057907676157
2516  6.290000  0.047025007661
2517  6.292500  0.035675194478
2518  6.295000  0.024094336448
2519  6.297500  0.012521055157
2520  6.300000  0.001190994355
2521  6.302500  -0.009668584706
2522  6.305000  -0.019843981025
2523  6.307500  -0.029139878585
2524  6.310000  -0.037383701027
2525  6.312500  -0.044429391187
2526  6.315000  -0.050160525005
2527  6.317500  -0.054492686189
2528  6.320000  -0.057375046671
2529  6.322500  -0.058791117942
2530  6.325000  -0.058758659197
2531  6.327500  -0.057328749423
2532  6.330000  -0.054584051503
2533  6.332500  -0.050636316632
2534  6.335000  -0.045623196256
2535  6.337500  -0.039704445960
2536  6.340000  -0.033057620717
2537  6.342500  -0.025873373406
2538  6.345000  -0.018350478051
2539  6.347500  -0.010690705748
2540  6.350000  -0.003093684432
2541  6.352500  0.004248126479
2542  6.355000  0.011154219028
2543  6.357500  0.017460456416
2544  6.360000  0.023023018402
2545  6.362500  0.027721773988
2546  6.365000  0.031462998025
2547  6.367500  0.034181365602
2548  6.370000  0.035841176913
2549  6.372500  0.036436785324
2550  6.375000  0.035992222062
2551  6.377500  0.034560031730
2552  6.380000  0.032219353321
2553  6.382500  0.029073300822
2554  6.385000  0.025245715622
2555  6.387500  0.020877379076
2556  6.390000  0.016121787467
2557  6.392500  0.011140602830
2558  6.395000  0.006098901378
2559  6.397500  0.001160346402
2560  6.400000  -0.003517585643
2561  6.402500  -0.007788198632
2562  6.405000  -0.011519867379
2563  6.407500  -0.014599910856
2564  6.410000  -0.016937944389
2565  6.412500  -0.018468620818
2566  6.415000  -0.019153686498
2567  6.417500  -0.018983295892
2568  6.420000  -0.017976547784
2569  6.422500  -0.016181226474
2570  6.425000  -0.013672752006
2571  6.427500  -0.010552364165
2572  6.430000  -0.006944585021
2573  6.432500  -0.002994023705
2574  6.435000  0.001138395585
2575  6.437500  0.005279686092
2576  6.440000  0.009249422502
2577  6.442500  0.012864617365
2578  6.445000  0.015944723923
2579  6.447500  0.018316635569
2580  6.450000  0.019819551740
2581  6.452500  0.020309582970
2582  6.455000  0.019663974009
2583  6.457500  0.017784833221
2584  6.460000  0.014602268655
2585  6.462500  0.010076845948
2586  6.465000  0.004201300174
2587  6.467500  -0.002998547488
2588  6.470000  -0.011463697392
2589  6.472500  -0.021102711635
2590  6.475000  -0.031793274034
2591  6.477500  -0.043384536252
2592  6.480000  -0.055700196438
2593  6.482500  -0.068542238049
2594  6.485000  -0.081695239638
2595  6.487500  -0.094931151673
2596  6.490000  -0.108014424383
2597  6.492500  -0.120707361460
2598  6.495000  -0.132775568368
2599  6.497500  -0.143993361300
2600  6.500000  -0.154149003442
2601  6.502500  -0.163049639186
2602  6.505000  -0.170525804186
2603  6.507500  -0.176435399477
2604  6.510000  -0.180667031032
2605  6.512500  -0.183142631740
2606  6.515000  -0.183819300572
2607  6.517500  -0.182690313034
2608  6.520000  -0.179785277585
2609  6.522500  -0.175169433864
2610  6.525000  -0.168942109884
2611  6.527500  -0.161234376189
2612  6.530000  -0.152205954906
2613  6.532500  -0.142041460049
2614  6.535000  -0.130946061980
2615  6.537500  -0.119140683095
2616  6.540000  -0.106856843311
2617  6.542500  -0.094331282413
2618  6.545000  -0.081800491646
2619  6.547500  -0.069495288881
2620  6.550000  -0.057635570299
2621  6.552500  -0.046425366785
2622  6.555000  -0.036048325259
2623  6.557500  -0.026663724194
2624  6.560000  -0.018403118873
2625  6.562500  -0.011367695840
2626  6.565000  -0.005626397945
2627  6.567500  -0.001214861819
2628  6.570000  0.001864810997
2629  6.572500  0.003643449079
2630  6.575000  0.004183393178
2631  6.577500  0.003576306627
2632  6.580000  0.001940274754
2633  6.582500  -0.000583728250
2634  6.585000  -0.003835910839
2635  6.587500  -0.007642166547
2636  6.590000  -0.011818889338
2637  6.592500  -0.016177976394
2638  6.595000  -0.020531888585
2639  6.597500  -0.024698637897
2640  6.600000  -0.028506573509
2641  6.602500  -0.031798843880
2642  6.605000  -0.034437420986
2643  6.607500  -0.036306584581
2644  6.610000  -0.037315778626
2645  6.612500  -0.037401768575
2646  6.615000  -0.036530046537
2647  6.617500  -0.034695450974
2648  6.620000  -0.031921988103
2649  6.622500  -0.028261862960
2650  6.625000  -0.023793748608
2651  6.627500  -0.018620341807
2652  6.630000  -0.012865271954
2653  6.632500  -0.006669446902
2654  6.635000  -0.000186933885
2655  6.637500  0.006419514197
2656  6.640000  0.012983167614
2657  6.642500  0.019338138201
2658  6.645000  0.025324178813
2659  6.647500  0.030791335863
2660  6.650000  0.035604330692
2661  6.652500  0.039646552523
2662  6.655000  0.042823555774
2663  6.657500  0.045065967304
2664  6.660000  0.046331724411
2665  6.662500  0.046607581736
2666  6.665000  0.045909844157
2667  6.667500  0.044284302804
2668  6.670000  0.041805372057
2669  6.672500  0.038574446130
2670  6.675000  0.034717514199
2671  6.677500  0.030382092393
2672  6.680000  0.025733548879
2673  6.682500  0.020950914247
2674  6.685000  0.016222283060
2675  6.687500  0.011739923370
2676  6.690000  0.007695219037
2677  6.692500  0.004273574430
2678  6.695000  0.001649412654
2679  6.697500  -0.000018603433
2680  6.700000  -0.000592003314
2681  6.702500  0.000043521779
2682  6.705000  0.001974716606
2683  6.707500  0.005258017261
2684  6.710000  0.009917538275
2685  6.712500  0.015943847337
2686  6.715000  0.023293563789
2687  6.717500  0.031889796364
2688  6.720000  0.041623414511
2689  6.722500  0.052355126617
2690  6.725000  0.063918318051
2691  6.727500  0.076122582689
2692  6.730000  0.088757863989
2693  6.732500  0.101599106136
2694  6.735000  0.114411302750
2695  6.737500  0.126954820417
2696  6.740000  0.138990867131
2697  6.742500  0.150286971864
2698  6.745000  0.160622340915
2699  6.747500  0.169792959556
2700  6.750000  0.177616313606
2701  6.752500  0.183935614892
2702  6.755000  0.188623426732
2703  6.757500  0.191584600457
2704  6.760000  0.192758450978
2705  6.762500  0.192120118358
2706  6.765000  0.189681082473
2707  6.767500  0.185488818941
2708  6.770000  0.179625605747
2709  6.772500  0.172206511113
2710  6.775000  0.163376613413
2711  6.777500  0.153307522953
2712  6.780000  0.142193292637
2713  6.782500  0.130245819604
2714  6.785000  0.117689852315
2715  6.787500  0.104757727152
2716  6.790000  0.091683964990
2717  6.792500  0.078699861338
2718  6.795000  0.066028203376
2719  6.797500  0.053878243646
2720  6.800000  0.042441053257
2721  6.802500  0.031885367541
2722  6.805000  0.022354024290
2723  6.807500  0.013961079446
2724  6.810000  0.006789667703
2725  6.812500  0.000890656429
2726  6.815000  -0.003717878917
2727  6.817500  -0.007050350628
2728  6.820000  -0.009152539624
2729  6.822500  -0.010099695770
2730  6.825000  -0.009993911776
2731  6.827500  -0.008960843068
2732  6.830000  -0.007145862448
2733  6.832500  -0.004709752412
2734  6.835000  -0.001824049441
2735  6.837500  0.001333836967
2736  6.840000  0.004585602415
2737  6.842500  0.007756992793
2738  6.845000  0.010682587727
2739  6.847500  0.013210298156
2740  6.850000  0.015205461676
2741  6.852500  0.016554430106
2742  6.855000  0.017167557190
2743  6.857500  0.016981510198
2744  6.860000  0.015960846967
2745  6.862500  0.014098819165
2746  6.865000  0.011417382837
2747  6.867500  0.007966417980
2748  6.870000  0.003822179586
2749  6.872500  -0.000914977405
2750  6.875000  -0.006123537771
2751  6.877500  -0.011664351555
2752  6.880000  -0.017384651358
2753  6.882500  -0.023122454426
2754  6.885000  -0.028711232440
2755  6.887500  -0.033984724816
2756  6.890000  -0.038781767489
2757  6.892500  -0.042951008532
2758  6.895000  -0.046355384759
2759  6.897500  -0.048876239459
2760  6.900000  -0.050416970518
2761  6.902500  -0.050906110195
2762  6.905000  -0.050299752348
2763  6.907500  -0.048583259679
2764  6.910000  -0.045772202066
2765  6.912500  -0.041912496878
2766  6.915000  -0.037079742749
2767  6.917500  -0.031377759158
2768  6.920000  -0.024936364747
2769  6.922500  -0.017908447077
2770  6.925000  -0.010466395026
2771  6.927500  -0.002797981686
2772  6.930000  0.004898199852
2773  6.932500  0.012417633607
2774  6.935000  0.019554987412
2775  6.937500  0.026109300115
2776  6.940000  0.031889117514
2777  6.942500  0.036717446076
2778  6.945000  0.040436397536
2779  6.947500  0.042911404837
2780  6.950000  0.044034900233
2781  6.952500  0.043729359586
2782  6.955000  0.041949632504
2783  6.957500  0.038684495713
2784  6.960000  0.033957386385
2785  6.962500  0.027826292620
2786  6.965000  0.020382799377
2787  6.967500  0.011750309337
2788  6.970000  0.002081478876
2789  6.972500  -0.008445070889
2790  6.975000  -0.019628689780
2791  6.977500  -0.031251186438
2792  6.980000  -0.043081759882
2793  6.982500  -0.054882255005
2794  6.985000  -0.066412613987
2795  6.987500  -0.077436390559
2796  6.990000  -0.087726192343
2797  6.992500  -0.097068918162
2798  6.995000  -0.105270662222
2799  6.997500  -0.112161165305
2800  7.000000  -0.117597704321
2801  7.002500  -0.121468325554
2802  7.005000  -0.123694343256
2803  7.007500  -0.124232043518
2804  7.010000  -0.123073553151
2805  7.012500  -0.120246854095
2806  7.015000  -0.115814945112
2807  7.017500  -0.109874173730
2808  7.020000  -0.102551781984
2809  7.022500  -0.094002728974
2810  7.025000  -0.084405871129
2811  7.027500  -0.073959596855
2812  7.030000  -0.062877025598
2813  7.032500  -0.051380891899
2814  7.035000  -0.039698242507
2815  7.037500  -0.028055078873
2816  7.040000  -0.016671078241
2817  7.042500  -0.005754524108
2818  7.045000  0.004502428962
2819  7.047500  0.013928040081
2820  7.050000  0.022374712071
2821  7.052500  0.029722076968
2822  7.055000  0.035879363881
2823  7.057500  0.040786994549
2824  7.060000  0.044417371826
2825  7.062500  0.046774846966
2826  7.065000  0.047894872602
2827  7.067500  0.047842369040
2828  7.070000  0.046709351514
2829  7.072500  0.044611884779
2830  7.075000  0.041686448429
2831  7.077500  0.038085811115
2832  7.080000  0.033974524163
2833  7.082500  0.029524154463
2834  7.085000  0.024908382844
2835  7.087500  0.020298097194
2836  7.090000  0.015856609329
2837  7.092500  0.011735121021
2838  7.095000  0.008068557775
2839  7.097500  0.004971879102
2840  7.100000  0.002536961359
2841  7.102500  0.000830134133
2842  7.105000  -0.000109566066
2843  7.107500  -0.000271379845
2844  7.110000  0.000326978256
2845  7.112500  0.001639914548
2846  7.115000  0.003595326220
2847  7.117500  0.006096709966
2848  7.120000  0.009025953233
2849  7.122500  0.012246734210
2850  7.125000  0.015608440708
2851  7.127500  0.018950504366
2852  7.130000  0.022107035667
2853  7.132500  0.024911637167
2854  7.135000  0.027202267444
2855  7.137500  0.028826026702
2856  7.140000  0.029643736672
2857  7.142500  0.029534192487
2858  7.145000  0.028397972386
2859  7.147500  0.026160702260
2860  7.150000  0.022775685846
2861  7.152500  0.018225827556
2862  7.155000  0.012524792926
2863  7.157500  0.005717371239
2864  7.160000  -0.002120974718
2865  7.162500  -0.010885365885
2866  7.165000  -0.020443544475
2867  7.167500  -0.030638645022
2868  7.170000  -0.041292633106
2869  7.172500  -0.052210328537
2870  7.175000  -0.063183914524
2871  7.177500  -0.073997821508
2872  7.180000  -0.084433864349
2873  7.182500  -0.094276504590
2874  7.185000  -0.103318105843
2875  7.187500  -0.111364049950
2876  7.190000  -0.118237584613
2877  7.192500  -0.123784279442
2878  7.195000  -0.127875976780
2879  7.197500  -0.130414136026
2880  7.200000  -0.131332485006
2881  7.202500  -0.130598909122
2882  7.205000  -0.128216527842
2883  7.207500  -0.124223928353
2884  7.210000  -0.118694547135
2885  7.212500  -0.111735211511
2886  7.215000  -0.103483874203
2887  7.217500  -0.094106594089
2888  7.220000  -0.083793835240
2889  7.222500  -0.072756173383
2890  7.225000  -0.061219513785
2891  7.227500  -0.049419936795
2892  7.230000  -0.037598296626
2893  7.232500  -0.025994705151
2894  7.235000  -0.014843035359
2895  7.237500  -0.004365578638
2896  7.240000  0.005232013807
2897  7.242500  0.013765382221
2898  7.245000  0.021075589285
2899  7.247500  0.027032630874
2900  7.250000  0.031538242218
2901  7.252500  0.034527932685
2902  7.255000  0.035972201750
2903  7.257500  0.035876909176
2904  7.260000  0.034282793514
2905  7.262500  0.031264154339
2906  7.265000  0.026926734387
2907  7.267500  0.021404857687
2908  7.270000  0.014857898174
2909  7.272500  0.007466169802
2910  7.275000  -0.000573656639
2911  7.277500  -0.009053493299
2912  7.280000  -0.017759006400
2913  7.282500  -0.026474888129
2914  7.285000  -0.034990096698
2915  7.287500  -0.043102933260
2916  7.290000  -0.050625829082
2917  7.292500  -0.057389724183
2918  7.295000  -0.063247929538
2919  7.297500  -0.068079378504
2920  7.300000  -0.071791189062
2921  7.302500  -0.074320476375
2922  7.305000  -0.075635374547
2923  7.307500  -0.075735246881
2924  7.310000  -0.074650084810
2925  7.312500  -0.072439116480
2926  7.315000  -0.069188666250
2927  7.317500  -0.065009325467
2928  7.320000  -0.060032512464
2929  7.322500  -0.054406515223
2930  7.325000  -0.048292123224
2931  7.327500  -0.041857965345
2932  7.330000  -0.035275677956
2933  7.332500  -0.028715031425
2934  7.335000  -0.022339144053
2935  7.337500  -0.016299909883
2936  7.340000  -0.010733761018
2937  7.342500  -0.005757876148
2938  7.345000  -0.001466935205
2939  7.347500  0.002069494347
2940  7.350000  0.004808870625
2941  7.352500  0.006736839272
2942  7.355000  0.007867613315
2943  7.357500  0.008243560473
2944  7.360000  0.007934008218
2945  7.362500  0.007033297336
2946  7.365000  0.005658134467
2947  7.367500  0.003944312481
2948  7.370000  0.002042884192
2949  7.372500  0.000115889359
2950  7.375000  -0.001668253194
2951  7.377500  -0.003139567523
2952  7.380000  -0.004131429822
2953  7.382500  -0.004485435640
2954  7.385000  -0.004056096378
2955  7.387500  -0.002715240388
2956  7.390000  -0.000356001244
2957  7.392500  0.003103713992
2958  7.395000  0.007718370658
2959  7.397500  0.013512645163
2960  7.400000  0.020480017566
2961  7.402500  0.028582160007
2962  7.405000  0.037749142691
2963  7.407500  0.047880458226
2964  7.410000  0.058846844192
2965  7.412500  0.070492863308
2966  7.415000  0.082640181098
2967  7.417500  0.095091462900
2968  7.420000  0.107634796025
2969  7.422500  0.120048529123
2970  7.425000  0.132106409848
2971  7.427500  0.143582893842
2972  7.430000  0.154258493302
2973  7.432500  0.163925031852
2974  7.435000  0.172390674364
2975  7.437500  0.179484605533
2976  7.440000  0.185061239460
2977  7.442500  0.189003853846
2978  7.445000  0.191227556507
2979  7.447500  0.191681508371
2980  7.450000  0.190350345471
2981  7.452500  0.187254762315
2982  7.455000  0.182451239818
2983  7.457500  0.176030922259
2984  7.460000  0.168117668875
2985  7.462500  0.158865326283
2986  7.465000  0.148454287291
2987  7.467500  0.137087419438
2988  7.470000  0.124985462285
2989  7.472500  0.112382005682
2990  7.475000  0.099518171593
2991  7.477500  0.086637129422
2992  7.480000  0.073978578784
2993  7.482500  0.061773334378
2994  7.485000  0.050238144928
2995  7.487500  0.039570872141
2996  7.490000  0.029946146513
2997  7.492500  0.021511604690
2998  7.495000  0.014384798432
2999  7.497500  0.008650848291
