#n  real_time  lyapunov_exponential
0  0.000000 -inf
1  0.002500 -0.002977079672
2  0.005000 -0.004168947557
3  0.007500 -0.005958727859
4  0.010000 -0.008198140093
5  0.012500 -0.010858906814
6  0.015000 -0.013933172400
7  0.017500 -0.017418293894
8  0.020000 -0.021314607115
9  0.022500 -0.025623307714
10  0.025000 -0.030346552812
11  0.027500 -0.035486717634
12  0.030000 -0.041046772759
13  0.032500 -0.047029667958
14  0.035000 -0.053438688357
15  0.037500 -0.060277304449
16  0.040000 -0.067548929859
17  0.042500 -0.075256962995
18  0.045000 -0.083404614937
19  0.047500 -0.091994892310
20  0.050000 -0.101030445445
21  0.052500 -0.110513333023
22  0.055000 -0.120444718903
23  0.057500 -0.130824695290
24  0.060000 -0.141651937841
25  0.062500 -0.152923269569
26  0.065000 -0.164633061432
27  0.067500 -0.176772836241
28  0.070000 -0.189330094999
29  0.072500 -0.202287840684
30  0.075000 -0.215623308746
31  0.077500 -0.229306901756
32  0.080000 -0.243300883646
33  0.082500 -0.257558103954
34  0.085000 -0.272020881247
35  0.087500 -0.286619893588
36  0.090000 -0.301273785135
37  0.092500 -0.315889475258
38  0.095000 -0.330363454366
39  0.097500 -0.344584440431
40  0.100000 -0.358436800602
41  0.102500 -0.371805664091
42  0.105000 -0.384581941432
43  0.107500 -0.396667673327
44  0.110000 -0.407980374886
45  0.112500 -0.418455951780
46  0.115000 -0.428050166535
47  0.117500 -0.436738443514
48  0.120000 -0.444514086606
49  0.122500 -0.451386291329
50  0.125000 -0.457377267617
51  0.127500 -0.462519436697
52  0.130000 -0.466852677025
53  0.132500 -0.470422105353
54  0.135000 -0.473275994540
55  0.137500 -0.475464252702
56  0.140000 -0.477037097345
57  0.142500 -0.478044099398
58  0.145000 -0.478533753485
59  0.147500 -0.478552811737
60  0.150000 -0.478145883468
61  0.152500 -0.477355425182
62  0.155000 -0.476221647970
63  0.157500 -0.474782353728
64  0.160000 -0.473073161040
65  0.162500 -0.471127377999
66  0.165000 -0.468976144218
67  0.167500 -0.466648626459
68  0.170000 -0.464172060506
69  0.172500 -0.461571683723
70  0.175000 -0.458871149667
71  0.177500 -0.456092487858
72  0.180000 -0.453256210856
73  0.182500 -0.450381350761
74  0.185000 -0.447485713649
75  0.187500 -0.444585836760
76  0.190000 -0.441697096463
77  0.192500 -0.438833788586
78  0.195000 -0.436009211492
79  0.197500 -0.433235727470
80  0.200000 -0.430524776994
81  0.202500 -0.427886990189
82  0.205000 -0.425332249178
83  0.207500 -0.422869631248
84  0.210000 -0.420507549009
85  0.212500 -0.418253657506
86  0.215000 -0.416114936296
87  0.217500 -0.414097777309
88  0.220000 -0.412207866214
89  0.222500 -0.410450333257
90  0.225000 -0.408829625121
91  0.227500 -0.407349561830
92  0.230000 -0.406013353235
93  0.232500 -0.404823508377
94  0.235000 -0.403781926395
95  0.237500 -0.402889768926
96  0.240000 -0.402147496987
97  0.242500 -0.401554859845
98  0.245000 -0.401110809623
99  0.247500 -0.400813447765
100  0.250000 -0.400660107879
101  0.252500 -0.400647253081
102  0.255000 -0.400770417198
103  0.257500 -0.401024259350
104  0.260000 -0.401402475454
105  0.262500 -0.401897882130
106  0.265000 -0.402502346205
107  0.267500 -0.403206886706
108  0.270000 -0.404001668518
109  0.272500 -0.404876177425
110  0.275000 -0.405819160580
111  0.277500 -0.406818841211
112  0.280000 -0.407863067757
113  0.282500 -0.408939508737
114  0.285000 -0.410035661276
115  0.287500 -0.411139116466
116  0.290000 -0.412237892834
117  0.292500 -0.413320421314
118  0.295000 -0.414375752412
119  0.297500 -0.415393720164
120  0.300000 -0.416365101854
121  0.302500 -0.417281619379
122  0.305000 -0.418136112711
123  0.307500 -0.418922478070
124  0.310000 -0.419635782357
125  0.312500 -0.420272242679
126  0.315000 -0.420829142458
127  0.317500 -0.421304760344
128  0.320000 -0.421698447003
129  0.322500 -0.422010359185
130  0.325000 -0.422241533404
131  0.327500 -0.422393719370
132  0.330000 -0.422469347227
133  0.332500 -0.422471448120
134  0.335000 -0.422403502401
135  0.337500 -0.422269424433
136  0.340000 -0.422073565594
137  0.342500 -0.421820439022
138  0.345000 -0.421514814429
139  0.347500 -0.421161726052
140  0.350000 -0.420766227450
141  0.352500 -0.420333550809
142  0.355000 -0.419868918258
143  0.357500 -0.419377588649
144  0.360000 -0.418864783347
145  0.362500 -0.418335722364
146  0.365000 -0.417795507294
147  0.367500 -0.417249180828
148  0.370000 -0.416701666238
149  0.372500 -0.416157736684
150  0.375000 -0.415622035075
151  0.377500 -0.415099026417
152  0.380000 -0.414593022129
153  0.382500 -0.414108102248
154  0.385000 -0.413648140359
155  0.387500 -0.413216817085
156  0.390000 -0.412817512296
157  0.392500 -0.412453392377
158  0.395000 -0.412127277250
159  0.397500 -0.411841737163
160  0.400000 -0.411599003593
161  0.402500 -0.411400960484
162  0.405000 -0.411249140038
163  0.407500 -0.411144668273
164  0.410000 -0.411088272661
165  0.412500 -0.411080234139
166  0.415000 -0.411120407109
167  0.417500 -0.411208173834
168  0.420000 -0.411342397604
169  0.422500 -0.411521467331
170  0.425000 -0.411743237428
171  0.427500 -0.412005037764
172  0.430000 -0.412303728284
173  0.432500 -0.412635637868
174  0.435000 -0.412996601394
175  0.437500 -0.413382008008
176  0.440000 -0.413786863690
177  0.442500 -0.414205793756
178  0.445000 -0.414633126363
179  0.447500 -0.415062967688
180  0.450000 -0.415489282078
181  0.452500 -0.415905955008
182  0.455000 -0.416306922197
183  0.457500 -0.416686235830
184  0.460000 -0.417038147457
185  0.462500 -0.417357185832
186  0.465000 -0.417638238754
187  0.467500 -0.417876624886
188  0.470000 -0.418068139143
189  0.472500 -0.418209085787
190  0.475000 -0.418296299145
191  0.477500 -0.418327191983
192  0.480000 -0.418299748930
193  0.482500 -0.418212475645
194  0.485000 -0.418064491316
195  0.487500 -0.417855411523
196  0.490000 -0.417585319750
197  0.492500 -0.417254803847
198  0.495000 -0.416864847751
199  0.497500 -0.416416889528
200  0.500000 -0.415912694578
201  0.502500 -0.415354332082
202  0.505000 -0.414744225683
203  0.507500 -0.414084998409
204  0.510000 -0.413379542715
205  0.512500 -0.412630939919
206  0.515000 -0.411842453238
207  0.517500 -0.411017490329
208  0.520000 -0.410159563915
209  0.522500 -0.409272337257
210  0.525000 -0.408359538125
211  0.527500 -0.407424989154
212  0.530000 -0.406472576191
213  0.532500 -0.405506239408
214  0.535000 -0.404529969662
215  0.537500 -0.403547787506
216  0.540000 -0.402563736919
217  0.542500 -0.401581887552
218  0.545000 -0.400606333489
219  0.547500 -0.399641201674
220  0.550000 -0.398690627859
221  0.552500 -0.397758799109
222  0.555000 -0.396849864535
223  0.557500 -0.395968031184
224  0.560000 -0.395117475267
225  0.562500 -0.394302433597
226  0.565000 -0.393527166050
227  0.567500 -0.392795911852
228  0.570000 -0.392112974158
229  0.572500 -0.391482690083
230  0.575000 -0.390909420256
231  0.577500 -0.390397570659
232  0.580000 -0.389951570064
233  0.582500 -0.389575938533
234  0.585000 -0.389275176521
235  0.587500 -0.389053860126
236  0.590000 -0.388916632508
237  0.592500 -0.388868190178
238  0.595000 -0.388913236724
239  0.597500 -0.389056550216
240  0.600000 -0.389302946436
241  0.602500 -0.389657240299
242  0.605000 -0.390124292587
243  0.607500 -0.390708898023
244  0.610000 -0.391415843418
245  0.612500 -0.392249759466
246  0.615000 -0.393215144460
247  0.617500 -0.394316196759
248  0.620000 -0.395556734215
249  0.622500 -0.396940047602
250  0.625000 -0.398468645176
251  0.627500 -0.400144104800
252  0.630000 -0.401966663423
253  0.632500 -0.403934921330
254  0.635000 -0.406045309346
255  0.637500 -0.408291708382
256  0.640000 -0.410664889698
257  0.642500 -0.413152022910
258  0.645000 -0.415736452430
259  0.647500 -0.418397534174
260  0.650000 -0.421110919501
261  0.652500 -0.423849199914
262  0.655000 -0.426583140152
263  0.657500 -0.429283078815
264  0.660000 -0.431920438284
265  0.662500 -0.434469044419
266  0.665000 -0.436906338702
267  0.667500 -0.439213919754
268  0.670000 -0.441377834064
269  0.672500 -0.443388256518
270  0.675000 -0.445239083347
271  0.677500 -0.446927446891
272  0.680000 -0.448453097222
273  0.682500 -0.449817903975
274  0.685000 -0.451025276946
275  0.687500 -0.452079872885
276  0.690000 -0.452987133132
277  0.692500 -0.453753172071
278  0.695000 -0.454384453003
279  0.697500 -0.454887605128
280  0.700000 -0.455269414085
281  0.702500 -0.455536668733
282  0.705000 -0.455696129218
283  0.707500 -0.455754441008
284  0.710000 -0.455718123005
285  0.712500 -0.455593556832
286  0.715000 -0.455386954948
287  0.717500 -0.455104373465
288  0.720000 -0.454751694698
289  0.722500 -0.454334633820
290  0.725000 -0.453858736197
291  0.727500 -0.453329388982
292  0.730000 -0.452751847717
293  0.732500 -0.452131189574
294  0.735000 -0.451472382650
295  0.737500 -0.450780230525
296  0.740000 -0.450059418873
297  0.742500 -0.449314526763
298  0.745000 -0.448550020511
299  0.747500 -0.447770264427
300  0.750000 -0.446979522576
301  0.752500 -0.446181958508
302  0.755000 -0.445381689764
303  0.757500 -0.444582735080
304  0.760000 -0.443789062014
305  0.762500 -0.443004566022
306  0.765000 -0.442233102382
307  0.767500 -0.441478456151
308  0.770000 -0.440744362038
309  0.772500 -0.440034531190
310  0.775000 -0.439352624982
311  0.777500 -0.438702280255
312  0.780000 -0.438087105644
313  0.782500 -0.437510692953
314  0.785000 -0.436976599571
315  0.787500 -0.436488351869
316  0.790000 -0.436049468564
317  0.792500 -0.435663448426
318  0.795000 -0.435333766431
319  0.797500 -0.435063836272
320  0.800000 -0.434857083797
321  0.802500 -0.434716874211
322  0.805000 -0.434646515898
323  0.807500 -0.434649236022
324  0.810000 -0.434728153986
325  0.812500 -0.434886266588
326  0.815000 -0.435126404164
327  0.817500 -0.435451198778
328  0.820000 -0.435862975012
329  0.822500 -0.436363771035
330  0.825000 -0.436955134253
331  0.827500 -0.437638107015
332  0.830000 -0.438413064065
333  0.832500 -0.439279583427
334  0.835000 -0.440236255691
335  0.837500 -0.441280536113
336  0.840000 -0.442408542966
337  0.842500 -0.443614908173
338  0.845000 -0.444892616244
339  0.847500 -0.446232944136
340  0.850000 -0.447625421569
341  0.852500 -0.449057966940
342  0.855000 -0.450517093586
343  0.857500 -0.451988301660
344  0.860000 -0.453456541843
345  0.862500 -0.454906732412
346  0.865000 -0.456324341493
347  0.867500 -0.457695891406
348  0.870000 -0.459009310466
349  0.872500 -0.460254285149
350  0.875000 -0.461422319883
351  0.877500 -0.462506795437
352  0.880000 -0.463502865910
353  0.882500 -0.464407340655
354  0.885000 -0.465218445744
355  0.887500 -0.465935614846
356  0.890000 -0.466559328542
357  0.892500 -0.467090903302
358  0.895000 -0.467532335022
359  0.897500 -0.467886141337
360  0.900000 -0.468155244158
361  0.902500 -0.468342864453
362  0.905000 -0.468452423385
363  0.907500 -0.468487501836
364  0.910000 -0.468451764233
365  0.912500 -0.468348908387
366  0.915000 -0.468182678420
367  0.917500 -0.467956777971
368  0.920000 -0.467674885672
369  0.922500 -0.467340633729
370  0.925000 -0.466957583094
371  0.927500 -0.466529238297
372  0.930000 -0.466059032434
373  0.932500 -0.465550295643
374  0.935000 -0.465006299883
375  0.937500 -0.464430229328
376  0.940000 -0.463825168594
377  0.942500 -0.463194124333
378  0.945000 -0.462540028582
379  0.947500 -0.461865721311
380  0.950000 -0.461173951099
381  0.952500 -0.460467408203
382  0.955000 -0.459748668511
383  0.957500 -0.459020242742
384  0.960000 -0.458284555958
385  0.962500 -0.457543960832
386  0.965000 -0.456800713341
387  0.967500 -0.456057003897
388  0.970000 -0.455314936543
389  0.972500 -0.454576516208
390  0.975000 -0.453843685196
391  0.977500 -0.453118289179
392  0.980000 -0.452402102092
393  0.982500 -0.451696786989
394  0.985000 -0.451003923791
395  0.987500 -0.450325000346
396  0.990000 -0.449661393757
397  0.992500 -0.449014387528
398  0.995000 -0.448385149114
399  0.997500 -0.447774745616
400  1.000000 -0.447184122642
401  1.002500 -0.446614105909
402  1.005000 -0.446065393048
403  1.007500 -0.445538558368
404  1.010000 -0.445034023657
405  1.012500 -0.444552091332
406  1.015000 -0.444092906866
407  1.017500 -0.443656472641
408  1.020000 -0.443242646974
409  1.022500 -0.442851117567
410  1.025000 -0.442481451367
411  1.027500 -0.442133054074
412  1.030000 -0.441805191200
413  1.032500 -0.441496975058
414  1.035000 -0.441207395245
415  1.037500 -0.440935331701
416  1.040000 -0.440679546683
417  1.042500 -0.440438701066
418  1.045000 -0.440211368950
419  1.047500 -0.439996087428
420  1.050000 -0.439791328841
421  1.052500 -0.439595547727
422  1.055000 -0.439407210249
423  1.057500 -0.439224784723
424  1.060000 -0.439046800103
425  1.062500 -0.438871832088
426  1.065000 -0.438698536308
427  1.067500 -0.438525671765
428  1.070000 -0.438352107645
429  1.072500 -0.438176836603
430  1.075000 -0.437998991033
431  1.077500 -0.437817831800
432  1.080000 -0.437632798980
433  1.082500 -0.437443472081
434  1.085000 -0.437249590328
435  1.087500 -0.437051045497
436  1.090000 -0.436847882182
437  1.092500 -0.436640314479
438  1.095000 -0.436428694679
439  1.097500 -0.436213498978
440  1.100000 -0.435995356861
441  1.102500 -0.435775009843
442  1.105000 -0.435553343567
443  1.107500 -0.435331346170
444  1.110000 -0.435110111573
445  1.112500 -0.434890841935
446  1.115000 -0.434674815797
447  1.117500 -0.434463399803
448  1.120000 -0.434258053082
449  1.122500 -0.434060292207
450  1.125000 -0.433871712788
451  1.127500 -0.433693950871
452  1.130000 -0.433528719090
453  1.132500 -0.433377761243
454  1.135000 -0.433242863436
455  1.137500 -0.433125857609
456  1.140000 -0.433028597914
457  1.142500 -0.432952956372
458  1.145000 -0.432900820807
459  1.147500 -0.432874085084
460  1.150000 -0.432874627836
461  1.152500 -0.432904324253
462  1.155000 -0.432965022734
463  1.157500 -0.433058547440
464  1.160000 -0.433186631286
465  1.162500 -0.433350968878
466  1.165000 -0.433553105386
467  1.167500 -0.433794493240
468  1.170000 -0.434076412825
469  1.172500 -0.434399970638
470  1.175000 -0.434766000799
471  1.177500 -0.435175082026
472  1.180000 -0.435627433364
473  1.182500 -0.436122893182
474  1.185000 -0.436660835949
475  1.187500 -0.437240117789
476  1.190000 -0.437859004936
477  1.192500 -0.438515076971
478  1.195000 -0.439205247774
479  1.197500 -0.439925707111
480  1.200000 -0.440671895235
481  1.202500 -0.441438521195
482  1.205000 -0.442219692649
483  1.207500 -0.443008934607
484  1.210000 -0.443799337486
485  1.212500 -0.444583792209
486  1.215000 -0.445355101060
487  1.217500 -0.446106222798
488  1.220000 -0.446830476837
489  1.222500 -0.447521665021
490  1.225000 -0.448174224530
491  1.227500 -0.448783311655
492  1.230000 -0.449344866013
493  1.232500 -0.449855615169
494  1.235000 -0.450313041862
495  1.237500 -0.450715378740
496  1.240000 -0.451061530562
497  1.242500 -0.451350976081
498  1.245000 -0.451583750060
499  1.247500 -0.451760330112
500  1.250000 -0.451881586493
501  1.252500 -0.451948713148
502  1.255000 -0.451963187463
503  1.257500 -0.451926686672
504  1.260000 -0.451841088398
505  1.262500 -0.451708384356
506  1.265000 -0.451530710937
507  1.267500 -0.451310266944
508  1.270000 -0.451049324056
509  1.272500 -0.450750206269
510  1.275000 -0.450415261207
511  1.277500 -0.450046847191
512  1.280000 -0.449647347674
513  1.282500 -0.449219142001
514  1.285000 -0.448764612538
515  1.287500 -0.448286129349
516  1.290000 -0.447786060260
517  1.292500 -0.447266763319
518  1.295000 -0.446730574490
519  1.297500 -0.446179822357
520  1.300000 -0.445616834891
521  1.302500 -0.445043909325
522  1.305000 -0.444463340912
523  1.307500 -0.443877409612
524  1.310000 -0.443288386797
525  1.312500 -0.442698549368
526  1.315000 -0.442110139990
527  1.317500 -0.441525417641
528  1.320000 -0.440946638197
529  1.322500 -0.440376056349
530  1.325000 -0.439815935442
531  1.327500 -0.439268534422
532  1.330000 -0.438736125548
533  1.332500 -0.438220992058
534  1.335000 -0.437725424806
535  1.337500 -0.437251736367
536  1.340000 -0.436802247673
537  1.342500 -0.436379299320
538  1.345000 -0.435985257490
539  1.347500 -0.435622503527
540  1.350000 -0.435293449903
541  1.352500 -0.435000514297
542  1.355000 -0.434746154103
543  1.357500 -0.434532842995
544  1.360000 -0.434363047187
545  1.362500 -0.434239268105
546  1.365000 -0.434163981761
547  1.367500 -0.434139656637
548  1.370000 -0.434168735835
549  1.372500 -0.434253583222
550  1.375000 -0.434396484960
551  1.377500 -0.434599591159
552  1.380000 -0.434864856954
553  1.382500 -0.435193977097
554  1.385000 -0.435588274460
555  1.387500 -0.436048636407
556  1.390000 -0.436575319843
557  1.392500 -0.437167834100
558  1.395000 -0.437824724195
559  1.397500 -0.438543405759
560  1.400000 -0.439319916398
561  1.402500 -0.440148788725
562  1.405000 -0.441022899981
563  1.407500 -0.441933479509
564  1.410000 -0.442870226894
565  1.412500 -0.443821607512
566  1.415000 -0.444775300875
567  1.417500 -0.445718778183
568  1.420000 -0.446639880226
569  1.422500 -0.447527357702
570  1.425000 -0.448371322723
571  1.427500 -0.449163547634
572  1.430000 -0.449897516075
573  1.432500 -0.450568396298
574  1.435000 -0.451172930619
575  1.437500 -0.451709218225
576  1.440000 -0.452176489326
577  1.442500 -0.452574929204
578  1.445000 -0.452905440174
579  1.447500 -0.453169506473
580  1.450000 -0.453369035683
581  1.452500 -0.453506254482
582  1.455000 -0.453583601497
583  1.457500 -0.453603680257
584  1.460000 -0.453569176636
585  1.462500 -0.453482828313
586  1.465000 -0.453347395919
587  1.467500 -0.453165625808
588  1.470000 -0.452940245303
589  1.472500 -0.452673952424
590  1.475000 -0.452369391806
591  1.477500 -0.452029162671
592  1.480000 -0.451655814052
593  1.482500 -0.451251837763
594  1.485000 -0.450819668082
595  1.487500 -0.450361682901
596  1.490000 -0.449880208978
597  1.492500 -0.449377521318
598  1.495000 -0.448855847939
599  1.497500 -0.448317362576
600  1.500000 -0.447764192985
601  1.502500 -0.447198430907
602  1.505000 -0.446622113340
603  1.507500 -0.446037250542
604  1.510000 -0.445445814106
605  1.512500 -0.444849740655
606  1.515000 -0.444250936161
607  1.517500 -0.443651279363
608  1.520000 -0.443052628283
609  1.522500 -0.442456805763
610  1.525000 -0.441865618982
611  1.527500 -0.441280854595
612  1.530000 -0.440704283055
613  1.532500 -0.440137655022
614  1.535000 -0.439582704152
615  1.537500 -0.439041157463
616  1.540000 -0.438514724504
617  1.542500 -0.438005101631
618  1.545000 -0.437513981301
619  1.547500 -0.437043040880
620  1.550000 -0.436593943717
621  1.552500 -0.436168353670
622  1.555000 -0.435767914520
623  1.557500 -0.435394264226
624  1.560000 -0.435049021194
625  1.562500 -0.434733789419
626  1.565000 -0.434450151667
627  1.567500 -0.434199674251
628  1.570000 -0.433983879199
629  1.572500 -0.433804256532
630  1.575000 -0.433662249478
631  1.577500 -0.433559247422
632  1.580000 -0.433496555204
633  1.582500 -0.433475390553
634  1.585000 -0.433496860059
635  1.587500 -0.433561937721
636  1.590000 -0.433671427749
637  1.592500 -0.433825934798
638  1.595000 -0.434025828429
639  1.597500 -0.434271192243
640  1.600000 -0.434561788189
641  1.602500 -0.434896988290
642  1.605000 -0.435275730922
643  1.607500 -0.435696469560
644  1.610000 -0.436157112911
645  1.612500 -0.436655000186
646  1.615000 -0.437186876633
647  1.617500 -0.437748885769
648  1.620000 -0.438336615528
649  1.622500 -0.438945144537
650  1.625000 -0.439569126115
651  1.627500 -0.440202932957
652  1.630000 -0.440840781548
653  1.632500 -0.441476914019
654  1.635000 -0.442105754822
655  1.637500 -0.442722057884
656  1.640000 -0.443321017986
657  1.642500 -0.443898376314
658  1.645000 -0.444450463976
659  1.647500 -0.444974236198
660  1.650000 -0.445467273848
661  1.652500 -0.445927746175
662  1.655000 -0.446354353034
663  1.657500 -0.446746311285
664  1.660000 -0.447103244121
665  1.662500 -0.447425184825
666  1.665000 -0.447712481475
667  1.667500 -0.447965743167
668  1.670000 -0.448185806904
669  1.672500 -0.448373687593
670  1.675000 -0.448530548580
671  1.677500 -0.448657675724
672  1.680000 -0.448756431726
673  1.682500 -0.448828249590
674  1.685000 -0.448874608732
675  1.687500 -0.448897026578
676  1.690000 -0.448897029018
677  1.692500 -0.448876167235
678  1.695000 -0.448835979861
679  1.697500 -0.448778000869
680  1.700000 -0.448703762955
681  1.702500 -0.448614772699
682  1.705000 -0.448512523179
683  1.707500 -0.448398483192
684  1.710000 -0.448274090541
685  1.712500 -0.448140765325
686  1.715000 -0.447999886974
687  1.717500 -0.447852809169
688  1.720000 -0.447700849942
689  1.722500 -0.447545295227
690  1.725000 -0.447387396545
691  1.727500 -0.447228367783
692  1.730000 -0.447069374191
693  1.732500 -0.446911554237
694  1.735000 -0.446755994076
695  1.737500 -0.446603736588
696  1.740000 -0.446455786696
697  1.742500 -0.446313078631
698  1.745000 -0.446176511811
699  1.747500 -0.446046924559
700  1.750000 -0.445925090459
701  1.752500 -0.445811733769
702  1.755000 -0.445707498319
703  1.757500 -0.445612966807
704  1.760000 -0.445528643237
705  1.762500 -0.445454955512
706  1.765000 -0.445392252570
707  1.767500 -0.445340782765
708  1.770000 -0.445300712654
709  1.772500 -0.445272111451
710  1.775000 -0.445254946672
711  1.777500 -0.445249096373
712  1.780000 -0.445254319303
713  1.782500 -0.445270274023
714  1.785000 -0.445296517630
715  1.787500 -0.445332500056
716  1.790000 -0.445377571383
717  1.792500 -0.445430981170
718  1.795000 -0.445491902976
719  1.797500 -0.445559413730
720  1.800000 -0.445632524125
721  1.802500 -0.445710182021
722  1.805000 -0.445791292338
723  1.807500 -0.445874711530
724  1.810000 -0.445959284337
725  1.812500 -0.446043857719
726  1.815000 -0.446127279719
727  1.817500 -0.446208433813
728  1.820000 -0.446286226583
729  1.822500 -0.446359643554
730  1.825000 -0.446427723584
731  1.827500 -0.446489588485
732  1.830000 -0.446544437400
733  1.832500 -0.446591565122
734  1.835000 -0.446630361846
735  1.837500 -0.446660328323
736  1.840000 -0.446681061636
737  1.842500 -0.446692247754
738  1.845000 -0.446693699312
739  1.847500 -0.446685314326
740  1.850000 -0.446667081178
741  1.852500 -0.446639090323
742  1.855000 -0.446601511750
743  1.857500 -0.446554596798
744  1.860000 -0.446498670495
745  1.862500 -0.446434127224
746  1.865000 -0.446361429574
747  1.867500 -0.446281089988
748  1.870000 -0.446193681069
749  1.872500 -0.446099813761
750  1.875000 -0.446000150821
751  1.877500 -0.445895387403
752  1.880000 -0.445786246919
753  1.882500 -0.445673479892
754  1.885000 -0.445557868338
755  1.887500 -0.445440196086
756  1.890000 -0.445321264151
757  1.892500 -0.445201892707
758  1.895000 -0.445082899316
759  1.897500 -0.444965101230
760  1.900000 -0.444849314598
761  1.902500 -0.444736348074
762  1.905000 -0.444626992934
763  1.907500 -0.444522035634
764  1.910000 -0.444422221975
765  1.912500 -0.444328280116
766  1.915000 -0.444240905467
767  1.917500 -0.444160757765
768  1.920000 -0.444088453162
769  1.922500 -0.444024554622
770  1.925000 -0.443969565742
771  1.927500 -0.443923932818
772  1.930000 -0.443888026594
773  1.932500 -0.443862135690
774  1.935000 -0.443846470788
775  1.937500 -0.443841125539
776  1.940000 -0.443846112196
777  1.942500 -0.443861325829
778  1.945000 -0.443886536896
779  1.947500 -0.443921397152
780  1.950000 -0.443965429425
781  1.952500 -0.444018016428
782  1.955000 -0.444078402337
783  1.957500 -0.444145703572
784  1.960000 -0.444218902036
785  1.962500 -0.444296854086
786  1.965000 -0.444378308195
787  1.967500 -0.444461898737
788  1.970000 -0.444546178818
789  1.972500 -0.444629624693
790  1.975000 -0.444710666667
791  1.977500 -0.444787717702
792  1.980000 -0.444859182886
793  1.982500 -0.444923487403
794  1.985000 -0.444979105403
795  1.987500 -0.445024571715
796  1.990000 -0.445058515788
797  1.992500 -0.445079665973
798  1.995000 -0.445086872293
799  1.997500 -0.445079107916
800  2.000000 -0.445055484864
801  2.002500 -0.445015262248
802  2.005000 -0.444957833863
803  2.007500 -0.444882745769
804  2.010000 -0.444789678836
805  2.012500 -0.444678436889
806  2.015000 -0.444548963993
807  2.017500 -0.444401319747
808  2.020000 -0.444235673228
809  2.022500 -0.444052296229
810  2.025000 -0.443851561294
811  2.027500 -0.443633922283
812  2.030000 -0.443399916098
813  2.032500 -0.443150145095
814  2.035000 -0.442885290476
815  2.037500 -0.442606080203
816  2.040000 -0.442313291608
817  2.042500 -0.442007752467
818  2.045000 -0.441690333269
819  2.047500 -0.441361938150
820  2.050000 -0.441023510345
821  2.052500 -0.440676019042
822  2.055000 -0.440320460420
823  2.057500 -0.439957855135
824  2.060000 -0.439589241506
825  2.062500 -0.439215681643
826  2.065000 -0.438838260009
827  2.067500 -0.438458074602
828  2.070000 -0.438076237222
829  2.072500 -0.437693880875
830  2.075000 -0.437312155920
831  2.077500 -0.436932225813
832  2.080000 -0.436555269705
833  2.082500 -0.436182488321
834  2.085000 -0.435815081732
835  2.087500 -0.435454283589
836  2.090000 -0.435101338455
837  2.092500 -0.434757512456
838  2.095000 -0.434424083724
839  2.097500 -0.434102360639
840  2.100000 -0.433793668273
841  2.102500 -0.433499355120
842  2.105000 -0.433220787561
843  2.107500 -0.432959365290
844  2.110000 -0.432716512448
845  2.112500 -0.432493683376
846  2.115000 -0.432292362737
847  2.117500 -0.432114064844
848  2.120000 -0.431960329413
849  2.122500 -0.431832728573
850  2.125000 -0.431732876265
851  2.127500 -0.431662405252
852  2.130000 -0.431622988271
853  2.132500 -0.431616326197
854  2.135000 -0.431644139833
855  2.137500 -0.431708163697
856  2.140000 -0.431810136120
857  2.142500 -0.431951789096
858  2.145000 -0.432134828660
859  2.147500 -0.432360899506
860  2.150000 -0.432631560268
861  2.152500 -0.432948223532
862  2.155000 -0.433312104837
863  2.157500 -0.433724125000
864  2.160000 -0.434184818958
865  2.162500 -0.434694207867
866  2.165000 -0.435251647381
867  2.167500 -0.435855642350
868  2.170000 -0.436503688724
869  2.172500 -0.437192078022
870  2.175000 -0.437915782495
871  2.177500 -0.438668391377
872  2.180000 -0.439442187434
873  2.182500 -0.440228387757
874  2.185000 -0.441017520820
875  2.187500 -0.441799934230
876  2.190000 -0.442566316910
877  2.192500 -0.443308177059
878  2.195000 -0.444018227622
879  2.197500 -0.444690531796
880  2.200000 -0.445320565913
881  2.202500 -0.445905145201
882  2.205000 -0.446442270926
883  2.207500 -0.446930939652
884  2.210000 -0.447370966103
885  2.212500 -0.447762774628
886  2.215000 -0.448107293521
887  2.217500 -0.448405794555
888  2.220000 -0.448659810563
889  2.222500 -0.448871045168
890  2.225000 -0.449041318850
891  2.227500 -0.449172522421
892  2.230000 -0.449266580274
893  2.232500 -0.449325431705
894  2.235000 -0.449350999863
895  2.237500 -0.449345191055
896  2.240000 -0.449309879290
897  2.242500 -0.449246901291
898  2.245000 -0.449158056478
899  2.247500 -0.449045102009
900  2.250000 -0.448909744839
901  2.252500 -0.448753655054
902  2.255000 -0.448578451479
903  2.257500 -0.448385723121
904  2.260000 -0.448177011056
905  2.262500 -0.447953820825
906  2.265000 -0.447717620547
907  2.267500 -0.447469841227
908  2.270000 -0.447211883806
909  2.272500 -0.446945114496
910  2.275000 -0.446670868796
911  2.277500 -0.446390456082
912  2.280000 -0.446105151615
913  2.282500 -0.445816213025
914  2.285000 -0.445524866818
915  2.287500 -0.445232316991
916  2.290000 -0.444939746374
917  2.292500 -0.444648310249
918  2.295000 -0.444359144434
919  2.297500 -0.444073359571
920  2.300000 -0.443792046196
921  2.302500 -0.443516271657
922  2.305000 -0.443247077632
923  2.307500 -0.442985486370
924  2.310000 -0.442732495437
925  2.312500 -0.442489073438
926  2.315000 -0.442256164015
927  2.317500 -0.442034676985
928  2.320000 -0.441825488189
929  2.322500 -0.441629443510
930  2.325000 -0.441447337720
931  2.327500 -0.441279926674
932  2.330000 -0.441127918185
933  2.332500 -0.440991962160
934  2.335000 -0.440872648336
935  2.337500 -0.440770490694
936  2.340000 -0.440685928757
937  2.342500 -0.440619317323
938  2.345000 -0.440570911116
939  2.347500 -0.440540861669
940  2.350000 -0.440529201482
941  2.352500 -0.440535837566
942  2.355000 -0.440560542053
943  2.357500 -0.440602933298
944  2.360000 -0.440662477468
945  2.362500 -0.440738477040
946  2.365000 -0.440830082021
947  2.367500 -0.440936260571
948  2.370000 -0.441055824105
949  2.372500 -0.441187438421
950  2.375000 -0.441329612535
951  2.377500 -0.441480742855
952  2.380000 -0.441639115823
953  2.382500 -0.441802945124
954  2.385000 -0.441970399061
955  2.387500 -0.442139627064
956  2.390000 -0.442308802020
957  2.392500 -0.442476138664
958  2.395000 -0.442639938725
959  2.397500 -0.442798603440
960  2.400000 -0.442950668223
961  2.402500 -0.443094815176
962  2.405000 -0.443229867506
963  2.407500 -0.443354831623
964  2.410000 -0.443468873668
965  2.412500 -0.443571332331
966  2.415000 -0.443661704738
967  2.417500 -0.443739637509
968  2.420000 -0.443804929539
969  2.422500 -0.443857510018
970  2.425000 -0.443897441367
971  2.427500 -0.443924882459
972  2.430000 -0.443940098348
973  2.432500 -0.443943445076
974  2.435000 -0.443935350096
975  2.437500 -0.443916320999
976  2.440000 -0.443886913276
977  2.442500 -0.443847729365
978  2.445000 -0.443799420068
979  2.447500 -0.443742668411
980  2.450000 -0.443678185104
981  2.452500 -0.443606703336
982  2.455000 -0.443528977810
983  2.457500 -0.443445762091
984  2.460000 -0.443357826302
985  2.462500 -0.443265940695
986  2.465000 -0.443170879391
987  2.467500 -0.443073396318
988  2.470000 -0.442974255821
989  2.472500 -0.442874198346
990  2.475000 -0.442773954463
991  2.477500 -0.442674243135
992  2.480000 -0.442575753300
993  2.482500 -0.442479151448
994  2.485000 -0.442385074170
995  2.487500 -0.442294133066
996  2.490000 -0.442206903279
997  2.492500 -0.442123921518
998  2.495000 -0.442045678374
999  2.497500 -0.441972621716
1000  2.500000 -0.441905146979
1001  2.502500 -0.441843594914
1002  2.505000 -0.441788254273
1003  2.507500 -0.441739341495
1004  2.510000 -0.441697013215
1005  2.512500 -0.441661350048
1006  2.515000 -0.441632358116
1007  2.517500 -0.441609970485
1008  2.520000 -0.441594038760
1009  2.522500 -0.441584335516
1010  2.525000 -0.441580544082
1011  2.527500 -0.441582277423
1012  2.530000 -0.441589055754
1013  2.532500 -0.441600332681
1014  2.535000 -0.441615479895
1015  2.537500 -0.441633808563
1016  2.540000 -0.441654571672
1017  2.542500 -0.441676971537
1018  2.545000 -0.441700170495
1019  2.547500 -0.441723305741
1020  2.550000 -0.441745500968
1021  2.552500 -0.441765870443
1022  2.555000 -0.441783543385
1023  2.557500 -0.441797679384
1024  2.560000 -0.441807465408
1025  2.562500 -0.441812137352
1026  2.565000 -0.441810979607
1027  2.567500 -0.441803354061
1028  2.570000 -0.441788691589
1029  2.572500 -0.441766490555
1030  2.575000 -0.441736338491
1031  2.577500 -0.441697905973
1032  2.580000 -0.441650942047
1033  2.582500 -0.441595282998
1034  2.585000 -0.441530842916
1035  2.587500 -0.441457624744
1036  2.590000 -0.441375697721
1037  2.592500 -0.441285205660
1038  2.595000 -0.441186370059
1039  2.597500 -0.441079467401
1040  2.600000 -0.440964842655
1041  2.602500 -0.440842892155
1042  2.605000 -0.440714067816
1043  2.607500 -0.440578866445
1044  2.610000 -0.440437835930
1045  2.612500 -0.440291552723
1046  2.615000 -0.440140645940
1047  2.617500 -0.439985769274
1048  2.620000 -0.439827609914
1049  2.622500 -0.439666887156
1050  2.625000 -0.439504340577
1051  2.627500 -0.439340736205
1052  2.630000 -0.439176869101
1053  2.632500 -0.439013548471
1054  2.635000 -0.438851602426
1055  2.637500 -0.438691878223
1056  2.640000 -0.438535238223
1057  2.642500 -0.438382561599
1058  2.645000 -0.438234739999
1059  2.647500 -0.438092678606
1060  2.650000 -0.437957298358
1061  2.652500 -0.437829521849
1062  2.655000 -0.437710285713
1063  2.657500 -0.437600534945
1064  2.660000 -0.437501217641
1065  2.662500 -0.437413289039
1066  2.665000 -0.437337710045
1067  2.667500 -0.437275438310
1068  2.670000 -0.437227427439
1069  2.672500 -0.437194624620
1070  2.675000 -0.437177968344
1071  2.677500 -0.437178375619
1072  2.680000 -0.437196740982
1073  2.682500 -0.437233924574
1074  2.685000 -0.437290748997
1075  2.687500 -0.437367977837
1076  2.690000 -0.437466307497
1077  2.692500 -0.437586347024
1078  2.695000 -0.437728593072
1079  2.697500 -0.437893424333
1080  2.700000 -0.438081051928
1081  2.702500 -0.438291507310
1082  2.705000 -0.438524597243
1083  2.707500 -0.438779882742
1084  2.710000 -0.439056633484
1085  2.712500 -0.439353784228
1086  2.715000 -0.439669934545
1087  2.717500 -0.440003303777
1088  2.720000 -0.440351732624
1089  2.722500 -0.440712689366
1090  2.725000 -0.441083300200
1091  2.727500 -0.441460398910
1092  2.730000 -0.441840606282
1093  2.732500 -0.442220400916
1094  2.735000 -0.442596249261
1095  2.737500 -0.442964673829
1096  2.740000 -0.443322375477
1097  2.742500 -0.443666302791
1098  2.745000 -0.443993732106
1099  2.747500 -0.444302309591
1100  2.750000 -0.444590056551
1101  2.752500 -0.444855388517
1102  2.755000 -0.445097095508
1103  2.757500 -0.445314317260
1104  2.760000 -0.445506516339
1105  2.762500 -0.445673427611
1106  2.765000 -0.445815034832
1107  2.767500 -0.445931527544
1108  2.770000 -0.446023279204
1109  2.772500 -0.446090806159
1110  2.775000 -0.446134740227
1111  2.777500 -0.446155812891
1112  2.780000 -0.446154830152
1113  2.782500 -0.446132656226
1114  2.785000 -0.446090209059
1115  2.787500 -0.446028434698
1116  2.790000 -0.445948310445
1117  2.792500 -0.445850824390
1118  2.795000 -0.445736983337
1119  2.797500 -0.445607794920
1120  2.800000 -0.445464270795
1121  2.802500 -0.445307420666
1122  2.805000 -0.445138254329
1123  2.807500 -0.444957776294
1124  2.810000 -0.444766984908
1125  2.812500 -0.444566870112
1126  2.815000 -0.444358413619
1127  2.817500 -0.444142589264
1128  2.820000 -0.443920361516
1129  2.822500 -0.443692687191
1130  2.825000 -0.443460513215
1131  2.827500 -0.443224780142
1132  2.830000 -0.442986420949
1133  2.832500 -0.442746358224
1134  2.835000 -0.442505507265
1135  2.837500 -0.442264778278
1136  2.840000 -0.442025074269
1137  2.842500 -0.441787286600
1138  2.845000 -0.441552304281
1139  2.847500 -0.441321008434
1140  2.850000 -0.441094276275
1141  2.852500 -0.440872977309
1142  2.855000 -0.440657974286
1143  2.857500 -0.440450123145
1144  2.860000 -0.440250272625
1145  2.862500 -0.440059262873
1146  2.865000 -0.439877926855
1147  2.867500 -0.439707090210
1148  2.870000 -0.439547558263
1149  2.872500 -0.439400129888
1150  2.875000 -0.439265587606
1151  2.877500 -0.439144694169
1152  2.880000 -0.439038189064
1153  2.882500 -0.438946787273
1154  2.885000 -0.438871174088
1155  2.887500 -0.438811995556
1156  2.890000 -0.438769851406
1157  2.892500 -0.438745288667
1158  2.895000 -0.438738796731
1159  2.897500 -0.438750785696
1160  2.900000 -0.438781580635
1161  2.902500 -0.438831411954
1162  2.905000 -0.438900391620
1163  2.907500 -0.438988500608
1164  2.910000 -0.439095572498
1165  2.912500 -0.439221277220
1166  2.915000 -0.439365090420
1167  2.917500 -0.439526291168
1168  2.920000 -0.439703949065
1169  2.922500 -0.439896901826
1170  2.925000 -0.440103758517
1171  2.927500 -0.440322906137
1172  2.930000 -0.440552514799
1173  2.932500 -0.440790558988
1174  2.935000 -0.441034857336
1175  2.937500 -0.441283091169
1176  2.940000 -0.441532878439
1177  2.942500 -0.441781816379
1178  2.945000 -0.442027525186
1179  2.947500 -0.442267715925
1180  2.950000 -0.442500224344
1181  2.952500 -0.442723053606
1182  2.955000 -0.442934409265
1183  2.957500 -0.443132709909
1184  2.960000 -0.443316615069
1185  2.962500 -0.443485004094
1186  2.965000 -0.443636997143
1187  2.967500 -0.443771916054
1188  2.970000 -0.443889288687
1189  2.972500 -0.443988832091
1190  2.975000 -0.444070407862
1191  2.977500 -0.444134035929
1192  2.980000 -0.444179862249
1193  2.982500 -0.444208141132
1194  2.985000 -0.444219214102
1195  2.987500 -0.444213503784
1196  2.990000 -0.444191499809
1197  2.992500 -0.444153739524
1198  2.995000 -0.444100809501
1199  2.997500 -0.444033329100
1200  3.000000 -0.443951949065
1201  3.002500 -0.443857336445
1202  3.005000 -0.443750179173
1203  3.007500 -0.443631175202
1204  3.010000 -0.443501032926
1205  3.012500 -0.443360458782
1206  3.015000 -0.443210168960
1207  3.017500 -0.443050872760
1208  3.020000 -0.442883283789
1209  3.022500 -0.442708108139
1210  3.025000 -0.442526054401
1211  3.027500 -0.442337817770
1212  3.030000 -0.442144090097
1213  3.032500 -0.441945556323
1214  3.035000 -0.441742893897
1215  3.037500 -0.441536771438
1216  3.040000 -0.441327853340
1217  3.042500 -0.441116790240
1218  3.045000 -0.440904223806
1219  3.047500 -0.440690790600
1220  3.050000 -0.440477111993
1221  3.052500 -0.440263803287
1222  3.055000 -0.440051469168
1223  3.057500 -0.439840698491
1224  3.060000 -0.439632076301
1225  3.062500 -0.439426171573
1226  3.065000 -0.439223540441
1227  3.067500 -0.439024726314
1228  3.070000 -0.438830259339
1229  3.072500 -0.438640656523
1230  3.075000 -0.438456417823
1231  3.077500 -0.438278022927
1232  3.080000 -0.438105941105
1233  3.082500 -0.437940619905
1234  3.085000 -0.437782485995
1235  3.087500 -0.437631939371
1236  3.090000 -0.437489362764
1237  3.092500 -0.437355107031
1238  3.095000 -0.437229495703
1239  3.097500 -0.437112822154
1240  3.100000 -0.437005347472
1241  3.102500 -0.436907297173
1242  3.105000 -0.436818854985
1243  3.107500 -0.436740167454
1244  3.110000 -0.436671334302
1245  3.112500 -0.436612411414
1246  3.115000 -0.436563399660
1247  3.117500 -0.436524251138
1248  3.120000 -0.436494861032
1249  3.122500 -0.436475070745
1250  3.125000 -0.436464657072
1251  3.127500 -0.436463342881
1252  3.130000 -0.436470788142
1253  3.132500 -0.436486590909
1254  3.135000 -0.436510291849
1255  3.137500 -0.436541373868
1256  3.140000 -0.436579272111
1257  3.142500 -0.436623359200
1258  3.145000 -0.436672975049
1259  3.147500 -0.436727418236
1260  3.150000 -0.436785957468
1261  3.152500 -0.436847841946
1262  3.155000 -0.436912299086
1263  3.157500 -0.436978556813
1264  3.160000 -0.437045839304
1265  3.162500 -0.437113400528
1266  3.165000 -0.437180509302
1267  3.167500 -0.437246453334
1268  3.170000 -0.437310568747
1269  3.172500 -0.437372231850
1270  3.175000 -0.437430868468
1271  3.177500 -0.437485956974
1272  3.180000 -0.437537024472
1273  3.182500 -0.437583669626
1274  3.185000 -0.437625541431
1275  3.187500 -0.437662348318
1276  3.190000 -0.437693854393
1277  3.192500 -0.437719883027
1278  3.195000 -0.437740311523
1279  3.197500 -0.437755067636
1280  3.200000 -0.437764127159
1281  3.202500 -0.437767507716
1282  3.205000 -0.437765272864
1283  3.207500 -0.437757524744
1284  3.210000 -0.437744395453
1285  3.212500 -0.437726053123
1286  3.215000 -0.437702686821
1287  3.217500 -0.437674516103
1288  3.220000 -0.437641778556
1289  3.222500 -0.437604729953
1290  3.225000 -0.437563639598
1291  3.227500 -0.437518794496
1292  3.230000 -0.437470480289
1293  3.232500 -0.437418997094
1294  3.235000 -0.437364645026
1295  3.237500 -0.437307728176
1296  3.240000 -0.437248543749
1297  3.242500 -0.437187395590
1298  3.245000 -0.437124576678
1299  3.247500 -0.437060375626
1300  3.250000 -0.436995070837
1301  3.252500 -0.436928928470
1302  3.255000 -0.436862204388
1303  3.257500 -0.436795141686
1304  3.260000 -0.436727965161
1305  3.262500 -0.436660886083
1306  3.265000 -0.436594099474
1307  3.267500 -0.436527773322
1308  3.270000 -0.436462060190
1309  3.272500 -0.436397091937
1310  3.275000 -0.436332969812
1311  3.277500 -0.436269781781
1312  3.280000 -0.436207584413
1313  3.282500 -0.436146415829
1314  3.285000 -0.436086280930
1315  3.287500 -0.436027166890
1316  3.290000 -0.435969035703
1317  3.292500 -0.435911825716
1318  3.295000 -0.435855449867
1319  3.297500 -0.435799801200
1320  3.300000 -0.435744748420
1321  3.302500 -0.435690145870
1322  3.305000 -0.435635830427
1323  3.307500 -0.435581620511
1324  3.310000 -0.435527322588
1325  3.312500 -0.435472737012
1326  3.315000 -0.435417656009
1327  3.317500 -0.435361864080
1328  3.320000 -0.435305150858
1329  3.322500 -0.435247303271
1330  3.325000 -0.435188117144
1331  3.327500 -0.435127391049
1332  3.330000 -0.435064936031
1333  3.332500 -0.435000575842
1334  3.335000 -0.434934149207
1335  3.337500 -0.434865517429
1336  3.340000 -0.434794558115
1337  3.342500 -0.434721168374
1338  3.345000 -0.434645272310
1339  3.347500 -0.434566821140
1340  3.350000 -0.434485789936
1341  3.352500 -0.434402178213
1342  3.355000 -0.434316013279
1343  3.357500 -0.434227347090
1344  3.360000 -0.434136260683
1345  3.362500 -0.434042859387
1346  3.365000 -0.433947279546
1347  3.367500 -0.433849679339
1348  3.370000 -0.433750245157
1349  3.372500 -0.433649186961
1350  3.375000 -0.433546738302
1351  3.377500 -0.433443152690
1352  3.380000 -0.433338709874
1353  3.382500 -0.433233707478
1354  3.385000 -0.433128460940
1355  3.387500 -0.433023307765
1356  3.390000 -0.432918602129
1357  3.392500 -0.432814712154
1358  3.395000 -0.432712023214
1359  3.397500 -0.432610931231
1360  3.400000 -0.432511845377
1361  3.402500 -0.432415184384
1362  3.405000 -0.432321382171
1363  3.407500 -0.432230879416
1364  3.410000 -0.432144123116
1365  3.412500 -0.432061570685
1366  3.415000 -0.431983678623
1367  3.417500 -0.431910910299
1368  3.420000 -0.431843727950
1369  3.422500 -0.431782595235
1370  3.425000 -0.431727971161
1371  3.427500 -0.431680311232
1372  3.430000 -0.431640063382
1373  3.432500 -0.431607667103
1374  3.435000 -0.431583549012
1375  3.437500 -0.431568118274
1376  3.440000 -0.431561764538
1377  3.442500 -0.431564858740
1378  3.445000 -0.431577736932
1379  3.447500 -0.431600707798
1380  3.450000 -0.431634035828
1381  3.452500 -0.431677941352
1382  3.455000 -0.431732596479
1383  3.457500 -0.431798113995
1384  3.460000 -0.431874541341
1385  3.462500 -0.431961848133
1386  3.465000 -0.432059929036
1387  3.467500 -0.432168588271
1388  3.470000 -0.432287533095
1389  3.472500 -0.432416374137
1390  3.475000 -0.432554608439
1391  3.477500 -0.432701627623
1392  3.480000 -0.432856707780
1393  3.482500 -0.433019019806
1394  3.485000 -0.433187625248
1395  3.487500 -0.433361479560
1396  3.490000 -0.433539459476
1397  3.492500 -0.433720365917
1398  3.495000 -0.433902943627
1399  3.497500 -0.434085897051
1400  3.500000 -0.434267920039
1401  3.502500 -0.434447707013
1402  3.505000 -0.434623990555
1403  3.507500 -0.434795548159
1404  3.510000 -0.434961228991
1405  3.512500 -0.435119964153
1406  3.515000 -0.435270784663
1407  3.517500 -0.435412828356
1408  3.520000 -0.435545346047
1409  3.522500 -0.435667706721
1410  3.525000 -0.435779394266
1411  3.527500 -0.435880004445
1412  3.530000 -0.435969245304
1413  3.532500 -0.436046918069
1414  3.535000 -0.436112931247
1415  3.537500 -0.436167278086
1416  3.540000 -0.436210032948
1417  3.542500 -0.436241337809
1418  3.545000 -0.436261402450
1419  3.547500 -0.436270495282
1420  3.550000 -0.436268934574
1421  3.552500 -0.436257083932
1422  3.555000 -0.436235344926
1423  3.557500 -0.436204151418
1424  3.560000 -0.436163969482
1425  3.562500 -0.436115284840
1426  3.565000 -0.436058608545
1427  3.567500 -0.435994463756
1428  3.570000 -0.435923393378
1429  3.572500 -0.435845948905
1430  3.575000 -0.435762695359
1431  3.577500 -0.435674205799
1432  3.580000 -0.435581055799
1433  3.582500 -0.435483826418
1434  3.585000 -0.435383105330
1435  3.587500 -0.435279483381
1436  3.590000 -0.435173552204
1437  3.592500 -0.435065904435
1438  3.595000 -0.434957132416
1439  3.597500 -0.434847824957
1440  3.600000 -0.434738575380
1441  3.602500 -0.434629966830
1442  3.605000 -0.434522583423
1443  3.607500 -0.434417011914
1444  3.610000 -0.434313828616
1445  3.612500 -0.434213608227
1446  3.615000 -0.434116917121
1447  3.617500 -0.434024317445
1448  3.620000 -0.433936364417
1449  3.622500 -0.433853604508
1450  3.625000 -0.433776573471
1451  3.627500 -0.433705799452
1452  3.630000 -0.433641794814
1453  3.632500 -0.433585057480
1454  3.635000 -0.433536068941
1455  3.637500 -0.433495295678
1456  3.640000 -0.433463176505
1457  3.642500 -0.433440130579
1458  3.645000 -0.433426546677
1459  3.647500 -0.433422779712
1460  3.650000 -0.433429151223
1461  3.652500 -0.433445942422
1462  3.655000 -0.433473386692
1463  3.657500 -0.433511668981
1464  3.660000 -0.433560915928
1465  3.662500 -0.433621181265
1466  3.665000 -0.433692459619
1467  3.667500 -0.433774665462
1468  3.670000 -0.433867632479
1469  3.672500 -0.433971101195
1470  3.675000 -0.434084725061
1471  3.677500 -0.434208052405
1472  3.680000 -0.434340534003
1473  3.682500 -0.434481520429
1474  3.685000 -0.434630264108
1475  3.687500 -0.434785919311
1476  3.690000 -0.434947550214
1477  3.692500 -0.435114144158
1478  3.695000 -0.435284626698
1479  3.697500 -0.435457866082
1480  3.700000 -0.435632698521
1481  3.702500 -0.435807951806
1482  3.705000 -0.435982455637
1483  3.707500 -0.436155060509
1484  3.710000 -0.436324656883
1485  3.712500 -0.436490197726
1486  3.715000 -0.436650707943
1487  3.717500 -0.436805293952
1488  3.720000 -0.436953158405
1489  3.722500 -0.437093592855
1490  3.725000 -0.437226001200
1491  3.727500 -0.437349879313
1492  3.730000 -0.437464825666
1493  3.732500 -0.437570530374
1494  3.735000 -0.437666783089
1495  3.737500 -0.437753453043
1496  3.740000 -0.437830484966
1497  3.742500 -0.437897899041
1498  3.745000 -0.437955777250
1499  3.747500 -0.438004261820
1500  3.750000 -0.438043543138
1501  3.752500 -0.438073861422
1502  3.755000 -0.438095488248
1503  3.757500 -0.438108740422
1504  3.760000 -0.438113955853
1505  3.762500 -0.438111498062
1506  3.765000 -0.438101750269
1507  3.767500 -0.438085119843
1508  3.770000 -0.438062014242
1509  3.772500 -0.438032863865
1510  3.775000 -0.437998104274
1511  3.777500 -0.437958173353
1512  3.780000 -0.437913516533
1513  3.782500 -0.437864581112
1514  3.785000 -0.437811810042
1515  3.787500 -0.437755653653
1516  3.790000 -0.437696550546
1517  3.792500 -0.437634941910
1518  3.795000 -0.437571262175
1519  3.797500 -0.437505936771
1520  3.800000 -0.437439384483
1521  3.802500 -0.437372015181
1522  3.805000 -0.437304230780
1523  3.807500 -0.437236420824
1524  3.810000 -0.437168962800
1525  3.812500 -0.437102227356
1526  3.815000 -0.437036566115
1527  3.817500 -0.436972314395
1528  3.820000 -0.436909799217
1529  3.822500 -0.436849327136
1530  3.825000 -0.436791186015
1531  3.827500 -0.436735641339
1532  3.830000 -0.436682940849
1533  3.832500 -0.436633311566
1534  3.835000 -0.436586958631
1535  3.837500 -0.436544061256
1536  3.840000 -0.436504775192
1537  3.842500 -0.436469228720
1538  3.845000 -0.436437523085
1539  3.847500 -0.436409729462
1540  3.850000 -0.436385896748
1541  3.852500 -0.436366038615
1542  3.855000 -0.436350140317
1543  3.857500 -0.436338157755
1544  3.860000 -0.436330015710
1545  3.862500 -0.436325607943
1546  3.865000 -0.436324803644
1547  3.867500 -0.436327435812
1548  3.870000 -0.436333319290
1549  3.872500 -0.436342236461
1550  3.875000 -0.436353947263
1551  3.877500 -0.436368195756
1552  3.880000 -0.436384701945
1553  3.882500 -0.436403176896
1554  3.885000 -0.436423313159
1555  3.887500 -0.436444796938
1556  3.890000 -0.436467308469
1557  3.892500 -0.436490526671
1558  3.895000 -0.436514137074
1559  3.897500 -0.436537826178
1560  3.900000 -0.436561294120
1561  3.902500 -0.436584248545
1562  3.905000 -0.436606419168
1563  3.907500 -0.436627546732
1564  3.910000 -0.436647399272
1565  3.912500 -0.436665767070
1566  3.915000 -0.436682459929
1567  3.917500 -0.436697318094
1568  3.920000 -0.436710208199
1569  3.922500 -0.436721021554
1570  3.925000 -0.436729680833
1571  3.927500 -0.436736131979
1572  3.930000 -0.436740347215
1573  3.932500 -0.436742330550
1574  3.935000 -0.436742105334
1575  3.937500 -0.436739724157
1576  3.940000 -0.436735260284
1577  3.942500 -0.436728806437
1578  3.945000 -0.436720477765
1579  3.947500 -0.436710408069
1580  3.950000 -0.436698747235
1581  3.952500 -0.436685658023
1582  3.955000 -0.436671321891
1583  3.957500 -0.436655929366
1584  3.960000 -0.436639678923
1585  3.962500 -0.436622782821
1586  3.965000 -0.436605452835
1587  3.967500 -0.436587912102
1588  3.970000 -0.436570386338
1589  3.972500 -0.436553100752
1590  3.975000 -0.436536280287
1591  3.977500 -0.436520146122
1592  3.980000 -0.436504918322
1593  3.982500 -0.436490809726
1594  3.985000 -0.436478023449
1595  3.987500 -0.436466762136
1596  3.990000 -0.436457207358
1597  3.992500 -0.436449534021
1598  3.995000 -0.436443899277
1599  3.997500 -0.436440443472
1600  4.000000 -0.436439290065
1601  4.002500 -0.436440545099
1602  4.005000 -0.436444289507
1603  4.007500 -0.436450583870
1604  4.010000 -0.436459463285
1605  4.012500 -0.436470931679
1606  4.015000 -0.436484971039
1607  4.017500 -0.436501531159
1608  4.020000 -0.436520531372
1609  4.022500 -0.436541866219
1610  4.025000 -0.436565395544
1611  4.027500 -0.436590949630
1612  4.030000 -0.436618332254
1613  4.032500 -0.436647314330
1614  4.035000 -0.436677635952
1615  4.037500 -0.436709022579
1616  4.040000 -0.436741167855
1617  4.042500 -0.436773748849
1618  4.045000 -0.436806421298
1619  4.047500 -0.436838832324
1620  4.050000 -0.436870614364
1621  4.052500 -0.436901391439
1622  4.055000 -0.436930796450
1623  4.057500 -0.436958452819
1624  4.060000 -0.436983997951
1625  4.062500 -0.437007075748
1626  4.065000 -0.437027343703
1627  4.067500 -0.437044479486
1628  4.070000 -0.437058181559
1629  4.072500 -0.437068174317
1630  4.075000 -0.437074206275
1631  4.077500 -0.437076055452
1632  4.080000 -0.437073530252
1633  4.082500 -0.437066468976
1634  4.085000 -0.437054744304
1635  4.087500 -0.437038258628
1636  4.090000 -0.437016950755
1637  4.092500 -0.436990785247
1638  4.095000 -0.436959762187
1639  4.097500 -0.436923912566
1640  4.100000 -0.436883293890
1641  4.102500 -0.436837992340
1642  4.105000 -0.436788121264
1643  4.107500 -0.436733820032
1644  4.110000 -0.436675250076
1645  4.112500 -0.436612596199
1646  4.115000 -0.436546065681
1647  4.117500 -0.436475881022
1648  4.120000 -0.436402284282
1649  4.122500 -0.436325534997
1650  4.125000 -0.436245906440
1651  4.127500 -0.436163687284
1652  4.130000 -0.436079177359
1653  4.132500 -0.435992687581
1654  4.135000 -0.435904540011
1655  4.137500 -0.435815066340
1656  4.140000 -0.435724602643
1657  4.142500 -0.435633496043
1658  4.145000 -0.435542097739
1659  4.147500 -0.435450764772
1660  4.150000 -0.435359856483
1661  4.152500 -0.435269736428
1662  4.155000 -0.435180768741
1663  4.157500 -0.435093323539
1664  4.160000 -0.435007766633
1665  4.162500 -0.434924463407
1666  4.165000 -0.434843779477
1667  4.167500 -0.434766075023
1668  4.170000 -0.434691710334
1669  4.172500 -0.434621035949
1670  4.175000 -0.434554398769
1671  4.177500 -0.434492134757
1672  4.180000 -0.434434573825
1673  4.182500 -0.434382031710
1674  4.185000 -0.434334810617
1675  4.187500 -0.434293200811
1676  4.190000 -0.434257471954
1677  4.192500 -0.434227873758
1678  4.195000 -0.434204631371
1679  4.197500 -0.434187951306
1680  4.200000 -0.434178001849
1681  4.202500 -0.434174925580
1682  4.205000 -0.434178831279
1683  4.207500 -0.434189784599
1684  4.210000 -0.434207811442
1685  4.212500 -0.434232886079
1686  4.215000 -0.434264941171
1687  4.217500 -0.434303846310
1688  4.220000 -0.434349422188
1689  4.222500 -0.434401423932
1690  4.225000 -0.434459552318
1691  4.227500 -0.434523442742
1692  4.230000 -0.434592663796
1693  4.232500 -0.434666724355
1694  4.235000 -0.434745072545
1695  4.237500 -0.434827101219
1696  4.240000 -0.434912151540
1697  4.242500 -0.434999518685
1698  4.245000 -0.435088459540
1699  4.247500 -0.435178204645
1700  4.250000 -0.435267963950
1701  4.252500 -0.435356941598
1702  4.255000 -0.435444342582
1703  4.257500 -0.435529388857
1704  4.260000 -0.435611319990
1705  4.262500 -0.435689418771
1706  4.265000 -0.435763003061
1707  4.267500 -0.435831443169
1708  4.270000 -0.435894164501
1709  4.272500 -0.435950651298
1710  4.275000 -0.436000450110
1711  4.277500 -0.436043171139
1712  4.280000 -0.436078490884
1713  4.282500 -0.436106148474
1714  4.285000 -0.436125944146
1715  4.287500 -0.436137736606
1716  4.290000 -0.436141438530
1717  4.292500 -0.436137015268
1718  4.295000 -0.436124485244
1719  4.297500 -0.436103911457
1720  4.300000 -0.436075395690
1721  4.302500 -0.436039074643
1722  4.305000 -0.435995123223
1723  4.307500 -0.435943741755
1724  4.310000 -0.435885160351
1725  4.312500 -0.435819636378
1726  4.315000 -0.435747447606
1727  4.317500 -0.435668889693
1728  4.320000 -0.435584274248
1729  4.322500 -0.435493928500
1730  4.325000 -0.435398193143
1731  4.327500 -0.435297417896
1732  4.330000 -0.435191962634
1733  4.332500 -0.435082197684
1734  4.335000 -0.434968499965
1735  4.337500 -0.434851251300
1736  4.340000 -0.434730840487
1737  4.342500 -0.434607657881
1738  4.345000 -0.434482098058
1739  4.347500 -0.434354558961
1740  4.350000 -0.434225443403
1741  4.352500 -0.434095153209
1742  4.355000 -0.433964093250
1743  4.357500 -0.433832667626
1744  4.360000 -0.433701283169
1745  4.362500 -0.433570345857
1746  4.365000 -0.433440263219
1747  4.367500 -0.433311439999
1748  4.370000 -0.433184281152
1749  4.372500 -0.433059189534
1750  4.375000 -0.432936567223
1751  4.377500 -0.432816813799
1752  4.380000 -0.432700327268
1753  4.382500 -0.432587501146
1754  4.385000 -0.432478725372
1755  4.387500 -0.432374385066
1756  4.390000 -0.432274860650
1757  4.392500 -0.432180526719
1758  4.395000 -0.432091748496
1759  4.397500 -0.432008885598
1760  4.400000 -0.431932288230
1761  4.402500 -0.431862292813
1762  4.405000 -0.431799224326
1763  4.407500 -0.431743391310
1764  4.410000 -0.431695087442
1765  4.412500 -0.431654587503
1766  4.415000 -0.431622139142
1767  4.417500 -0.431597970218
1768  4.420000 -0.431582279868
1769  4.422500 -0.431575233505
1770  4.425000 -0.431576962289
1771  4.427500 -0.431587558722
1772  4.430000 -0.431607072243
1773  4.432500 -0.431635498284
1774  4.435000 -0.431672785063
1775  4.437500 -0.431718820376
1776  4.440000 -0.431773432080
1777  4.442500 -0.431836385912
1778  4.445000 -0.431907375666
1779  4.447500 -0.431986027174
1780  4.450000 -0.432071892974
1781  4.452500 -0.432164453465
1782  4.455000 -0.432263115412
1783  4.457500 -0.432367226955
1784  4.460000 -0.432476068105
1785  4.462500 -0.432588869704
1786  4.465000 -0.432704813091
1787  4.467500 -0.432823042548
1788  4.470000 -0.432942682293
1789  4.472500 -0.433062846067
1790  4.475000 -0.433182647545
1791  4.477500 -0.433301225638
1792  4.480000 -0.433417736468
1793  4.482500 -0.433531383756
1794  4.485000 -0.433641420156
1795  4.487500 -0.433747153107
1796  4.490000 -0.433847960031
1797  4.492500 -0.433943286732
1798  4.495000 -0.434032650480
1799  4.497500 -0.434115640250
1800  4.500000 -0.434191919951
1801  4.502500 -0.434261221645
1802  4.505000 -0.434323351985
1803  4.507500 -0.434378176778
1804  4.510000 -0.434425623342
1805  4.512500 -0.434465671586
1806  4.515000 -0.434498355548
1807  4.517500 -0.434523753295
1808  4.520000 -0.434541984377
1809  4.522500 -0.434553208486
1810  4.525000 -0.434557614557
1811  4.527500 -0.434555420734
1812  4.530000 -0.434546870226
1813  4.532500 -0.434532227598
1814  4.535000 -0.434511776722
1815  4.537500 -0.434485816022
1816  4.540000 -0.434454657412
1817  4.542500 -0.434418623354
1818  4.545000 -0.434378045723
1819  4.547500 -0.434333262163
1820  4.550000 -0.434284614196
1821  4.552500 -0.434232445362
1822  4.555000 -0.434177104912
1823  4.557500 -0.434118939438
1824  4.560000 -0.434058293522
1825  4.562500 -0.433995512492
1826  4.565000 -0.433930936510
1827  4.567500 -0.433864902742
1828  4.570000 -0.433797742801
1829  4.572500 -0.433729783694
1830  4.575000 -0.433661343046
1831  4.577500 -0.433592731984
1832  4.580000 -0.433524248482
1833  4.582500 -0.433456188516
1834  4.585000 -0.433388833382
1835  4.587500 -0.433322449575
1836  4.590000 -0.433257294440
1837  4.592500 -0.433193612475
1838  4.595000 -0.433131633850
1839  4.597500 -0.433071568789
1840  4.600000 -0.433013616111
1841  4.602500 -0.432957958048
1842  4.605000 -0.432904754929
1843  4.607500 -0.432854149674
1844  4.610000 -0.432806261627
1845  4.612500 -0.432761195095
1846  4.615000 -0.432719028065
1847  4.617500 -0.432679821025
1848  4.620000 -0.432643606263
1849  4.622500 -0.432610397447
1850  4.625000 -0.432580183175
1851  4.627500 -0.432552929616
1852  4.630000 -0.432528579029
1853  4.632500 -0.432507051738
1854  4.635000 -0.432488244716
1855  4.637500 -0.432472033270
1856  4.640000 -0.432458274034
1857  4.642500 -0.432446804112
1858  4.645000 -0.432437445263
1859  4.647500 -0.432430003642
1860  4.650000 -0.432424274203
1861  4.652500 -0.432420039766
1862  4.655000 -0.432417076233
1863  4.657500 -0.432415156475
1864  4.660000 -0.432414051060
1865  4.662500 -0.432413529557
1866  4.665000 -0.432413361277
1867  4.667500 -0.432413330403
1868  4.670000 -0.432413224692
1869  4.672500 -0.432412843769
1870  4.675000 -0.432412001453
1871  4.677500 -0.432410529142
1872  4.680000 -0.432408272338
1873  4.682500 -0.432405094146
1874  4.685000 -0.432400879687
1875  4.687500 -0.432395531853
1876  4.690000 -0.432388976363
1877  4.692500 -0.432381155384
1878  4.695000 -0.432372038474
1879  4.697500 -0.432361615029
1880  4.700000 -0.432349893608
1881  4.702500 -0.432336900340
1882  4.705000 -0.432322680071
1883  4.707500 -0.432307299137
1884  4.710000 -0.432290838971
1885  4.712500 -0.432273395973
1886  4.715000 -0.432255082247
1887  4.717500 -0.432236019219
1888  4.720000 -0.432216341826
1889  4.722500 -0.432196196359
1890  4.725000 -0.432175739106
1891  4.727500 -0.432155126630
1892  4.730000 -0.432134526731
1893  4.732500 -0.432114109109
1894  4.735000 -0.432094045857
1895  4.737500 -0.432074508186
1896  4.740000 -0.432055668784
1897  4.742500 -0.432037699242
1898  4.745000 -0.432020762744
1899  4.747500 -0.432005020751
1900  4.750000 -0.431990624009
1901  4.752500 -0.431977717543
1902  4.755000 -0.431966433279
1903  4.757500 -0.431956893042
1904  4.760000 -0.431949198179
1905  4.762500 -0.431943442745
1906  4.765000 -0.431939697193
1907  4.767500 -0.431938016362
1908  4.770000 -0.431938434041
1909  4.772500 -0.431940963834
1910  4.775000 -0.431945595523
1911  4.777500 -0.431952296999
1912  4.780000 -0.431961008088
1913  4.782500 -0.431971649231
1914  4.785000 -0.431984112723
1915  4.787500 -0.431998266448
1916  4.790000 -0.432013953891
1917  4.792500 -0.432030992646
1918  4.795000 -0.432049181281
1919  4.797500 -0.432068293769
1920  4.800000 -0.432088090468
1921  4.802500 -0.432108308679
1922  4.805000 -0.432128673199
1923  4.807500 -0.432148899089
1924  4.810000 -0.432168691274
1925  4.812500 -0.432187754068
1926  4.815000 -0.432205787485
1927  4.817500 -0.432222495316
1928  4.820000 -0.432237587421
1929  4.822500 -0.432250784017
1930  4.825000 -0.432261815943
1931  4.827500 -0.432270430965
1932  4.830000 -0.432276392522
1933  4.832500 -0.432279491253
1934  4.835000 -0.432279533604
1935  4.837500 -0.432276354354
1936  4.840000 -0.432269816735
1937  4.842500 -0.432259806313
1938  4.845000 -0.432246238230
1939  4.847500 -0.432229052637
1940  4.850000 -0.432208219822
1941  4.852500 -0.432183737368
1942  4.855000 -0.432155624125
1943  4.857500 -0.432123928079
1944  4.860000 -0.432088723017
1945  4.862500 -0.432050105580
1946  4.865000 -0.432008193907
1947  4.867500 -0.431963126302
1948  4.870000 -0.431915064967
1949  4.872500 -0.431864186945
1950  4.875000 -0.431810687169
1951  4.877500 -0.431754775869
1952  4.880000 -0.431696683554
1953  4.882500 -0.431636646929
1954  4.885000 -0.431574917495
1955  4.887500 -0.431511759979
1956  4.890000 -0.431447445916
1957  4.892500 -0.431382256696
1958  4.895000 -0.431316482452
1959  4.897500 -0.431250420618
1960  4.900000 -0.431184369978
1961  4.902500 -0.431118636831
1962  4.905000 -0.431053533433
1963  4.907500 -0.430989370799
1964  4.910000 -0.430926463194
1965  4.912500 -0.430865126102
1966  4.915000 -0.430805677387
1967  4.917500 -0.430748426147
1968  4.920000 -0.430693687971
1969  4.922500 -0.430641769715
1970  4.925000 -0.430592974729
1971  4.927500 -0.430547599147
1972  4.930000 -0.430505930209
1973  4.932500 -0.430468250277
1974  4.935000 -0.430434827361
1975  4.937500 -0.430405922055
1976  4.940000 -0.430381777630
1977  4.942500 -0.430362618901
1978  4.945000 -0.430348655830
1979  4.947500 -0.430340074757
1980  4.950000 -0.430337039749
1981  4.952500 -0.430339689634
1982  4.955000 -0.430348131977
1983  4.957500 -0.430362445955
1984  4.960000 -0.430382677528
1985  4.962500 -0.430408830522
1986  4.965000 -0.430440869340
1987  4.967500 -0.430478718416
1988  4.970000 -0.430522256153
1989  4.972500 -0.430571315442
1990  4.975000 -0.430625678084
1991  4.977500 -0.430685078283
1992  4.980000 -0.430749198622
1993  4.982500 -0.430817674992
1994  4.985000 -0.430890093326
1995  4.987500 -0.430965992949
1996  4.990000 -0.431044876946
1997  4.992500 -0.431126209425
1998  4.995000 -0.431209424942
1999  4.997500 -0.431293935728
2000  5.000000 -0.431379136151
2001  5.002500 -0.431464411715
2002  5.005000 -0.431549151451
2003  5.007500 -0.431632752352
2004  5.010000 -0.431714628060
2005  5.012500 -0.431794211552
2006  5.015000 -0.431870972323
2007  5.017500 -0.431944417380
2008  5.020000 -0.432014090442
2009  5.022500 -0.432079584782
2010  5.025000 -0.432140533866
2011  5.027500 -0.432196629974
2012  5.030000 -0.432247608706
2013  5.032500 -0.432293253412
2014  5.035000 -0.432333398118
2015  5.037500 -0.432367920311
2016  5.040000 -0.432396745248
2017  5.042500 -0.432419837231
2018  5.045000 -0.432437199370
2019  5.047500 -0.432448870046
2020  5.050000 -0.432454920441
2021  5.052500 -0.432455451687
2022  5.055000 -0.432450592435
2023  5.057500 -0.432440491051
2024  5.060000 -0.432425320354
2025  5.062500 -0.432405270434
2026  5.065000 -0.432380549473
2027  5.067500 -0.432351378284
2028  5.070000 -0.432317989091
2029  5.072500 -0.432280624727
2030  5.075000 -0.432239537550
2031  5.077500 -0.432194984409
2032  5.080000 -0.432147227747
2033  5.082500 -0.432096534135
2034  5.085000 -0.432043174569
2035  5.087500 -0.431987419087
2036  5.090000 -0.431929536323
2037  5.092500 -0.431869799618
2038  5.095000 -0.431808476838
2039  5.097500 -0.431745834217
2040  5.100000 -0.431682134215
2041  5.102500 -0.431617635732
2042  5.105000 -0.431552592663
2043  5.107500 -0.431487253244
2044  5.110000 -0.431421860527
2045  5.112500 -0.431356650502
2046  5.115000 -0.431291848635
2047  5.117500 -0.431227674029
2048  5.120000 -0.431164336409
2049  5.122500 -0.431102038531
2050  5.125000 -0.431040967719
2051  5.127500 -0.430981305537
2052  5.130000 -0.430923217059
2053  5.132500 -0.430866857053
2054  5.135000 -0.430812368605
2055  5.137500 -0.430759879485
2056  5.140000 -0.430709506607
2057  5.142500 -0.430661349644
2058  5.145000 -0.430615494072
2059  5.147500 -0.430572007868
2060  5.150000 -0.430530942639
2061  5.152500 -0.430492338141
2062  5.155000 -0.430456212803
2063  5.157500 -0.430422573498
2064  5.160000 -0.430391404375
2065  5.162500 -0.430362677790
2066  5.165000 -0.430336349311
2067  5.167500 -0.430312358433
2068  5.170000 -0.430290627804
2069  5.172500 -0.430271065543
2070  5.175000 -0.430253567108
2071  5.177500 -0.430238013666
2072  5.180000 -0.430224273357
2073  5.182500 -0.430212204771
2074  5.185000 -0.430201658140
2075  5.187500 -0.430192474453
2076  5.190000 -0.430184488028
2077  5.192500 -0.430177530070
2078  5.195000 -0.430171428817
2079  5.197500 -0.430166009813
2080  5.200000 -0.430161097482
2081  5.202500 -0.430156523905
2082  5.205000 -0.430152121380
2083  5.207500 -0.430147725732
2084  5.210000 -0.430143182981
2085  5.212500 -0.430138343581
2086  5.215000 -0.430133068598
2087  5.217500 -0.430127230939
2088  5.220000 -0.430120713311
2089  5.222500 -0.430113408467
2090  5.225000 -0.430105223316
2091  5.227500 -0.430096075881
2092  5.230000 -0.430085899204
2093  5.232500 -0.430074639867
2094  5.235000 -0.430062253207
2095  5.237500 -0.430048710793
2096  5.240000 -0.430033995951
2097  5.242500 -0.430018104320
2098  5.245000 -0.430001041492
2099  5.247500 -0.429982823924
2100  5.250000 -0.429963479126
2101  5.252500 -0.429943045229
2102  5.255000 -0.429921570024
2103  5.257500 -0.429899106448
2104  5.260000 -0.429875716529
2105  5.262500 -0.429851467745
2106  5.265000 -0.429826435968
2107  5.267500 -0.429800699557
2108  5.270000 -0.429774341561
2109  5.272500 -0.429747448133
2110  5.275000 -0.429720108975
2111  5.277500 -0.429692414879
2112  5.280000 -0.429664459084
2113  5.282500 -0.429636331935
2114  5.285000 -0.429608124491
2115  5.287500 -0.429579928188
2116  5.290000 -0.429551830961
2117  5.292500 -0.429523918194
2118  5.295000 -0.429496271760
2119  5.297500 -0.429468971729
2120  5.300000 -0.429442093347
2121  5.302500 -0.429415705347
2122  5.305000 -0.429389871477
2123  5.307500 -0.429364647742
2124  5.310000 -0.429340088589
2125  5.312500 -0.429316237879
2126  5.315000 -0.429293134601
2127  5.317500 -0.429270808616
2128  5.320000 -0.429249282807
2129  5.322500 -0.429228573984
2130  5.325000 -0.429208688635
2131  5.327500 -0.429189627940
2132  5.330000 -0.429171384102
2133  5.332500 -0.429153944385
2134  5.335000 -0.429137283362
2135  5.337500 -0.429121374414
2136  5.340000 -0.429106180884
2137  5.342500 -0.429091659270
2138  5.345000 -0.429077763541
2139  5.347500 -0.429064438625
2140  5.350000 -0.429051626712
2141  5.352500 -0.429039269525
2142  5.355000 -0.429027302221
2143  5.357500 -0.429015655899
2144  5.360000 -0.429004264349
2145  5.362500 -0.428993056859
2146  5.365000 -0.428981966005
2147  5.367500 -0.428970924086
2148  5.370000 -0.428959866614
2149  5.372500 -0.428948727803
2150  5.375000 -0.428937451807
2151  5.377500 -0.428925982415
2152  5.380000 -0.428914268840
2153  5.382500 -0.428902269218
2154  5.385000 -0.428889944615
2155  5.387500 -0.428877263707
2156  5.390000 -0.428864202783
2157  5.392500 -0.428850747457
2158  5.395000 -0.428836888706
2159  5.397500 -0.428822629034
2160  5.400000 -0.428807976097
2161  5.402500 -0.428792948187
2162  5.405000 -0.428777571964
2163  5.407500 -0.428761883901
2164  5.410000 -0.428745926425
2165  5.412500 -0.428729753822
2166  5.415000 -0.428713426058
2167  5.417500 -0.428697013131
2168  5.420000 -0.428680593027
2169  5.422500 -0.428664250182
2170  5.425000 -0.428648074799
2171  5.427500 -0.428632167036
2172  5.430000 -0.428616630660
2173  5.432500 -0.428601577619
2174  5.435000 -0.428587124943
2175  5.437500 -0.428573389198
2176  5.440000 -0.428560501210
2177  5.442500 -0.428548585758
2178  5.445000 -0.428537774801
2179  5.447500 -0.428528202817
2180  5.450000 -0.428520003681
2181  5.452500 -0.428513313945
2182  5.455000 -0.428508269625
2183  5.457500 -0.428505005560
2184  5.460000 -0.428503657554
2185  5.462500 -0.428504356617
2186  5.465000 -0.428507230848
2187  5.467500 -0.428512403921
2188  5.470000 -0.428519994133
2189  5.472500 -0.428530113117
2190  5.475000 -0.428542867917
2191  5.477500 -0.428558355336
2192  5.480000 -0.428576663300
2193  5.482500 -0.428597869125
2194  5.485000 -0.428622035131
2195  5.487500 -0.428649213682
2196  5.490000 -0.428679443235
2197  5.492500 -0.428712747265
2198  5.495000 -0.428749129372
2199  5.497500 -0.428788577097
2200  5.500000 -0.428831062375
2201  5.502500 -0.428876530769
2202  5.505000 -0.428924911486
2203  5.507500 -0.428976111693
2204  5.510000 -0.429030016026
2205  5.512500 -0.429086486932
2206  5.515000 -0.429145365512
2207  5.517500 -0.429206468597
2208  5.520000 -0.429269590977
2209  5.522500 -0.429334508702
2210  5.525000 -0.429400975199
2211  5.527500 -0.429468724116
2212  5.530000 -0.429537476274
2213  5.532500 -0.429606933528
2214  5.535000 -0.429676789823
2215  5.537500 -0.429746725675
2216  5.540000 -0.429816413565
2217  5.542500 -0.429885526822
2218  5.545000 -0.429953732415
2219  5.547500 -0.430020700733
2220  5.550000 -0.430086109709
2221  5.552500 -0.430149642330
2222  5.555000 -0.430210994256
2223  5.557500 -0.430269875846
2224  5.560000 -0.430326012377
2225  5.562500 -0.430379147948
2226  5.565000 -0.430429046232
2227  5.567500 -0.430475489750
2228  5.570000 -0.430518288396
2229  5.572500 -0.430557271158
2230  5.575000 -0.430592289759
2231  5.577500 -0.430623219840
2232  5.580000 -0.430649961596
2233  5.582500 -0.430672436687
2234  5.585000 -0.430690588535
2235  5.587500 -0.430704382889
2236  5.590000 -0.430713807423
2237  5.592500 -0.430718869930
2238  5.595000 -0.430719589949
2239  5.597500 -0.430716012623
2240  5.600000 -0.430708195912
2241  5.602500 -0.430696213072
2242  5.605000 -0.430680150826
2243  5.607500 -0.430660111055
2244  5.610000 -0.430636205189
2245  5.612500 -0.430608555735
2246  5.615000 -0.430577295785
2247  5.617500 -0.430542568287
2248  5.620000 -0.430504522179
2249  5.622500 -0.430463311594
2250  5.625000 -0.430419102386
2251  5.627500 -0.430372060978
2252  5.630000 -0.430322360106
2253  5.632500 -0.430270177382
2254  5.635000 -0.430215694189
2255  5.637500 -0.430159092718
2256  5.640000 -0.430100559818
2257  5.642500 -0.430040283540
2258  5.645000 -0.429978453155
2259  5.647500 -0.429915256887
2260  5.650000 -0.429850886736
2261  5.652500 -0.429785532490
2262  5.655000 -0.429719384138
2263  5.657500 -0.429652629724
2264  5.660000 -0.429585457527
2265  5.662500 -0.429518055112
2266  5.665000 -0.429450607968
2267  5.667500 -0.429383298521
2268  5.670000 -0.429316307131
2269  5.672500 -0.429249811627
2270  5.675000 -0.429183985791
2271  5.677500 -0.429119003242
2272  5.680000 -0.429055030427
2273  5.682500 -0.428992230349
2274  5.685000 -0.428930762431
2275  5.687500 -0.428870780340
2276  5.690000 -0.428812433672
2277  5.692500 -0.428755866601
2278  5.695000 -0.428701216489
2279  5.697500 -0.428648616192
2280  5.700000 -0.428598187439
2281  5.702500 -0.428550049727
2282  5.705000 -0.428504310201
2283  5.707500 -0.428461072475
2284  5.710000 -0.428420432192
2285  5.712500 -0.428382471552
2286  5.715000 -0.428347265134
2287  5.717500 -0.428314880510
2288  5.720000 -0.428285371633
2289  5.722500 -0.428258783233
2290  5.725000 -0.428235148119
2291  5.727500 -0.428214490080
2292  5.730000 -0.428196817186
2293  5.732500 -0.428182130345
2294  5.735000 -0.428170413772
2295  5.737500 -0.428161639604
2296  5.740000 -0.428155768415
2297  5.742500 -0.428152747847
2298  5.745000 -0.428152511256
2299  5.747500 -0.428154981673
2300  5.750000 -0.428160067678
2301  5.752500 -0.428167666802
2302  5.755000 -0.428177661965
2303  5.757500 -0.428189928567
2304  5.760000 -0.428204330305
2305  5.762500 -0.428220720688
2306  5.765000 -0.428238942651
2307  5.767500 -0.428258835601
2308  5.770000 -0.428280229567
2309  5.772500 -0.428302948034
2310  5.775000 -0.428326811083
2311  5.777500 -0.428351635399
2312  5.780000 -0.428377236735
2313  5.782500 -0.428403430025
2314  5.785000 -0.428430031805
2315  5.787500 -0.428456859666
2316  5.790000 -0.428483737030
2317  5.792500 -0.428510491374
2318  5.795000 -0.428536958058
2319  5.797500 -0.428562976794
2320  5.800000 -0.428588400423
2321  5.802500 -0.428613086441
2322  5.805000 -0.428636906551
2323  5.807500 -0.428659739038
2324  5.810000 -0.428681476547
2325  5.812500 -0.428702023997
2326  5.815000 -0.428721297961
2327  5.817500 -0.428739225021
2328  5.820000 -0.428755748143
2329  5.822500 -0.428770819553
2330  5.825000 -0.428784405403
2331  5.827500 -0.428796479984
2332  5.830000 -0.428807032250
2333  5.832500 -0.428816064769
2334  5.835000 -0.428823587735
2335  5.837500 -0.428829621913
2336  5.840000 -0.428834201265
2337  5.842500 -0.428837368348
2338  5.845000 -0.428839171346
2339  5.847500 -0.428839669041
2340  5.850000 -0.428838929008
2341  5.852500 -0.428837026309
2342  5.855000 -0.428834037770
2343  5.857500 -0.428830051735
2344  5.860000 -0.428825160295
2345  5.862500 -0.428819458936
2346  5.865000 -0.428813047905
2347  5.867500 -0.428806033787
2348  5.870000 -0.428798521684
2349  5.872500 -0.428790621037
2350  5.875000 -0.428782444696
2351  5.877500 -0.428774107217
2352  5.880000 -0.428765720847
2353  5.882500 -0.428757400703
2354  5.885000 -0.428749259450
2355  5.887500 -0.428741409454
2356  5.890000 -0.428733964690
2357  5.892500 -0.428727034445
2358  5.895000 -0.428720725893
2359  5.897500 -0.428715144729
2360  5.900000 -0.428710393590
2361  5.902500 -0.428706567461
2362  5.905000 -0.428703761456
2363  5.907500 -0.428702063873
2364  5.910000 -0.428701558102
2365  5.912500 -0.428702321970
2366  5.915000 -0.428704428351
2367  5.917500 -0.428707941285
2368  5.920000 -0.428712921527
2369  5.922500 -0.428719422797
2370  5.925000 -0.428727485902
2371  5.927500 -0.428737148261
2372  5.930000 -0.428748439374
2373  5.932500 -0.428761378968
2374  5.935000 -0.428775980619
2375  5.937500 -0.428792247647
2376  5.940000 -0.428810175357
2377  5.942500 -0.428829750071
2378  5.945000 -0.428850952030
2379  5.947500 -0.428873748769
2380  5.950000 -0.428898105919
2381  5.952500 -0.428923975390
2382  5.955000 -0.428951307719
2383  5.957500 -0.428980044068
2384  5.960000 -0.429010118266
2385  5.962500 -0.429041461207
2386  5.965000 -0.429073996514
2387  5.967500 -0.429107646490
2388  5.970000 -0.429142324353
2389  5.972500 -0.429177945052
2390  5.975000 -0.429214418940
2391  5.977500 -0.429251652944
2392  5.980000 -0.429289557923
2393  5.982500 -0.429328044847
2394  5.985000 -0.429367019941
2395  5.987500 -0.429406398904
2396  5.990000 -0.429446090719
2397  5.992500 -0.429486012879
2398  5.995000 -0.429526084599
2399  5.997500 -0.429566232317
2400  6.000000 -0.429606382483
2401  6.002500 -0.429646465700
2402  6.005000 -0.429686420748
2403  6.007500 -0.429726191437
2404  6.010000 -0.429765725869
2405  6.012500 -0.429804977915
2406  6.015000 -0.429843905779
2407  6.017500 -0.429882473706
2408  6.020000 -0.429920648594
2409  6.022500 -0.429958403708
2410  6.025000 -0.429995717594
2411  6.027500 -0.430032571093
2412  6.030000 -0.430068949060
2413  6.032500 -0.430104838454
2414  6.035000 -0.430140232669
2415  6.037500 -0.430175122418
2416  6.040000 -0.430209503438
2417  6.042500 -0.430243369967
2418  6.045000 -0.430276714898
2419  6.047500 -0.430309530719
2420  6.050000 -0.430341811087
2421  6.052500 -0.430373547595
2422  6.055000 -0.430404727375
2423  6.057500 -0.430435338905
2424  6.060000 -0.430465364279
2425  6.062500 -0.430494781832
2426  6.065000 -0.430523567571
2427  6.067500 -0.430551691144
2428  6.070000 -0.430579118947
2429  6.072500 -0.430605812531
2430  6.075000 -0.430631725508
2431  6.077500 -0.430656807925
2432  6.080000 -0.430681008366
2433  6.082500 -0.430704264846
2434  6.085000 -0.430726512803
2435  6.087500 -0.430747684243
2436  6.090000 -0.430767705440
2437  6.092500 -0.430786499416
2438  6.095000 -0.430803986483
2439  6.097500 -0.430820083276
2440  6.100000 -0.430834705726
2441  6.102500 -0.430847767252
2442  6.105000 -0.430859183809
2443  6.107500 -0.430868867466
2444  6.110000 -0.430876735726
2445  6.112500 -0.430882707694
2446  6.115000 -0.430886702873
2447  6.117500 -0.430888647308
2448  6.120000 -0.430888470481
2449  6.122500 -0.430886105419
2450  6.125000 -0.430881496185
2451  6.127500 -0.430874589387
2452  6.130000 -0.430865339270
2453  6.132500 -0.430853712619
2454  6.135000 -0.430839678293
2455  6.137500 -0.430823219364
2456  6.140000 -0.430804324858
2457  6.142500 -0.430782995923
2458  6.145000 -0.430759239821
2459  6.147500 -0.430733075314
2460  6.150000 -0.430704530692
2461  6.152500 -0.430673645182
2462  6.155000 -0.430640464947
2463  6.157500 -0.430605047781
2464  6.160000 -0.430567457897
2465  6.162500 -0.430527770607
2466  6.165000 -0.430486068474
2467  6.167500 -0.430442442574
2468  6.170000 -0.430396992857
2469  6.172500 -0.430349825567
2470  6.175000 -0.430301053120
2471  6.177500 -0.430250793116
2472  6.180000 -0.430199172757
2473  6.182500 -0.430146320959
2474  6.185000 -0.430092373427
2475  6.187500 -0.430037471774
2476  6.190000 -0.429981756937
2477  6.192500 -0.429925376843
2478  6.195000 -0.429868480735
2479  6.197500 -0.429811220657
2480  6.200000 -0.429753748833
2481  6.202500 -0.429696218594
2482  6.205000 -0.429638784268
2483  6.207500 -0.429581598187
2484  6.210000 -0.429524813580
2485  6.212500 -0.429468581241
2486  6.215000 -0.429413049249
2487  6.217500 -0.429358363943
2488  6.220000 -0.429304666054
2489  6.222500 -0.429252094086
2490  6.225000 -0.429200779671
2491  6.227500 -0.429150848503
2492  6.230000 -0.429102418585
2493  6.232500 -0.429055604172
2494  6.235000 -0.429010506914
2495  6.237500 -0.428967222306
2496  6.240000 -0.428925835841
2497  6.242500 -0.428886420305
2498  6.245000 -0.428849037178
2499  6.247500 -0.428813737232
2500  6.250000 -0.428780557762
2501  6.252500 -0.428749523364
2502  6.255000 -0.428720644393
2503  6.257500 -0.428693915397
2504  6.260000 -0.428669316469
2505  6.262500 -0.428646813115
2506  6.265000 -0.428626354531
2507  6.267500 -0.428607877404
2508  6.270000 -0.428591300273
2509  6.272500 -0.428576527964
2510  6.275000 -0.428563451541
2511  6.277500 -0.428551947899
2512  6.280000 -0.428541882893
2513  6.282500 -0.428533109993
2514  6.285000 -0.428525474438
2515  6.287500 -0.428518810537
2516  6.290000 -0.428512946101
2517  6.292500 -0.428507705187
2518  6.295000 -0.428502909169
2519  6.297500 -0.428498377871
2520  6.300000 -0.428493930626
2521  6.302500 -0.428489391522
2522  6.305000 -0.428484589007
2523  6.307500 -0.428479358071
2524  6.310000 -0.428473542587
2525  6.312500 -0.428466996475
2526  6.315000 -0.428459585266
2527  6.317500 -0.428451186994
2528  6.320000 -0.428441693175
2529  6.322500 -0.428431012340
2530  6.325000 -0.428419065987
2531  6.327500 -0.428405794334
2532  6.330000 -0.428391151696
2533  6.332500 -0.428375109513
2534  6.335000 -0.428357657268
2535  6.337500 -0.428338798903
2536  6.340000 -0.428318553215
2537  6.342500 -0.428296957736
2538  6.345000 -0.428274064817
2539  6.347500 -0.428249937550
2540  6.350000 -0.428224656395
2541  6.352500 -0.428198312828
2542  6.355000 -0.428171011920
2543  6.357500 -0.428142868620
2544  6.360000 -0.428114009065
2545  6.362500 -0.428084568967
2546  6.365000 -0.428054694243
2547  6.367500 -0.428024536752
2548  6.370000 -0.427994256174
2549  6.372500 -0.427964017972
2550  6.375000 -0.427933994081
2551  6.377500 -0.427904359326
2552  6.380000 -0.427875294814
2553  6.382500 -0.427846980490
2554  6.385000 -0.427819600844
2555  6.387500 -0.427793339924
2556  6.390000 -0.427768382048
2557  6.392500 -0.427744910624
2558  6.395000 -0.427723107636
2559  6.397500 -0.427703153264
2560  6.400000 -0.427685220369
2561  6.402500 -0.427669478323
2562  6.405000 -0.427656089792
2563  6.407500 -0.427645213042
2564  6.410000 -0.427636996640
2565  6.412500 -0.427631575107
2566  6.415000 -0.427629074197
2567  6.417500 -0.427629605923
2568  6.420000 -0.427633273858
2569  6.422500 -0.427640162535
2570  6.425000 -0.427650338987
2571  6.427500 -0.427663854483
2572  6.430000 -0.427680739705
2573  6.432500 -0.427701002131
2574  6.435000 -0.427724630833
2575  6.437500 -0.427751588107
2576  6.440000 -0.427781816230
2577  6.442500 -0.427815225676
2578  6.445000 -0.427851705982
2579  6.447500 -0.427891117446
2580  6.450000 -0.427933295527
2581  6.452500 -0.427978048839
2582  6.455000 -0.428025169468
2583  6.457500 -0.428074414425
2584  6.460000 -0.428125527897
2585  6.462500 -0.428178231615
2586  6.465000 -0.428232228507
2587  6.467500 -0.428287209211
2588  6.470000 -0.428342855065
2589  6.472500 -0.428398839611
2590  6.475000 -0.428454835022
2591  6.477500 -0.428510510781
2592  6.480000 -0.428565543728
2593  6.482500 -0.428619620856
2594  6.485000 -0.428672437833
2595  6.487500 -0.428723706033
2596  6.490000 -0.428773155412
2597  6.492500 -0.428820537171
2598  6.495000 -0.428865621744
2599  6.497500 -0.428908208304
2600  6.500000 -0.428948117476
2601  6.502500 -0.428985198416
2602  6.505000 -0.429019323630
2603  6.507500 -0.429050394224
2604  6.510000 -0.429078335239
2605  6.512500 -0.429103094805
2606  6.515000 -0.429124644718
2607  6.517500 -0.429142982330
2608  6.520000 -0.429158124530
2609  6.522500 -0.429170108757
2610  6.525000 -0.429178988732
2611  6.527500 -0.429184838320
2612  6.530000 -0.429187744795
2613  6.532500 -0.429187807183
2614  6.535000 -0.429185141457
2615  6.537500 -0.429179873410
2616  6.540000 -0.429172139133
2617  6.542500 -0.429162080732
2618  6.545000 -0.429149852259
2619  6.547500 -0.429135608674
2620  6.550000 -0.429119512664
2621  6.552500 -0.429101732342
2622  6.555000 -0.429082436964
2623  6.557500 -0.429061798520
2624  6.560000 -0.429039989720
2625  6.562500 -0.429017184283
2626  6.565000 -0.428993553659
2627  6.567500 -0.428969269187
2628  6.570000 -0.428944500434
2629  6.572500 -0.428919412497
2630  6.575000 -0.428894168550
2631  6.577500 -0.428868924166
2632  6.580000 -0.428843831246
2633  6.582500 -0.428819036368
2634  6.585000 -0.428794676982
2635  6.587500 -0.428770884940
2636  6.590000 -0.428747783205
2637  6.592500 -0.428725485533
2638  6.595000 -0.428704097275
2639  6.597500 -0.428683711635
2640  6.600000 -0.428664411848
2641  6.602500 -0.428646269162
2642  6.605000 -0.428629342085
2643  6.607500 -0.428613676989
2644  6.610000 -0.428599306571
2645  6.612500 -0.428586250815
2646  6.615000 -0.428574514566
2647  6.617500 -0.428564089268
2648  6.620000 -0.428554951397
2649  6.622500 -0.428547061737
2650  6.625000 -0.428540366751
2651  6.627500 -0.428534799974
2652  6.630000 -0.428530281734
2653  6.632500 -0.428526717694
2654  6.635000 -0.428524000889
2655  6.637500 -0.428522012456
2656  6.640000 -0.428520623439
2657  6.642500 -0.428519694883
2658  6.645000 -0.428519080031
2659  6.647500 -0.428518624233
2660  6.650000 -0.428518171281
2661  6.652500 -0.428517556838
2662  6.655000 -0.428516615470
2663  6.657500 -0.428515183168
2664  6.660000 -0.428513097092
2665  6.662500 -0.428510195572
2666  6.665000 -0.428506321845
2667  6.667500 -0.428501325896
2668  6.670000 -0.428495067093
2669  6.672500 -0.428487410369
2670  6.675000 -0.428478233817
2671  6.677500 -0.428467422199
2672  6.680000 -0.428454876579
2673  6.682500 -0.428440509895
2674  6.685000 -0.428424245438
2675  6.687500 -0.428406023346
2676  6.690000 -0.428385793597
2677  6.692500 -0.428363523297
2678  6.695000 -0.428339189920
2679  6.697500 -0.428312786402
2680  6.700000 -0.428284320890
2681  6.702500 -0.428253809581
2682  6.705000 -0.428221283210
2683  6.707500 -0.428186783752
2684  6.710000 -0.428150365999
2685  6.712500 -0.428112095999
2686  6.715000 -0.428072050030
2687  6.717500 -0.428030313899
2688  6.720000 -0.427986982107
2689  6.722500 -0.427942157892
2690  6.725000 -0.427895951726
2691  6.727500 -0.427848483372
2692  6.730000 -0.427799879529
2693  6.732500 -0.427750271107
2694  6.735000 -0.427699797489
2695  6.737500 -0.427648601692
2696  6.740000 -0.427596832109
2697  6.742500 -0.427544638755
2698  6.745000 -0.427492178142
2699  6.747500 -0.427439609560
2700  6.750000 -0.427387093395
2701  6.752500 -0.427334794472
2702  6.755000 -0.427282878586
2703  6.757500 -0.427231512826
2704  6.760000 -0.427180866943
2705  6.762500 -0.427131109346
2706  6.765000 -0.427082410263
2707  6.767500 -0.427034937413
2708  6.770000 -0.426988859978
2709  6.772500 -0.426944345360
2710  6.775000 -0.426901559521
2711  6.777500 -0.426860664584
2712  6.780000 -0.426821821071
2713  6.782500 -0.426785186080
2714  6.785000 -0.426750913057
2715  6.787500 -0.426719152555
2716  6.790000 -0.426690047559
2717  6.792500 -0.426663735577
2718  6.795000 -0.426640350002
2719  6.797500 -0.426620014572
2720  6.800000 -0.426602844186
2721  6.802500 -0.426588946792
2722  6.805000 -0.426578420577
2723  6.807500 -0.426571351716
2724  6.810000 -0.426567815137
2725  6.812500 -0.426567874432
2726  6.815000 -0.426571577074
2727  6.817500 -0.426578956641
2728  6.820000 -0.426590030380
2729  6.822500 -0.426604800389
2730  6.825000 -0.426623249381
2731  6.827500 -0.426645341640
2732  6.830000 -0.426671021252
2733  6.832500 -0.426700212290
2734  6.835000 -0.426732820518
2735  6.837500 -0.426768728595
2736  6.840000 -0.426807797894
2737  6.842500 -0.426849870400
2738  6.845000 -0.426894765378
2739  6.847500 -0.426942285739
2740  6.850000 -0.426992215454
2741  6.852500 -0.427044319301
2742  6.855000 -0.427098347132
2743  6.857500 -0.427154035289
2744  6.860000 -0.427211108269
2745  6.862500 -0.427269284598
2746  6.865000 -0.427328276477
2747  6.867500 -0.427387793809
2748  6.870000 -0.427447545908
2749  6.872500 -0.427507243182
2750  6.875000 -0.427566606151
2751  6.877500 -0.427625361420
2752  6.880000 -0.427683249950
2753  6.882500 -0.427740021713
2754  6.885000 -0.427795447845
2755  6.887500 -0.427849314707
2756  6.890000 -0.427901430343
2757  6.892500 -0.427951622703
2758  6.895000 -0.427999739064
2759  6.897500 -0.428045651379
2760  6.900000 -0.428089250831
2761  6.902500 -0.428130451295
2762  6.905000 -0.428169188583
2763  6.907500 -0.428205419700
2764  6.910000 -0.428239119669
2765  6.912500 -0.428270284324
2766  6.915000 -0.428298929229
2767  6.917500 -0.428325083727
2768  6.920000 -0.428348798045
2769  6.922500 -0.428370134957
2770  6.925000 -0.428389169596
2771  6.927500 -0.428405994363
2772  6.930000 -0.428420713393
2773  6.932500 -0.428433437662
2774  6.935000 -0.428444291932
2775  6.937500 -0.428453409224
2776  6.940000 -0.428460928198
2777  6.942500 -0.428466997820
2778  6.945000 -0.428471770956
2779  6.947500 -0.428475404851
2780  6.950000 -0.428478064468
2781  6.952500 -0.428479914636
2782  6.955000 -0.428481125394
2783  6.957500 -0.428481870383
2784  6.960000 -0.428482320896
2785  6.962500 -0.428482651502
2786  6.965000 -0.428483038186
2787  6.967500 -0.428483653509
2788  6.970000 -0.428484670305
2789  6.972500 -0.428486259419
2790  6.975000 -0.428488589001
2791  6.977500 -0.428491822628
2792  6.980000 -0.428496119515
2793  6.982500 -0.428501634876
2794  6.985000 -0.428508518296
2795  6.987500 -0.428516911656
2796  6.990000 -0.428526950394
2797  6.992500 -0.428538761600
2798  6.995000 -0.428552462572
2799  6.997500 -0.428568160141
2800  7.000000 -0.428585949770
2801  7.002500 -0.428605916322
2802  7.005000 -0.428628129775
2803  7.007500 -0.428652646031
2804  7.010000 -0.428679503967
2805  7.012500 -0.428708729021
2806  7.015000 -0.428740327495
2807  7.017500 -0.428774288668
2808  7.020000 -0.428810583286
2809  7.022500 -0.428849160561
2810  7.025000 -0.428889951211
2811  7.027500 -0.428932864719
2812  7.030000 -0.428977791524
2813  7.032500 -0.429024599761
2814  7.035000 -0.429073140411
2815  7.037500 -0.429123241183
2816  7.040000 -0.429174715205
2817  7.042500 -0.429227354625
2818  7.045000 -0.429280940740
2819  7.047500 -0.429335240611
2820  7.050000 -0.429390008967
2821  7.052500 -0.429444990814
2822  7.055000 -0.429499927179
2823  7.057500 -0.429554555183
2824  7.060000 -0.429608612302
2825  7.062500 -0.429661835637
2826  7.065000 -0.429713971655
2827  7.067500 -0.429764771905
2828  7.070000 -0.429813999013
2829  7.072500 -0.429861431420
2830  7.075000 -0.429906858477
2831  7.077500 -0.429950087957
2832  7.080000 -0.429990944893
2833  7.082500 -0.430029273753
2834  7.085000 -0.430064938432
2835  7.087500 -0.430097824737
2836  7.090000 -0.430127839150
2837  7.092500 -0.430154905335
2838  7.095000 -0.430178970690
2839  7.097500 -0.430200001138
2840  7.100000 -0.430217980288
2841  7.102500 -0.430232912433
2842  7.105000 -0.430244817856
2843  7.107500 -0.430253733763
2844  7.110000 -0.430259710121
2845  7.112500 -0.430262815411
2846  7.115000 -0.430263128430
2847  7.117500 -0.430260742090
2848  7.120000 -0.430255759085
2849  7.122500 -0.430248291690
2850  7.125000 -0.430238464857
2851  7.127500 -0.430226405468
2852  7.130000 -0.430212252200
2853  7.132500 -0.430196149732
2854  7.135000 -0.430178247955
2855  7.137500 -0.430158700774
2856  7.140000 -0.430137665876
2857  7.142500 -0.430115304123
2858  7.145000 -0.430091777057
2859  7.147500 -0.430067252458
2860  7.150000 -0.430041893462
2861  7.152500 -0.430015864644
2862  7.155000 -0.429989332295
2863  7.157500 -0.429962460235
2864  7.160000 -0.429935407762
2865  7.162500 -0.429908335445
2866  7.165000 -0.429881398802
2867  7.167500 -0.429854749531
2868  7.170000 -0.429828536043
2869  7.172500 -0.429802897736
2870  7.175000 -0.429777971050
2871  7.177500 -0.429753884016
2872  7.180000 -0.429730757377
2873  7.182500 -0.429708704047
2874  7.185000 -0.429687825823
2875  7.187500 -0.429668215816
2876  7.190000 -0.429649957199
2877  7.192500 -0.429633119576
2878  7.195000 -0.429617762933
2879  7.197500 -0.429603932308
2880  7.200000 -0.429591658741
2881  7.202500 -0.429580958288
2882  7.205000 -0.429571833778
2883  7.207500 -0.429564271603
2884  7.210000 -0.429558242175
2885  7.212500 -0.429553700046
2886  7.215000 -0.429550582977
2887  7.217500 -0.429548812491
2888  7.220000 -0.429548294366
2889  7.222500 -0.429548919383
2890  7.225000 -0.429550561030
2891  7.227500 -0.429553081509
2892  7.230000 -0.429556330994
2893  7.232500 -0.429560144527
2894  7.235000 -0.429564351501
2895  7.237500 -0.429568770834
2896  7.240000 -0.429573214171
2897  7.242500 -0.429577488765
2898  7.245000 -0.429581400777
2899  7.247500 -0.429584757616
2900  7.250000 -0.429587366431
2901  7.252500 -0.429589041307
2902  7.255000 -0.429589600597
2903  7.257500 -0.429588870657
2904  7.260000 -0.429586689073
2905  7.262500 -0.429582907293
2906  7.265000 -0.429577386932
2907  7.267500 -0.429570003785
2908  7.270000 -0.429560649721
2909  7.272500 -0.429549236564
2910  7.275000 -0.429535688078
2911  7.277500 -0.429519947977
2912  7.280000 -0.429501976135
2913  7.282500 -0.429481749254
2914  7.285000 -0.429459262916
2915  7.287500 -0.429434528833
2916  7.290000 -0.429407572208
2917  7.292500 -0.429378437195
2918  7.295000 -0.429347182530
2919  7.297500 -0.429313880343
2920  7.300000 -0.429278619814
2921  7.302500 -0.429241499829
2922  7.305000 -0.429202632990
2923  7.307500 -0.429162144897
2924  7.310000 -0.429120171893
2925  7.312500 -0.429076857663
2926  7.315000 -0.429032358924
2927  7.317500 -0.428986838578
2928  7.320000 -0.428940469194
2929  7.322500 -0.428893429770
2930  7.325000 -0.428845906797
2931  7.327500 -0.428798093299
2932  7.330000 -0.428750188147
2933  7.332500 -0.428702394519
2934  7.335000 -0.428654920035
2935  7.337500 -0.428607976588
2936  7.340000 -0.428561780990
2937  7.342500 -0.428516551100
2938  7.345000 -0.428472507859
2939  7.347500 -0.428429873260
2940  7.350000 -0.428388871181
2941  7.352500 -0.428349725783
2942  7.355000 -0.428312661166
2943  7.357500 -0.428277901627
2944  7.360000 -0.428245666858
2945  7.362500 -0.428216176960
2946  7.365000 -0.428189646346
2947  7.367500 -0.428166285998
2948  7.370000 -0.428146300159
2949  7.372500 -0.428129885950
2950  7.375000 -0.428117234112
2951  7.377500 -0.428108524194
2952  7.380000 -0.428103922649
2953  7.382500 -0.428103585458
2954  7.385000 -0.428107650892
2955  7.387500 -0.428116237690
2956  7.390000 -0.428129446738
2957  7.392500 -0.428147353225
2958  7.395000 -0.428170008572
2959  7.397500 -0.428197434247
2960  7.400000 -0.428229620425
2961  7.402500 -0.428266523244
2962  7.405000 -0.428308057998
2963  7.407500 -0.428354105339
2964  7.410000 -0.428404501129
2965  7.412500 -0.428459035216
2966  7.415000 -0.428517454534
2967  7.417500 -0.428579461104
2968  7.420000 -0.428644710219
2969  7.422500 -0.428712818068
2970  7.425000 -0.428783359483
2971  7.427500 -0.428855875319
2972  7.430000 -0.428929874849
2973  7.432500 -0.429004846569
2974  7.435000 -0.429080262855
2975  7.437500 -0.429155590401
2976  7.440000 -0.429230296113
2977  7.442500 -0.429303856404
2978  7.445000 -0.429375767992
2979  7.447500 -0.429445552532
2980  7.450000 -0.429512760926
2981  7.452500 -0.429576983476
2982  7.455000 -0.429637851961
2983  7.457500 -0.429695041434
2984  7.460000 -0.429748274704
2985  7.462500 -0.429797319150
2986  7.465000 -0.429841989437
2987  7.467500 -0.429882144813
2988  7.470000 -0.429917688159
2989  7.472500 -0.429948560738
2990  7.475000 -0.429974745018
2991  7.477500 -0.429996255674
2992  7.480000 -0.430013140689
2993  7.482500 -0.430025476349
2994  7.485000 -0.430033364593
2995  7.487500 -0.430036930458
2996  7.490000 -0.430036320677
2997  7.492500 -0.430031699945
2998  7.495000 -0.430023247605
2999  7.497500 -0.430011158175
