# N=$N, M=$M
# mu_k, sigma_k, mu_g, sigma_g, le_avr, err_narma2, err_narma10, err_narma20, err_narma30
1000.000000  0.000000  0.010000  0.003000  -0.067117122549   0.256588220827   38.897220950318   26.684111306111   7921.513046186357
1000.000000  1.000000  0.010000  0.003000  -0.066734881947   0.239317647825   12.835382763394   10.556530532013   3386.123125574199
1000.000000  2.000000  0.010000  0.003000  -0.066601557351   0.664757538200   28.771066819007   5.411960302008   3400.543986396217
1000.000000  3.000000  0.010000  0.003000  -0.066469834411   0.213118019297   23.492829039122   4.339418840895   2901.670474776248
1000.000000  4.000000  0.010000  0.003000  -0.066719098020   0.291627628274   19.500191285551   3.433835578746   3040.717078985383
1000.000000  5.000000  0.010000  0.003000  -0.066475707306   0.166588793673   20.264315115584   2.821064259317   3108.713086880586
1000.000000  6.000000  0.010000  0.003000  -0.066187359111   0.112881957098   22.594343270122   2.561476572592   3278.753914124060
1000.000000  7.000000  0.010000  0.003000  -0.066287007232   0.127798595187   23.928565958160   3.209355957580   3715.108911491506
1000.000000  8.000000  0.010000  0.003000  -0.066084877309   0.158341448372   21.193783339070   6.805581073854   4612.278220182703
1000.000000  9.000000  0.010000  0.003000  -0.066185588520   0.076220087506   22.430415195719   14.481462838849   5041.498401871896
1000.000000  10.000000  0.010000  0.003000  -0.066407906660   0.489898473163   46.593853223763   6.336574741374   2833.777511727527
1000.000000  11.000000  0.010000  0.003000  -0.065710878313   0.505269180293   35.883760029496   1.820303885651   2742.807782313553
1000.000000  12.000000  0.010000  0.003000  -0.066374617754   0.266091272801   29.027901258709   1.707293316305   2694.410461130252
1000.000000  13.000000  0.010000  0.003000  -0.066313628882   0.136615870049   24.691143629215   1.596725955709   2504.230971677314
1000.000000  14.000000  0.010000  0.003000  -0.066080916533   0.092680877251   22.481183146798   1.126926578691   2521.144340103573
1000.000000  15.000000  0.010000  0.003000  -0.065558538203   0.094147214788   26.423282435256   0.975507227524   2865.498330792205
1000.000000  16.000000  0.010000  0.003000  -0.066382129317   0.134754107245   31.982299107124   1.688747035669   3095.595321931677
1000.000000  17.000000  0.010000  0.003000  -0.066097306588   0.169730337748   32.812582262364   2.730475449969   2925.225850603775
1000.000000  18.000000  0.010000  0.003000  -0.065771455914   0.175198424788   31.461554318661   2.712342396490   2935.772973315257
1000.000000  19.000000  0.010000  0.003000  -0.065990932394   0.140128712826   25.032363108612   1.778180861802   3291.542652728961
1000.000000  20.000000  0.010000  0.003000  -0.066214137509   0.091548527660   18.198664724982   1.187082935799   3660.623742220741
1000.000000  21.000000  0.010000  0.003000  -0.066043096315   0.048416253538   15.789605208292   1.643234242676   3891.220744373697
1000.000000  22.000000  0.010000  0.003000  -0.065551736761   0.020239613337   17.040615041491   2.994103883990   4099.467880704531
1000.000000  23.000000  0.010000  0.003000  -0.065694440033   0.018381156741   18.299950233029   3.955221647940   4027.357213897664
1000.000000  24.000000  0.010000  0.003000  -0.065651075132   0.021918703495   18.442237225615   4.274577526517   3693.109294186542
1000.000000  25.000000  0.010000  0.003000  -0.065810932779   0.023747082778   16.855698233683   4.363545960408   3508.056973596907
1000.000000  26.000000  0.010000  0.003000  -0.065861020501   0.024632514370   15.189277546191   4.146453319512   3399.955616653506
1000.000000  27.000000  0.010000  0.003000  -0.065463204687   0.022778008036   12.500004795807   3.582896812599   3261.572450476611
1000.000000  28.000000  0.010000  0.003000  -0.066112115637   0.018104495417   8.372934551716   2.911310057179   3101.676120384572
1000.000000  29.000000  0.010000  0.003000  -0.065949997943   0.013394263665   4.807657096644   2.461656504376   3023.135873719863
1000.000000  30.000000  0.010000  0.003000  -0.065693573122   0.011077728114   3.112858508064   2.323990650392   3101.111259149495
1000.000000  31.000000  0.010000  0.003000  -0.066186754430   0.012436001662   3.189345404439   2.394021117883   3317.276405516755
1000.000000  32.000000  0.010000  0.003000  -0.065686285638   0.019926583630   4.876409800290   2.499446019081   3583.446226986056
1000.000000  33.000000  0.010000  0.003000  -0.065938627307   0.038545171992   8.223219760725   2.446877123748   3766.278616732848
1000.000000  34.000000  0.010000  0.003000  -0.065979385809   0.070164130324   13.553026615002   2.072608511253   3694.710722602304
1000.000000  35.000000  0.010000  0.003000  -0.065475986444   0.102176069957   21.299332064372   1.401576650804   3206.528601598662
1000.000000  36.000000  0.010000  0.003000  -0.065448894191   0.115292667177   30.196690040749   0.796413263661   2325.062625490607
1000.000000  37.000000  0.010000  0.003000  -0.066320904377   0.104206070003   36.039743040586   0.665697586400   1389.901736577416
1000.000000  38.000000  0.010000  0.003000  -0.065646197269   0.083014950544   36.522382462888   0.828515913177   784.787161034798
1000.000000  39.000000  0.010000  0.003000  -0.065847805461   0.066792037906   36.124626556647   0.985278006660   483.561433565973
1000.000000  40.000000  0.010000  0.003000  -0.065359230889   0.053450069598   38.670666497653   1.255875762374   296.437308560361
1000.000000  41.000000  0.010000  0.003000  -0.066039406038   0.039260840184   43.719175639379   1.712879254616   163.685442295576
1000.000000  42.000000  0.010000  0.003000  -0.065724638822   0.027053195638   49.340660466387   2.219673402817   97.116994946300
1000.000000  43.000000  0.010000  0.003000  -0.065828272234   0.018790810532   54.105769133522   2.652709331652   103.034569796699
1000.000000  44.000000  0.010000  0.003000  -0.065567153630   0.012911491767   57.920591051111   3.125525133934   182.201369139743
1000.000000  45.000000  0.010000  0.003000  -0.065770217277   0.008108792335   60.899013322087   3.901368415494   358.668266780119
1000.000000  46.000000  0.010000  0.003000  -0.065813523911   0.004859750620   61.758131939245   5.147369420899   667.531715234856
1000.000000  47.000000  0.010000  0.003000  -0.066039683973   0.003260437340   58.845869040662   6.808052205283   1106.844092590442
1000.000000  48.000000  0.010000  0.003000  -0.065750819235   0.002748590730   51.983361894468   8.662356804399   1630.940704306547
1000.000000  49.000000  0.010000  0.003000  -0.065068512016   0.002920634949   42.435310596581   10.470671277492   2190.418184226313
1000.000000  50.000000  0.010000  0.003000  -0.065373390067   0.003912053486   31.873591960685   12.082963667072   2753.689007816261
1000.000000  51.000000  0.010000  0.003000  -0.066300543260   0.006536783819   21.883087962296   13.536299122333   3296.775669697815
1000.000000  52.000000  0.010000  0.003000  -0.065735393525   0.011547221400   13.862008265981   15.159643602558   3784.232845632746
1000.000000  53.000000  0.010000  0.003000  -0.065466182056   0.017697101710   8.531913738894   17.479243048531   4152.409407206158
1000.000000  54.000000  0.010000  0.003000  -0.065410790380   0.021783589644   5.628407959703   20.869059107579   4334.811195748372
1000.000000  55.000000  0.010000  0.003000  -0.065635731520   0.021461699346   4.335247057919   25.246914259344   4375.003012758012
1000.000000  56.000000  0.010000  0.003000  -0.065610819620   0.017699009473   3.885790704488   30.171082525167   4474.134631794449
1000.000000  57.000000  0.010000  0.003000  -0.065140046686   0.013263566613   3.922348502560   35.557932744990   4845.266608040610
1000.000000  58.000000  0.010000  0.003000  -0.065305051657   0.008995941737   4.528454637148   42.156179995595   5620.859457447658
1000.000000  59.000000  0.010000  0.003000  -0.065312943426   0.004627595877   6.084256705839   50.929323884357   6962.850297531162
1000.000000  60.000000  0.010000  0.003000  -0.065827025261   0.002291981992   9.155896460136   62.302801665257   9218.824620014700
1000.000000  61.000000  0.010000  0.003000  -0.065504423640   0.007369088142   14.276049452883   75.863920492306   13031.079016220865
1000.000000  62.000000  0.010000  0.003000  -0.065371860005   0.025350096461   21.486559642540   89.825870599395   19425.449678578756
1000.000000  63.000000  0.010000  0.003000  -0.065520377080   0.055862326644   29.492831616246   99.914598090823   29765.827807553036
1000.000000  64.000000  0.010000  0.003000  -0.064986309181   0.086548901921   34.570291554520   98.816001204035   45115.267480156253
1000.000000  65.000000  0.010000  0.003000  -0.065577282408   0.094730866154   31.282722735284   79.728329197310   64354.737993927287
1000.000000  66.000000  0.010000  0.003000  -0.065318858898   0.067499238139   18.419601021870   45.889476385083   81931.881690083712
1000.000000  67.000000  0.010000  0.003000  -0.064960400624   0.024952253449   4.980660091409   14.406589666584   89639.974122293585
1000.000000  68.000000  0.010000  0.003000  -0.065490569893   0.002469947767   2.513240873646   0.786791878519   83847.208549447460
1000.000000  69.000000  0.010000  0.003000  -0.065116700784   0.009367415976   12.358353790775   4.264864816559   68842.304941154260
1000.000000  70.000000  0.010000  0.003000  -0.065481262674   0.028366995636   27.788525696768   14.832886834930   51646.991593146711
1000.000000  71.000000  0.010000  0.003000  -0.065092567402   0.042498102531   42.510687255634   24.809219053660   36763.194562180397
1000.000000  72.000000  0.010000  0.003000  -0.064982405348   0.046499518490   52.925219414664   31.147294290294   25571.265710003707
1000.000000  73.000000  0.010000  0.003000  -0.064509918877   0.042722295305   56.803330900839   33.265169459849   17766.658322776369
1000.000000  74.000000  0.010000  0.003000  -0.065644056720   0.035070627375   52.785880724417   31.416825797997   12546.106740404030
1000.000000  75.000000  0.010000  0.003000  -0.064972367853   0.026070557137   41.549192129991   26.391197482464   9151.208217507134
1000.000000  76.000000  0.010000  0.003000  -0.064734631440   0.017071911295   26.756692356382   19.654672342641   6996.430872382352
1000.000000  77.000000  0.010000  0.003000  -0.064867682470   0.009417146530   13.479992147704   12.977633134035   5659.214874320200
1000.000000  78.000000  0.010000  0.003000  -0.065281786134   0.004562140234   4.958026750503   7.628828920792   4838.405244159335
1000.000000  79.000000  0.010000  0.003000  -0.064616836068   0.003491882534   1.117490900260   3.978157910361   4288.326880528210
1000.000000  80.000000  0.010000  0.003000  -0.064671050227   0.006153078626   0.173154721299   1.769972833319   3800.152338181716
1000.000000  81.000000  0.010000  0.003000  -0.064630699700   0.011242484174   0.758830273734   0.605920889202   3261.544264231388
1000.000000  82.000000  0.010000  0.003000  -0.064681043598   0.017136208160   2.314914320947   0.168338980699   2681.172934866024
1000.000000  83.000000  0.010000  0.003000  -0.064490481247   0.023137761867   4.499298931392   0.196884507006   2131.943184302427
1000.000000  84.000000  0.010000  0.003000  -0.064565293922   0.029389558381   6.883071205077   0.456639438787   1676.058291931929
1000.000000  85.000000  0.010000  0.003000  -0.064840310077   0.035960814448   9.100512518074   0.773186133687   1336.193767638696
1000.000000  86.000000  0.010000  0.003000  -0.064878990679   0.042518773256   10.901435141142   1.046752482311   1107.218595126570
1000.000000  87.000000  0.010000  0.003000  -0.064823005712   0.048585468242   12.072973958687   1.222731129857   967.516196282961
1000.000000  88.000000  0.010000  0.003000  -0.064826430438   0.053820425225   12.477596133518   1.276150595518   893.411040131190
1000.000000  89.000000  0.010000  0.003000  -0.064929725412   0.058178157219   12.122914420710   1.219725876815   875.852721259582
1000.000000  90.000000  0.010000  0.003000  -0.064898001829   0.061812067325   11.130604779182   1.096585081299   918.492918917341
1000.000000  91.000000  0.010000  0.003000  -0.064853896222   0.064849374885   9.614870370737   0.949638125675   1023.715581009220
1000.000000  92.000000  0.010000  0.003000  -0.064309495446   0.067494033975   7.607432235525   0.797113692836   1191.866608817085
1000.000000  93.000000  0.010000  0.003000  -0.064770276627   0.070299057404   5.168042326597   0.634053623253   1433.464170094213
1000.000000  94.000000  0.010000  0.003000  -0.064438216323   0.073695088252   3.021520002177   0.516905050809   1700.880608732410
1000.000000  95.000000  0.010000  0.003000  -0.065379152299   0.077167284746   2.351057456375   0.607590254386   1725.145117745556
1000.000000  96.000000  0.010000  0.003000  -0.064672112450   0.080979152397   2.611558839792   0.900515321699   1514.753025873285
1000.000000  97.000000  0.010000  0.003000  -0.064554358828   0.085805233539   2.790029128061   1.231544037140   1314.586623284099
1000.000000  98.000000  0.010000  0.003000  -0.064710384764   0.091527928376   2.713896944307   1.536967072357   1176.187133834790
1000.000000  99.000000  0.010000  0.003000  -0.065314825322   0.097705517138   2.566550409505   1.835784537712   1087.612789140263
1000.000000  100.000000  0.010000  0.003000  -0.063776509709   0.103604758000   2.521348198768   2.151202329890   1040.818501166694
1000.000000  101.000000  0.010000  0.003000  -0.064419672537   0.108051926725   2.677918128477   2.476355505015   1035.448280942252
1000.000000  102.000000  0.010000  0.003000  -0.064295483686   0.109630275114   3.078118421257   2.767832289322   1076.046495173919
1000.000000  103.000000  0.010000  0.003000  -0.064450476606   0.107684093841   3.744840294059   2.988034593167   1165.408257387017
1000.000000  104.000000  0.010000  0.003000  -0.064210938804   0.103497618609   4.753708461042   3.195180551350   1285.972166130058
1000.000000  105.000000  0.010000  0.003000  -0.064660498276   0.099698264908   6.349629032307   3.575995609105   1383.007678295010
1000.000000  106.000000  0.010000  0.003000  -0.063786149365   0.097737760301   9.088106229100   4.374809025470   1385.154621788650
1000.000000  107.000000  0.010000  0.003000  -0.064005104890   0.097071237075   13.876812423933   5.851175036184   1248.174826220615
1000.000000  108.000000  0.010000  0.003000  -0.063895285008   0.096868123528   21.642721446839   8.244822881705   984.574914547950
1000.000000  109.000000  0.010000  0.003000  -0.064711739605   0.097290274171   32.461145634632   11.563051552947   666.622792691711
1000.000000  110.000000  0.010000  0.003000  -0.064188592238   0.099814259527   45.072150150939   15.330339310836   376.690996588181
1000.000000  111.000000  0.010000  0.003000  -0.063827843213   0.107409949042   57.598737888628   18.689759132464   164.155949805685
1000.000000  112.000000  0.010000  0.003000  -0.064525368051   0.123333951654   67.964170509088   20.790797640707   56.348839874012
1000.000000  113.000000  0.010000  0.003000  -0.063863737068   0.148046416282   74.118190099097   21.239871820847   49.535474798950
1000.000000  114.000000  0.010000  0.003000  -0.064399626164   0.178005775524   75.389058411090   20.331414271700   94.977732679977
1000.000000  115.000000  0.010000  0.003000  -0.064358497837   0.209256617049   72.861667772214   18.681291824932   139.079868213137
1000.000000  116.000000  0.010000  0.003000  -0.064181814078   0.242216443319   68.002630777238   16.774324552636   158.568440568962
1000.000000  117.000000  0.010000  0.003000  -0.064290771670   0.280016819571   61.357104525552   14.815953905036   153.728417988081
1000.000000  118.000000  0.010000  0.003000  -0.064378934312   0.319519574174   52.791134286690   12.776288108919   131.393416102515
1000.000000  119.000000  0.010000  0.003000  -0.063913511846   0.348521769022   42.922769367310   10.635435226025   96.937229987287
1000.000000  120.000000  0.010000  0.003000  -0.064228476949   0.359924251760   33.809803181364   8.645195295904   56.692258719343
1000.000000  121.000000  0.010000  0.003000  -0.063729518698   0.367554586081   28.118229527548   7.255590497500   27.551248025761
1000.000000  122.000000  0.010000  0.003000  -0.064199208706   0.394362088333   27.243851439159   6.715967243056   23.563294047066
1000.000000  123.000000  0.010000  0.003000  -0.063639799722   0.450545853703   30.856633489851   6.929124721511   34.630540757640
1000.000000  124.000000  0.010000  0.003000  -0.064109092447   0.533194354434   37.800499032828   7.664099629429   41.287518115129
1000.000000  125.000000  0.010000  0.003000  -0.064157519382   0.636543748019   46.729896339354   8.686640269654   39.223145708874
1000.000000  126.000000  0.010000  0.003000  -0.064533732759   0.752111020861   54.743387741510   9.378291802961   45.441938020459
1000.000000  127.000000  0.010000  0.003000  -0.064333903280   0.866617342356   53.222688016066   8.252059212728   64.577048753446
1000.000000  128.000000  0.010000  0.003000  -0.063432346895   1.017767095168   50.015864392710   7.123197816884   95.875286987591
1000.000000  129.000000  0.010000  0.003000  -0.063571182659   1.199424545729   47.574182811291   6.232104698560   142.181231419008
1000.000000  130.000000  0.010000  0.003000  -0.064109255523   1.385110737037   42.602298134065   5.114785852468   203.189902615409
1000.000000  131.000000  0.010000  0.003000  -0.063754067961   1.611560872081   33.346492550306   3.701212956374   295.365437567717
1000.000000  132.000000  0.010000  0.003000  -0.063976066226   1.918598797291   23.269709055907   2.317260287904   467.507486514214
1000.000000  133.000000  0.010000  0.003000  -0.063618142078   2.260120463792   15.360128499668   1.226650323640   847.530444310383
1000.000000  134.000000  0.010000  0.003000  -0.063193603134   2.581815430107   9.705819955274   0.625733929127   1637.122077049948
1000.000000  135.000000  0.010000  0.003000  -0.063196522568   2.844718035761   6.327110645081   1.167015016324   2994.023223534117
1000.000000  136.000000  0.010000  0.003000  -0.063433726187   3.016929752966   5.463063414008   3.892396460825   4800.228690241273
1000.000000  137.000000  0.010000  0.003000  -0.063981524836   3.047371141350   6.127232949940   8.959671895898   6885.007504791120
1000.000000  138.000000  0.010000  0.003000  -0.063642461943   2.976037796763   7.393660953170   14.203005819527   9962.613841834327
1000.000000  139.000000  0.010000  0.003000  -0.064137995025   3.019287417891   12.911840758108   17.751278948965   15753.669247997334
1000.000000  140.000000  0.010000  0.003000  -0.063526362912   3.151035101397   20.828551406909   20.322301271428   23761.968606219012
1000.000000  141.000000  0.010000  0.003000  -0.063905214497   3.255755372331   30.166003152372   22.483398285077   31243.300497205892
1000.000000  142.000000  0.010000  0.003000  -0.063289951637   3.369340314485   39.339261969247   24.899258367225   35873.918336801318
1000.000000  143.000000  0.010000  0.003000  -0.063734173630   3.434026808385   43.967639130064   27.733929269627   36749.629398535624
1000.000000  144.000000  0.010000  0.003000  -0.063177943486   3.284482936672   42.871697434781   30.391735301391   35179.706487706251
1000.000000  145.000000  0.010000  0.003000  -0.063895293328   3.011319186410   40.827237857317   31.520712442635   33284.597632754077
1000.000000  146.000000  0.010000  0.003000  -0.064053405374   2.723222597810   50.634854447185   26.715812338743   32910.677798788674
1000.000000  147.000000  0.010000  0.003000  -0.063773472714   2.191556590768   70.790626610187   21.375034850280   29893.934598520937
1000.000000  148.000000  0.010000  0.003000  -0.063741808353   1.573283488130   89.868506478106   19.688749025246   24574.324719746011
1000.000000  149.000000  0.010000  0.003000  -0.063623529246   1.035799438708   106.695215002965   19.467637856954   19253.646829505637
1000.000000  150.000000  0.010000  0.003000  -0.063388055670   0.644915584704   119.250907031172   19.483925603822   14942.570600516889
1000.000000  151.000000  0.010000  0.003000  -0.063730197839   0.392117307934   126.382325362615   18.035828741977   12308.043848839447
1000.000000  152.000000  0.010000  0.003000  -0.063018304261   0.226371586334   131.750126762767   12.773140660250   10736.019760734740
1000.000000  153.000000  0.010000  0.003000  -0.063156810731   0.150051364223   135.898727816080   7.867388212766   9700.857539970939
1000.000000  154.000000  0.010000  0.003000  -0.063494320541   0.161291705035   133.136404064394   5.157988154339   8924.918967533991
1000.000000  155.000000  0.010000  0.003000  -0.063085914090   0.224687941904   121.050137416308   3.605267765238   8110.399645377073
1000.000000  156.000000  0.010000  0.003000  -0.063319106312   0.310692132917   101.277658780080   2.785514825436   7161.766778717047
1000.000000  157.000000  0.010000  0.003000  -0.063502887754   0.406417562249   78.092352626401   2.738675634021   6080.315672421097
1000.000000  158.000000  0.010000  0.003000  -0.063760611164   0.506480771407   55.970970830443   3.288488499583   4940.207638030087
1000.000000  159.000000  0.010000  0.003000  -0.063179113436   0.598277007786   37.608603626699   4.038948350737   3881.519975710105
1000.000000  160.000000  0.010000  0.003000  -0.063196934602   0.662246427762   24.213677667039   4.854253232511   2985.588042526998
1000.000000  161.000000  0.010000  0.003000  -0.063509603399   0.686955697471   16.106187763399   5.810541585420   2196.578812676554
1000.000000  162.000000  0.010000  0.003000  -0.062898708178   0.676226717885   12.321349355118   6.891146508141   1509.849802989803
1000.000000  163.000000  0.010000  0.003000  -0.063222269935   0.645195153275   11.369053170390   7.981978583361   1009.287605163094
1000.000000  164.000000  0.010000  0.003000  -0.062995199661   0.611747315411   12.521780032638   8.882023586064   721.942981021583
1000.000000  165.000000  0.010000  0.003000  -0.063232437764   0.587821906051   15.591121847757   9.360208646307   609.279633552131
1000.000000  166.000000  0.010000  0.003000  -0.063263079017   0.577107057840   19.992284802463   9.415529067530   624.882652221400
1000.000000  167.000000  0.010000  0.003000  -0.062921004743   0.577990043041   24.498143448606   9.398205205475   727.008000289951
1000.000000  168.000000  0.010000  0.003000  -0.063372539922   0.583948850606   28.023746454530   9.703730661283   854.541082702064
1000.000000  169.000000  0.010000  0.003000  -0.063293233585   0.581396109511   30.241088124544   10.482730472775   936.874883330498
1000.000000  170.000000  0.010000  0.003000  -0.063309155093   0.551584167181   31.504703369317   11.651397375813   931.014377537892
1000.000000  171.000000  0.010000  0.003000  -0.063420886307   0.508534250209   32.697173371096   12.783480293550   849.303956497850
1000.000000  172.000000  0.010000  0.003000  -0.063180714092   0.496822196119   32.414690730093   13.543007086380   773.384410213513
1000.000000  173.000000  0.010000  0.003000  -0.063134837919   0.486936567862   30.041160889184   13.691941941001   719.071163260663
1000.000000  174.000000  0.010000  0.003000  -0.063799846243   0.458422085772   26.312823649777   12.903382510080   610.956014637336
1000.000000  175.000000  0.010000  0.003000  -0.063322417039   0.409758703205   21.556741537813   10.979489879711   439.816021889206
1000.000000  176.000000  0.010000  0.003000  -0.063471130682   0.342712703059   15.868960805491   8.217264134746   260.796984359827
1000.000000  177.000000  0.010000  0.003000  -0.063198084605   0.262284431281   9.824012529839   5.353141482230   130.482556965420
1000.000000  178.000000  0.010000  0.003000  -0.063213699493   0.183568085995   5.566757144284   3.439052910596   93.454120803269
1000.000000  179.000000  0.010000  0.003000  -0.063594699700   0.128364370127   7.243801663390   3.563909612585   174.214736903237
1000.000000  180.000000  0.010000  0.003000  -0.063238015166   0.106073297854   19.450797363118   6.120604161949   350.069712116464
1000.000000  181.000000  0.010000  0.003000  -0.063346957102   0.107768359840   42.298598569668   10.249681086914   551.707889141271
1000.000000  182.000000  0.010000  0.003000  -0.062757274293   0.116556943538   68.794184414781   14.276388633756   684.772942648430
1000.000000  183.000000  0.010000  0.003000  -0.063326669050   0.117361475935   89.741294299956   16.846534642709   688.310608575600
1000.000000  184.000000  0.010000  0.003000  -0.063157826149   0.105347333369   100.773701027989   17.650025322094   601.855400723809
1000.000000  185.000000  0.010000  0.003000  -0.063182563382   0.087483031763   103.108314343566   16.921649146133   492.420085413597
1000.000000  186.000000  0.010000  0.003000  -0.062992951295   0.077094012145   97.281805925184   15.041711721507   407.727770051312
1000.000000  187.000000  0.010000  0.003000  -0.062756287876   0.083429683723   84.516685283750   12.809847585603   379.869511099720
1000.000000  188.000000  0.010000  0.003000  -0.063202782018   0.107687012167   68.657040038882   10.505976939038   392.028315805669
1000.000000  189.000000  0.010000  0.003000  -0.063419526481   0.139518961180   53.748080839944   8.209690935191   425.027745890713
1000.000000  190.000000  0.010000  0.003000  -0.063131069048   0.166157149966   42.025338866523   6.101722140544   457.035079915237
1000.000000  191.000000  0.010000  0.003000  -0.063109321987   0.183170538844   33.901915579854   4.377702623164   474.070944541661
1000.000000  192.000000  0.010000  0.003000  -0.063728023392   0.195893327127   28.726016946718   3.105299095352   467.570762061182
1000.000000  193.000000  0.010000  0.003000  -0.063007089017   0.218333677850   24.735503933434   2.243477804394   400.890807411784
1000.000000  194.000000  0.010000  0.003000  -0.062626641189   0.255069940989   20.649619931027   1.713687284031   271.198240737860
1000.000000  195.000000  0.010000  0.003000  -0.063326918222   0.289296250192   17.264293477145   1.400013817017   156.668091073562
1000.000000  196.000000  0.010000  0.003000  -0.063321556455   0.307608178100   14.957903377229   1.200680316032   86.491661709780
1000.000000  197.000000  0.010000  0.003000  -0.062888081343   0.307418963601   13.383506054533   1.061633499122   47.459428691971
1000.000000  198.000000  0.010000  0.003000  -0.062899904074   0.292729798826   12.242970175986   0.957761647091   25.811661057987
1000.000000  199.000000  0.010000  0.003000  -0.062492901896   0.271647590000   11.440549046915   0.878484106464   14.090129054266
1000.000000  200.000000  0.010000  0.003000  -0.062958376021   0.250722540014   11.030653414347   0.822730885436   8.901478546767
1000.000000  201.000000  0.010000  0.003000  -0.062848245064   0.231983619565   10.985078238604   0.787490053617   7.811401892227
1000.000000  202.000000  0.010000  0.003000  -0.062945238570   0.212573315683   11.229913029524   0.756850474396   8.290376527413
1000.000000  203.000000  0.010000  0.003000  -0.063303594640   0.200997378773   12.358792180804   0.739580833944   15.106490445647
1000.000000  204.000000  0.010000  0.003000  -0.062988184486   0.192344875679   9.314759887346   0.645016304770   14.050417581296
1000.000000  205.000000  0.010000  0.003000  -0.063381101914   0.175510142574   6.109004045919   0.567476641186   14.305163329836
1000.000000  206.000000  0.010000  0.003000  -0.062776736750   0.145856924961   4.586300368077   0.516735472137   24.693484921288
1000.000000  207.000000  0.010000  0.003000  -0.062706743337   0.102021892083   4.628979236032   0.473300686736   54.296944610736
1000.000000  208.000000  0.010000  0.003000  -0.062517550336   0.061120484964   6.136420599264   0.431726494062   85.112785220844
1000.000000  209.000000  0.010000  0.003000  -0.063100381946   0.044200086048   6.524034556815   0.389469419401   68.774818587294
1000.000000  210.000000  0.010000  0.003000  -0.063175881564   0.040916084612   5.077137352705   0.344451954837   43.453608616687
1000.000000  211.000000  0.010000  0.003000  -0.063144651122   0.039769774926   3.846492605134   0.302051621020   31.320916439556
1000.000000  212.000000  0.010000  0.003000  -0.062831437335   0.038883201658   3.389141353443   0.263810734848   25.085843032201
1000.000000  213.000000  0.010000  0.003000  -0.062762390194   0.038557643030   3.377421594297   0.229010958723   21.659465647929
1000.000000  214.000000  0.010000  0.003000  -0.062766993242   0.038545449217   3.463941245037   0.199206912387   19.696188292902
1000.000000  215.000000  0.010000  0.003000  -0.062903169116   0.037698479688   3.567002786726   0.177141666777   17.698199835585
1000.000000  216.000000  0.010000  0.003000  -0.062947041247   0.035490798261   3.711827300792   0.165440363436   15.244510168282
1000.000000  217.000000  0.010000  0.003000  -0.062556253023   0.032364335311   3.936968952696   0.165100987549   12.907315223382
1000.000000  218.000000  0.010000  0.003000  -0.063426260649   0.029032472657   4.305629838088   0.174709676092   11.789829757477
1000.000000  219.000000  0.010000  0.003000  -0.063016879814   0.025681253760   4.786572095034   0.190054753177   12.680553263900
1000.000000  220.000000  0.010000  0.003000  -0.062903647478   0.022104889951   5.182696106302   0.203796035716   15.816655965961
1000.000000  221.000000  0.010000  0.003000  -0.062855394781   0.018578539138   5.316354394135   0.207322193557   21.223931490884
1000.000000  222.000000  0.010000  0.003000  -0.063225363213   0.015568513091   5.225895100048   0.202577691288   27.839857380229
1000.000000  223.000000  0.010000  0.003000  -0.063349978953   0.013272771809   5.073620591252   0.202899619327   32.711147130882
1000.000000  224.000000  0.010000  0.003000  -0.063660175178   0.011804725957   4.879153561966   0.219429767420   34.392419651846
1000.000000  225.000000  0.010000  0.003000  -0.062178525523   0.010943402057   4.541837526053   0.254564485725   34.851749984520
1000.000000  226.000000  0.010000  0.003000  -0.062725461587   0.010061847811   4.156998724098   0.302259772744   35.521606730323
1000.000000  227.000000  0.010000  0.003000  -0.063166288417   0.008965058406   3.826721379192   0.342988746862   37.201780632594
1000.000000  228.000000  0.010000  0.003000  -0.063427522533   0.007904029313   3.482870186194   0.356939727905   40.968555646687
1000.000000  229.000000  0.010000  0.003000  -0.062703205126   0.006879071500   3.238312070380   0.354680668226   45.169164341842
1000.000000  230.000000  0.010000  0.003000  -0.062912856489   0.005811309943   3.191878069904   0.353933650456   47.806138752001
1000.000000  231.000000  0.010000  0.003000  -0.062514052277   0.004851637477   3.258580620747   0.357513187143   49.180626587430
1000.000000  232.000000  0.010000  0.003000  -0.062892935288   0.004157093358   3.328861073269   0.364167946640   50.220455807704
1000.000000  233.000000  0.010000  0.003000  -0.063699449588   0.003714880776   3.349083753535   0.373482527607   50.885285808227
1000.000000  234.000000  0.010000  0.003000  -0.062826367878   0.003436815883   3.322718780258   0.383667822559   50.198355161938
1000.000000  235.000000  0.010000  0.003000  -0.063377302339   0.003269034891   3.278786497735   0.392437937131   47.650561657160
1000.000000  236.000000  0.010000  0.003000  -0.063692995421   0.003240389214   3.240260544055   0.398525655867   44.192136745931
1000.000000  237.000000  0.010000  0.003000  -0.062988834181   0.003444789118   3.204652580682   0.400717355049   41.294427799581
1000.000000  238.000000  0.010000  0.003000  -0.062997423872   0.003912765709   3.159249056421   0.399858703579   39.397832515731
1000.000000  239.000000  0.010000  0.003000  -0.063530615217   0.004548294718   3.109303606985   0.400237184186   38.491412604989
1000.000000  240.000000  0.010000  0.003000  -0.063233677780   0.004973361454   3.049804759448   0.408820103494   38.681303722356
1000.000000  241.000000  0.010000  0.003000  -0.062970700464   0.004587175297   2.788870595288   0.367761119336   32.782277169054
1000.000000  242.000000  0.010000  0.003000  -0.063003059761   0.005135254698   2.685901825365   0.338824702436   30.545446409438
1000.000000  243.000000  0.010000  0.003000  -0.063195551212   0.005599137814   2.575563610810   0.332644475147   32.851695252454
1000.000000  244.000000  0.010000  0.003000  -0.063201971908   0.005831468484   2.424722897919   0.325777999626   35.977725480269
1000.000000  245.000000  0.010000  0.003000  -0.062768881261   0.005883354761   2.241513504318   0.313609586902   39.853780620594
1000.000000  246.000000  0.010000  0.003000  -0.063339544661   0.005734661369   2.025723850379   0.292366162903   44.435513411964
1000.000000  247.000000  0.010000  0.003000  -0.063388651016   0.005410405238   1.792531008294   0.261843512205   49.725318904758
1000.000000  248.000000  0.010000  0.003000  -0.063484575414   0.005066601296   1.657571751858   0.236173843754   58.590669063954
1000.000000  249.000000  0.010000  0.003000  -0.063134795140   0.005051828170   1.926945135620   0.263369457467   85.530008036288
1000.000000  250.000000  0.010000  0.003000  -0.062765025029   0.004803222439   1.918772605019   0.270526757303   108.233666190808
1000.000000  251.000000  0.010000  0.003000  -0.063509657020   0.004305271559   1.529223604296   0.224260153844   109.618933560562
1000.000000  252.000000  0.010000  0.003000  -0.063510098538   0.004059473140   1.227821610129   0.186322453989   109.811646375694
1000.000000  253.000000  0.010000  0.003000  -0.063365710254   0.004117612493   1.032291927138   0.160093208679   110.315980654732
1000.000000  254.000000  0.010000  0.003000  -0.063212246469   0.004439071259   0.917696202213   0.142375751637   109.055667982529
1000.000000  255.000000  0.010000  0.003000  -0.063067869491   0.004982138860   0.866229607125   0.133990466551   105.339807926934
1000.000000  256.000000  0.010000  0.003000  -0.063298750183   0.005784129741   0.874453072280   0.137150249573   100.082252098793
1000.000000  257.000000  0.010000  0.003000  -0.062886436817   0.006964715234   0.986467861281   0.157432333096   93.891802722396
1000.000000  258.000000  0.010000  0.003000  -0.062965815469   0.007939693241   1.273328033487   0.181734185194   81.914306702174
1000.000000  259.000000  0.010000  0.003000  -0.063171264941   0.007302850118   1.277378424127   0.147074898586   67.990261136222
1000.000000  260.000000  0.010000  0.003000  -0.063041340444   0.007161052728   1.122054865458   0.120621964136   62.184699695819
1000.000000  261.000000  0.010000  0.003000  -0.063068310381   0.007520961437   1.031545973498   0.110927975182   58.601718925702
1000.000000  262.000000  0.010000  0.003000  -0.062954853534   0.007978645739   0.963528983503   0.105689868863   56.083735657337
1000.000000  263.000000  0.010000  0.003000  -0.063035175170   0.008423416113   0.892581837018   0.102678532936   54.790990293031
1000.000000  264.000000  0.010000  0.003000  -0.063107251179   0.009007091369   0.831066119000   0.107422090508   54.250851422480
1000.000000  265.000000  0.010000  0.003000  -0.062944942749   0.010199605035   0.844150450515   0.125392320731   50.003872018273
1000.000000  266.000000  0.010000  0.003000  -0.063217384115   0.010530681027   0.863031169236   0.088825883800   38.367971925527
1000.000000  267.000000  0.010000  0.003000  -0.063120309525   0.009125506681   0.698984745733   0.044519415117   34.792142696620
1000.000000  268.000000  0.010000  0.003000  -0.063780499068   0.007826678814   0.539782479915   0.028673460554   34.700152431990
1000.000000  269.000000  0.010000  0.003000  -0.063248768332   0.006710081524   0.424277427640   0.023877468747   34.714804471453
1000.000000  270.000000  0.010000  0.003000  -0.062977151106   0.006180125599   0.335890007241   0.023486634519   34.225800711307
1000.000000  271.000000  0.010000  0.003000  -0.063220282001   0.006884922717   0.263134990552   0.023599237428   33.448204630196
1000.000000  272.000000  0.010000  0.003000  -0.062898831175   0.008152965622   0.200135675221   0.022738879123   33.222054113845
1000.000000  273.000000  0.010000  0.003000  -0.063249496035   0.009197206536   0.141534289368   0.022005612143   33.490343011342
1000.000000  274.000000  0.010000  0.003000  -0.063268333234   0.009831694499   0.093047276586   0.022256866964   33.607196892035
1000.000000  275.000000  0.010000  0.003000  -0.063269278405   0.010080333628   0.061507916619   0.023600043011   33.017084219986
1000.000000  276.000000  0.010000  0.003000  -0.063263276951   0.009966157113   0.049689339999   0.026464333385   31.457015817512
1000.000000  277.000000  0.010000  0.003000  -0.063510383311   0.009555266282   0.055663125656   0.031148562015   29.061904232171
1000.000000  278.000000  0.010000  0.003000  -0.063911411996   0.009015553654   0.072703051640   0.036442482764   26.291097711282
1000.000000  279.000000  0.010000  0.003000  -0.063955602143   0.008542856723   0.094017919536   0.040855635368   23.634644364838
1000.000000  280.000000  0.010000  0.003000  -0.063251098812   0.008239230746   0.117278314536   0.044623563352   21.287335736937
1000.000000  281.000000  0.010000  0.003000  -0.063272532203   0.008110273162   0.144508648028   0.049338544257   19.159071864269
1000.000000  282.000000  0.010000  0.003000  -0.063635846142   0.008132644821   0.178341510917   0.054787802027   17.296519111898
1000.000000  283.000000  0.010000  0.003000  -0.063053034313   0.008244535034   0.202573795271   0.053410225602   15.959833667618
1000.000000  284.000000  0.010000  0.003000  -0.062609664279   0.008327962653   0.197415409788   0.043695719141   14.915952509148
1000.000000  285.000000  0.010000  0.003000  -0.063868367330   0.008311783814   0.185922913107   0.035400407449   14.038291818201
1000.000000  286.000000  0.010000  0.003000  -0.063355237529   0.008128088701   0.184366302672   0.030739197943   13.543797990615
1000.000000  287.000000  0.010000  0.003000  -0.063030021997   0.007725919978   0.190456055799   0.027924471307   13.379738861170
1000.000000  288.000000  0.010000  0.003000  -0.062965900794   0.007159301472   0.199855625783   0.025670424948   13.314174850479
1000.000000  289.000000  0.010000  0.003000  -0.063153975823   0.006533220252   0.213031938739   0.023614620545   13.240350764933
1000.000000  290.000000  0.010000  0.003000  -0.062972018432   0.005913444904   0.234261642666   0.021930928419   13.252252317512
1000.000000  291.000000  0.010000  0.003000  -0.063322371463   0.005323744836   0.267616575609   0.021166047471   13.415692237736
1000.000000  292.000000  0.010000  0.003000  -0.063266695289   0.004800052929   0.313307653084   0.022295886734   13.480326842380
1000.000000  293.000000  0.010000  0.003000  -0.062967604061   0.004426356535   0.369387284391   0.026455196908   13.029167863338
1000.000000  294.000000  0.010000  0.003000  -0.063100784801   0.004263119973   0.435318501529   0.033883934796   12.004252873314
1000.000000  295.000000  0.010000  0.003000  -0.063303309524   0.004250126486   0.506625605984   0.042495568898   10.725237273472
1000.000000  296.000000  0.010000  0.003000  -0.063433509910   0.004274164328   0.564893313560   0.048522281693   9.415819923754
1000.000000  297.000000  0.010000  0.003000  -0.063385483168   0.004224864564   0.577033537608   0.049926134837   8.259742069032
1000.000000  298.000000  0.010000  0.003000  -0.063257530400   0.004077438267   0.580158248911   0.048184725559   6.923079604450
1000.000000  299.000000  0.010000  0.003000  -0.062273949225   0.003977674255   0.570734216506   0.042512564876   5.510104177744
1000.000000  300.000000  0.010000  0.003000  -0.063353654151   0.003845204937   0.542391205370   0.033579931929   4.320249278624
