#n  real_time  lyapunov_exponential
0  0.000000 -inf
1  0.002500 -0.033296311521
2  0.005000 -0.046741001670
3  0.007500 -0.067003136433
4  0.010000 -0.092496827815
5  0.012500 -0.122947252001
6  0.015000 -0.158235449342
7  0.017500 -0.198156773235
8  0.020000 -0.242225948034
9  0.022500 -0.289412606674
10  0.025000 -0.337815091810
11  0.027500 -0.384502652671
12  0.030000 -0.426000174966
13  0.032500 -0.459515252914
14  0.035000 -0.483944829311
15  0.037500 -0.499799944051
16  0.040000 -0.508474715299
17  0.042500 -0.511596962556
18  0.045000 -0.510682191292
19  0.047500 -0.507009352949
20  0.050000 -0.501604461818
21  0.052500 -0.495264862844
22  0.055000 -0.488593465404
23  0.057500 -0.482030731050
24  0.060000 -0.475880571876
25  0.062500 -0.470330613824
26  0.065000 -0.465467887927
27  0.067500 -0.461292487101
28  0.070000 -0.457731319765
29  0.072500 -0.454654023763
30  0.075000 -0.451892867114
31  0.077500 -0.449264791491
32  0.080000 -0.446594374657
33  0.082500 -0.443733146876
34  0.085000 -0.440573354697
35  0.087500 -0.437053619156
36  0.090000 -0.433158232617
37  0.092500 -0.428911279431
38  0.095000 -0.424369059818
39  0.097500 -0.419611471199
40  0.100000 -0.414735156727
41  0.102500 -0.409847410079
42  0.105000 -0.405061981595
43  0.107500 -0.400496042512
44  0.110000 -0.396268405393
45  0.112500 -0.392497650130
46  0.115000 -0.389300455814
47  0.117500 -0.386789485296
48  0.120000 -0.385070022394
49  0.122500 -0.384234128991
50  0.125000 -0.384351173484
51  0.127500 -0.385453140983
52  0.130000 -0.387513237417
53  0.132500 -0.390418793536
54  0.135000 -0.393944796313
55  0.137500 -0.397746057651
56  0.140000 -0.401388833447
57  0.142500 -0.404427099578
58  0.145000 -0.406493821688
59  0.147500 -0.407359743415
60  0.150000 -0.406939740586
61  0.152500 -0.405263845546
62  0.155000 -0.402438015248
63  0.157500 -0.398610868936
64  0.160000 -0.393949658723
65  0.162500 -0.388625638163
66  0.165000 -0.382805219662
67  0.167500 -0.376645404508
68  0.170000 -0.370291217129
69  0.172500 -0.363874004063
70  0.175000 -0.357510716771
71  0.177500 -0.351303107372
72  0.180000 -0.345336845125
73  0.182500 -0.339680672780
74  0.185000 -0.334385189991
75  0.187500 -0.329482121384
76  0.190000 -0.324984045209
77  0.192500 -0.320885130795
78  0.195000 -0.317163681238
79  0.197500 -0.313786167095
80  0.200000 -0.310713450705
81  0.202500 -0.307907711954
82  0.205000 -0.305339532384
83  0.207500 -0.302993683747
84  0.210000 -0.300873048132
85  0.212500 -0.299000309053
86  0.215000 -0.297417893923
87  0.217500 -0.296186562518
88  0.220000 -0.295383302549
89  0.222500 -0.295099095776
90  0.225000 -0.295436088517
91  0.227500 -0.296504140728
92  0.230000 -0.298414666538
93  0.232500 -0.301269097738
94  0.235000 -0.305136200819
95  0.237500 -0.310009609517
96  0.240000 -0.315740454912
97  0.242500 -0.321970867325
98  0.245000 -0.328152555723
99  0.247500 -0.333714371185
100  0.250000 -0.338260420126
101  0.252500 -0.341629123731
102  0.255000 -0.343831214180
103  0.257500 -0.344968395819
104  0.260000 -0.345178449526
105  0.262500 -0.344606552152
106  0.265000 -0.343392289037
107  0.267500 -0.341664423662
108  0.270000 -0.339539567773
109  0.272500 -0.337122331180
110  0.275000 -0.334506206252
111  0.277500 -0.331774545177
112  0.280000 -0.329001647723
113  0.282500 -0.326253700644
114  0.285000 -0.323589720130
115  0.287500 -0.321062185782
116  0.290000 -0.318717632953
117  0.292500 -0.316596993406
118  0.295000 -0.314735688718
119  0.297500 -0.313163359531
120  0.300000 -0.311903111892
121  0.302500 -0.310970296360
122  0.305000 -0.310370563782
123  0.307500 -0.310097470869
124  0.310000 -0.310129986284
125  0.312500 -0.310430270518
126  0.315000 -0.310943260806
127  0.317500 -0.311598856977
128  0.320000 -0.312317415837
129  0.322500 -0.313018337111
130  0.325000 -0.313629546586
131  0.327500 -0.314095405440
132  0.330000 -0.314381310090
133  0.332500 -0.314474545612
134  0.335000 -0.314382336228
135  0.337500 -0.314128215020
136  0.340000 -0.313747949466
137  0.342500 -0.313285823255
138  0.345000 -0.312791070378
139  0.347500 -0.312314887579
140  0.350000 -0.311907494476
141  0.352500 -0.311615108257
142  0.355000 -0.311476603281
143  0.357500 -0.311519487358
144  0.360000 -0.311755359959
145  0.362500 -0.312175318777
146  0.365000 -0.312746557763
147  0.367500 -0.313412259467
148  0.370000 -0.314096756591
149  0.372500 -0.314716088503
150  0.375000 -0.315191811347
151  0.377500 -0.315463027251
152  0.380000 -0.315493536716
153  0.382500 -0.315272863859
154  0.385000 -0.314813204343
155  0.387500 -0.314144460819
156  0.390000 -0.313309265603
157  0.392500 -0.312358734920
158  0.395000 -0.311349299435
159  0.397500 -0.310340421156
160  0.400000 -0.309393021423
161  0.402500 -0.308568280212
162  0.405000 -0.307926658135
163  0.407500 -0.307526872473
164  0.410000 -0.307424508751
165  0.412500 -0.307669856474
166  0.415000 -0.308304617952
167  0.417500 -0.309356677668
168  0.420000 -0.310832824420
169  0.422500 -0.312709395381
170  0.425000 -0.314923513922
171  0.427500 -0.317370187179
172  0.430000 -0.319912162804
173  0.432500 -0.322403201089
174  0.435000 -0.324715722788
175  0.437500 -0.326759233138
176  0.440000 -0.328483807371
177  0.442500 -0.329872944624
178  0.445000 -0.330933045782
179  0.447500 -0.331684021894
180  0.450000 -0.332152498433
181  0.452500 -0.332367569211
182  0.455000 -0.332358431976
183  0.457500 -0.332153267847
184  0.460000 -0.331778943445
185  0.462500 -0.331261183010
186  0.465000 -0.330624827434
187  0.467500 -0.329894308260
188  0.470000 -0.329093887338
189  0.472500 -0.328247914956
190  0.475000 -0.327380795666
191  0.477500 -0.326516760860
192  0.480000 -0.325679553726
193  0.482500 -0.324891730615
194  0.485000 -0.324173959214
195  0.487500 -0.323544015059
196  0.490000 -0.323015694074
197  0.492500 -0.322597697837
198  0.495000 -0.322292596893
199  0.497500 -0.322096242630
200  0.500000 -0.321997742495
201  0.502500 -0.321980329778
202  0.505000 -0.322023209840
203  0.507500 -0.322104204055
204  0.510000 -0.322202707828
205  0.512500 -0.322302357917
206  0.515000 -0.322392807762
207  0.517500 -0.322470534050
208  0.520000 -0.322538433976
209  0.522500 -0.322604617193
210  0.525000 -0.322680486627
211  0.527500 -0.322778608964
212  0.530000 -0.322910167812
213  0.532500 -0.323082438956
214  0.535000 -0.323296443234
215  0.537500 -0.323544997923
216  0.540000 -0.323811800955
217  0.542500 -0.324072116433
218  0.545000 -0.324295289384
219  0.547500 -0.324448875112
220  0.550000 -0.324503516013
221  0.552500 -0.324437186593
222  0.555000 -0.324238061196
223  0.557500 -0.323905401607
224  0.560000 -0.323449068626
225  0.562500 -0.322888064492
226  0.565000 -0.322248767217
227  0.567500 -0.321563260476
228  0.570000 -0.320867791961
229  0.572500 -0.320201606609
230  0.575000 -0.319605922349
231  0.577500 -0.319122995646
232  0.580000 -0.318795149127
233  0.582500 -0.318663445314
234  0.585000 -0.318765688217
235  0.587500 -0.319133343786
236  0.590000 -0.319786748702
237  0.592500 -0.320728279227
238  0.595000 -0.321934103230
239  0.597500 -0.323347482801
240  0.600000 -0.324879444664
241  0.602500 -0.326421959181
242  0.605000 -0.327870973284
243  0.607500 -0.329147450940
244  0.610000 -0.330206540946
245  0.612500 -0.331034755240
246  0.615000 -0.331641453944
247  0.617500 -0.332050132903
248  0.620000 -0.332291465311
249  0.622500 -0.332398531275
250  0.625000 -0.332403649587
251  0.627500 -0.332336074153
252  0.630000 -0.332220466576
253  0.632500 -0.332075617632
254  0.635000 -0.331913478790
255  0.637500 -0.331738475925
256  0.640000 -0.331547451938
257  0.642500 -0.331330219668
258  0.645000 -0.331071005190
259  0.647500 -0.330750666061
260  0.650000 -0.330349299902
261  0.652500 -0.329848844431
262  0.655000 -0.329235121229
263  0.657500 -0.328499055790
264  0.660000 -0.327637075599
265  0.662500 -0.326650892989
266  0.665000 -0.325546844262
267  0.667500 -0.324335116852
268  0.670000 -0.323029005450
269  0.672500 -0.321644306536
270  0.675000 -0.320198790577
271  0.677500 -0.318711908334
272  0.680000 -0.317204626706
273  0.682500 -0.315699344873
274  0.685000 -0.314219936264
275  0.687500 -0.312791901321
276  0.690000 -0.311442538576
277  0.692500 -0.310201191060
278  0.695000 -0.309099482122
279  0.697500 -0.308171661153
280  0.700000 -0.307454785412
281  0.702500 -0.306988800760
282  0.705000 -0.306816075437
283  0.707500 -0.306979799574
284  0.710000 -0.307519825917
285  0.712500 -0.308463255607
286  0.715000 -0.309805277500
287  0.717500 -0.311478808314
288  0.720000 -0.313328332816
289  0.722500 -0.315131754015
290  0.725000 -0.316683058513
291  0.727500 -0.317860783428
292  0.730000 -0.318629216736
293  0.732500 -0.319005928195
294  0.735000 -0.319033402334
295  0.737500 -0.318762887203
296  0.740000 -0.318246889067
297  0.742500 -0.317535987664
298  0.745000 -0.316677737579
299  0.747500 -0.315716397695
300  0.750000 -0.314692964424
301  0.752500 -0.313645246837
302  0.755000 -0.312607839216
303  0.757500 -0.311611938841
304  0.760000 -0.310684984300
305  0.762500 -0.309849988262
306  0.765000 -0.309124687188
307  0.767500 -0.308520482504
308  0.770000 -0.308041398680
309  0.772500 -0.307683424082
310  0.775000 -0.307434616413
311  0.777500 -0.307276404787
312  0.780000 -0.307186297069
313  0.782500 -0.307141540690
314  0.785000 -0.307122826258
315  0.787500 -0.307117147181
316  0.790000 -0.307119281925
317  0.792500 -0.307131906919
318  0.795000 -0.307164608492
319  0.797500 -0.307232387332
320  0.800000 -0.307353854284
321  0.802500 -0.307549281052
322  0.805000 -0.307838463644
323  0.807500 -0.308238201350
324  0.810000 -0.308759326623
325  0.812500 -0.309403121926
326  0.815000 -0.310157734294
327  0.817500 -0.310995572519
328  0.820000 -0.311873913623
329  0.822500 -0.312739982953
330  0.825000 -0.313540023225
331  0.827500 -0.314228762899
332  0.830000 -0.314775565240
333  0.832500 -0.315165862314
334  0.835000 -0.315399051791
335  0.837500 -0.315484952900
336  0.840000 -0.315440324465
337  0.842500 -0.315286118252
338  0.845000 -0.315045481036
339  0.847500 -0.314742385771
340  0.850000 -0.314400765200
341  0.852500 -0.314043926428
342  0.855000 -0.313694133874
343  0.857500 -0.313372336552
344  0.860000 -0.313097851566
345  0.862500 -0.312888068882
346  0.865000 -0.312758040730
347  0.867500 -0.312719967114
348  0.870000 -0.312782536197
349  0.872500 -0.312950062221
350  0.875000 -0.313221547175
351  0.877500 -0.313589842506
352  0.880000 -0.314040972472
353  0.882500 -0.314554292472
354  0.885000 -0.315103751117
355  0.887500 -0.315660172118
356  0.890000 -0.316194570091
357  0.892500 -0.316681440403
358  0.895000 -0.317101393908
359  0.897500 -0.317442539813
360  0.900000 -0.317700751922
361  0.902500 -0.317879021574
362  0.905000 -0.317986416248
363  0.907500 -0.318036909202
364  0.910000 -0.318048337208
365  0.912500 -0.318041535974
366  0.915000 -0.318039515012
367  0.917500 -0.318066823474
368  0.920000 -0.318148760760
369  0.922500 -0.318310478371
370  0.925000 -0.318575518124
371  0.927500 -0.318963632595
372  0.930000 -0.319487318849
373  0.932500 -0.320146870818
374  0.935000 -0.320924511396
375  0.937500 -0.321779803555
376  0.940000 -0.322650895707
377  0.942500 -0.323465013364
378  0.945000 -0.324155022254
379  0.947500 -0.324673275554
380  0.950000 -0.324996249412
381  0.952500 -0.325121568277
382  0.955000 -0.325061952022
383  0.957500 -0.324839661794
384  0.960000 -0.324482485247
385  0.962500 -0.324021210399
386  0.965000 -0.323488177785
387  0.967500 -0.322916525676
388  0.970000 -0.322339905520
389  0.972500 -0.321792338825
390  0.975000 -0.321308227118
391  0.977500 -0.320922298836
392  0.980000 -0.320669297161
393  0.982500 -0.320583221781
394  0.985000 -0.320695410780
395  0.987500 -0.321030612535
396  0.990000 -0.321599552192
397  0.992500 -0.322386956097
398  0.995000 -0.323337768281
399  0.997500 -0.324353360491
400  1.000000 -0.325312788981
401  1.002500 -0.326111754637
402  1.005000 -0.326688451846
403  1.007500 -0.327022792043
404  1.010000 -0.327122679778
405  1.012500 -0.327010846747
406  1.015000 -0.326716420361
407  1.017500 -0.326270350334
408  1.020000 -0.325703138848
409  1.022500 -0.325043862288
410  1.025000 -0.324319764085
411  1.027500 -0.323556136900
412  1.030000 -0.322776283716
413  1.032500 -0.322001586471
414  1.035000 -0.321251483823
415  1.037500 -0.320543438051
416  1.040000 -0.319892854329
417  1.042500 -0.319312913262
418  1.045000 -0.318814356923
419  1.047500 -0.318405186835
420  1.050000 -0.318090290992
421  1.052500 -0.317871053951
422  1.055000 -0.317744993442
423  1.057500 -0.317705508017
424  1.060000 -0.317741869582
425  1.062500 -0.317839580083
426  1.065000 -0.317981234979
427  1.067500 -0.318147777904
428  1.070000 -0.318320107753
429  1.072500 -0.318480691540
430  1.075000 -0.318614886477
431  1.077500 -0.318711846718
432  1.080000 -0.318764906291
433  1.082500 -0.318771477859
434  1.085000 -0.318732639384
435  1.087500 -0.318652622638
436  1.090000 -0.318538120083
437  1.092500 -0.318397634636
438  1.095000 -0.318240814799
439  1.097500 -0.318077788071
440  1.100000 -0.317918517127
441  1.102500 -0.317772077993
442  1.105000 -0.317645897766
443  1.107500 -0.317545007561
444  1.110000 -0.317471276430
445  1.112500 -0.317422819827
446  1.115000 -0.317393726297
447  1.117500 -0.317374338224
448  1.120000 -0.317352106001
449  1.122500 -0.317313167546
450  1.125000 -0.317244147692
451  1.127500 -0.317133949078
452  1.130000 -0.316975020872
453  1.132500 -0.316764008932
454  1.135000 -0.316501743575
455  1.137500 -0.316192781163
456  1.140000 -0.315844655070
457  1.142500 -0.315467061676
458  1.145000 -0.315071018052
459  1.147500 -0.314668031275
460  1.150000 -0.314269359419
461  1.152500 -0.313885222373
462  1.155000 -0.313524080808
463  1.157500 -0.313191925841
464  1.160000 -0.312891653841
465  1.162500 -0.312622663774
466  1.165000 -0.312380805943
467  1.167500 -0.312158807884
468  1.170000 -0.311947305132
469  1.172500 -0.311736260459
470  1.175000 -0.311516617513
471  1.177500 -0.311281737097
472  1.180000 -0.311028434158
473  1.182500 -0.310757472992
474  1.185000 -0.310473518363
475  1.187500 -0.310184760777
476  1.190000 -0.309902351362
477  1.192500 -0.309639723524
478  1.195000 -0.309411877042
479  1.197500 -0.309234612146
480  1.200000 -0.309123635411
481  1.202500 -0.309093405800
482  1.205000 -0.309155594362
483  1.207500 -0.309317002688
484  1.210000 -0.309576898187
485  1.212500 -0.309924211085
486  1.215000 -0.310335644893
487  1.217500 -0.310776375142
488  1.220000 -0.311204634877
489  1.222500 -0.311579264435
490  1.225000 -0.311866994042
491  1.227500 -0.312046417197
492  1.230000 -0.312108181537
493  1.232500 -0.312052767184
494  1.235000 -0.311887626674
495  1.237500 -0.311624631397
496  1.240000 -0.311278184708
497  1.242500 -0.310863950637
498  1.245000 -0.310398039110
499  1.247500 -0.309896553736
500  1.250000 -0.309375313403
501  1.252500 -0.308849774696
502  1.255000 -0.308334992860
503  1.257500 -0.307845681066
504  1.260000 -0.307396289130
505  1.262500 -0.307001108001
506  1.265000 -0.306674351207
507  1.267500 -0.306430219256
508  1.270000 -0.306282855141
509  1.272500 -0.306246145914
510  1.275000 -0.306333193271
511  1.277500 -0.306555283685
512  1.280000 -0.306920026207
513  1.282500 -0.307428314774
514  1.285000 -0.308070048745
515  1.287500 -0.308819462976
516  1.290000 -0.309632899262
517  1.292500 -0.310452772093
518  1.295000 -0.311218930262
519  1.297500 -0.311881881649
520  1.300000 -0.312410510951
521  1.302500 -0.312792163231
522  1.305000 -0.313028404525
523  1.307500 -0.313130188775
524  1.310000 -0.313114007012
525  1.312500 -0.312999371795
526  1.315000 -0.312807311729
527  1.317500 -0.312559522073
528  1.320000 -0.312277888917
529  1.322500 -0.311984257048
530  1.325000 -0.311700233709
531  1.327500 -0.311447023805
532  1.330000 -0.311245128830
533  1.332500 -0.311113823118
534  1.335000 -0.311070285279
535  1.337500 -0.311128157214
536  1.340000 -0.311295304434
537  1.342500 -0.311570789885
538  1.345000 -0.311941605484
539  1.347500 -0.312380645448
540  1.350000 -0.312848478569
541  1.352500 -0.313300155407
542  1.355000 -0.313694771858
543  1.357500 -0.314003030580
544  1.360000 -0.314209763820
545  1.362500 -0.314312291989
546  1.365000 -0.314317031881
547  1.367500 -0.314236221947
548  1.370000 -0.314085427448
549  1.372500 -0.313881840912
550  1.375000 -0.313643202812
551  1.377500 -0.313387104697
552  1.380000 -0.313130521221
553  1.382500 -0.312889465149
554  1.385000 -0.312678619570
555  1.387500 -0.312510948112
556  1.390000 -0.312397257318
557  1.392500 -0.312345606746
558  1.395000 -0.312360681367
559  1.397500 -0.312443138596
560  1.400000 -0.312589097834
561  1.402500 -0.312790014005
562  1.405000 -0.313033136224
563  1.407500 -0.313302655561
564  1.410000 -0.313581473083
565  1.412500 -0.313853113130
566  1.415000 -0.314103397658
567  1.417500 -0.314321468494
568  1.420000 -0.314500101809
569  1.422500 -0.314635489534
570  1.425000 -0.314726726053
571  1.427500 -0.314775235030
572  1.430000 -0.314784189425
573  1.432500 -0.314758102106
574  1.435000 -0.314702492675
575  1.437500 -0.314623672647
576  1.440000 -0.314528611535
577  1.442500 -0.314424797283
578  1.445000 -0.314320122463
579  1.447500 -0.314222749453
580  1.450000 -0.314140916261
581  1.452500 -0.314082675787
582  1.455000 -0.314055502766
583  1.457500 -0.314065818221
584  1.460000 -0.314118342794
585  1.462500 -0.314215376852
586  1.465000 -0.314356007342
587  1.467500 -0.314535457451
588  1.470000 -0.314744828298
589  1.472500 -0.314971484017
590  1.475000 -0.315200284792
591  1.477500 -0.315415476239
592  1.480000 -0.315602846480
593  1.482500 -0.315751468604
594  1.485000 -0.315854696199
595  1.487500 -0.315910360725
596  1.490000 -0.315920256521
597  1.492500 -0.315889354713
598  1.495000 -0.315824862740
599  1.497500 -0.315735295482
600  1.500000 -0.315629626933
601  1.502500 -0.315516489425
602  1.505000 -0.315403411762
603  1.507500 -0.315296107692
604  1.510000 -0.315197818686
605  1.512500 -0.315108813666
606  1.515000 -0.315026174732
607  1.517500 -0.314944026038
608  1.520000 -0.314854294689
609  1.522500 -0.314747931070
610  1.525000 -0.314616426403
611  1.527500 -0.314453224206
612  1.530000 -0.314254715658
613  1.532500 -0.314020752472
614  1.535000 -0.313754671578
615  1.537500 -0.313462994417
616  1.540000 -0.313154968448
617  1.542500 -0.312842028476
618  1.545000 -0.312537341738
619  1.547500 -0.312255309659
620  1.550000 -0.312011114196
621  1.552500 -0.311820178450
622  1.555000 -0.311697410851
623  1.557500 -0.311656089206
624  1.560000 -0.311706105106
625  1.562500 -0.311851354460
626  1.565000 -0.312086290114
627  1.567500 -0.312392536898
628  1.570000 -0.312737659599
629  1.572500 -0.313078986855
630  1.575000 -0.313372529192
631  1.577500 -0.313582702125
632  1.580000 -0.313687640720
633  1.582500 -0.313679074693
634  1.585000 -0.313559125335
635  1.587500 -0.313336694050
636  1.590000 -0.313024604011
637  1.592500 -0.312637662598
638  1.595000 -0.312191511904
639  1.597500 -0.311701931809
640  1.600000 -0.311184485293
641  1.602500 -0.310654286610
642  1.605000 -0.310125892753
643  1.607500 -0.309613202482
644  1.610000 -0.309129347951
645  1.612500 -0.308686556596
646  1.615000 -0.308295900554
647  1.617500 -0.307966966434
648  1.620000 -0.307707308529
649  1.622500 -0.307521786195
650  1.625000 -0.307411648281
651  1.627500 -0.307373603261
652  1.630000 -0.307399020929
653  1.632500 -0.307473712339
654  1.635000 -0.307578712156
655  1.637500 -0.307692341098
656  1.640000 -0.307793049332
657  1.642500 -0.307862236607
658  1.645000 -0.307886193701
659  1.647500 -0.307856806355
660  1.650000 -0.307771240305
661  1.652500 -0.307631101160
662  1.655000 -0.307441430545
663  1.657500 -0.307209842267
664  1.660000 -0.306945808156
665  1.662500 -0.306660152909
666  1.665000 -0.306364694955
667  1.667500 -0.306072004176
668  1.670000 -0.305795208476
669  1.672500 -0.305547820250
670  1.675000 -0.305343531941
671  1.677500 -0.305195894420
672  1.680000 -0.305117786873
673  1.682500 -0.305120566322
674  1.685000 -0.305212658904
675  1.687500 -0.305397480057
676  1.690000 -0.305670701126
677  1.692500 -0.306017498095
678  1.695000 -0.306411433806
679  1.697500 -0.306817083327
680  1.700000 -0.307196868445
681  1.702500 -0.307519142788
682  1.705000 -0.307763370000
683  1.707500 -0.307920876524
684  1.710000 -0.307992701986
685  1.712500 -0.307986641564
686  1.715000 -0.307914672239
687  1.717500 -0.307791153505
688  1.720000 -0.307631603769
689  1.722500 -0.307451983066
690  1.725000 -0.307268170033
691  1.727500 -0.307095564066
692  1.730000 -0.306948697245
693  1.732500 -0.306840734052
694  1.735000 -0.306782796095
695  1.737500 -0.306783038155
696  1.740000 -0.306845480138
697  1.742500 -0.306968726747
698  1.745000 -0.307144980147
699  1.747500 -0.307360009645
700  1.750000 -0.307594684579
701  1.752500 -0.307828077884
702  1.755000 -0.308041276884
703  1.757500 -0.308220411203
704  1.760000 -0.308358043848
705  1.762500 -0.308452963920
706  1.765000 -0.308509070176
707  1.767500 -0.308533982295
708  1.770000 -0.308537735159
709  1.772500 -0.308531702308
710  1.775000 -0.308527717369
711  1.777500 -0.308537326860
712  1.780000 -0.308571056693
713  1.782500 -0.308637643760
714  1.785000 -0.308743172786
715  1.787500 -0.308890152493
716  1.790000 -0.309076661136
717  1.792500 -0.309295893537
718  1.795000 -0.309536455958
719  1.797500 -0.309783705642
720  1.800000 -0.310021984202
721  1.802500 -0.310237163071
722  1.805000 -0.310418653257
723  1.807500 -0.310560393497
724  1.810000 -0.310660871901
725  1.812500 -0.310722474492
726  1.815000 -0.310750565064
727  1.817500 -0.310752564071
728  1.820000 -0.310737168641
729  1.822500 -0.310713680159
730  1.825000 -0.310691493544
731  1.827500 -0.310679631699
732  1.830000 -0.310686290269
733  1.832500 -0.310718425211
734  1.835000 -0.310781264660
735  1.837500 -0.310877787155
736  1.840000 -0.311008216534
737  1.842500 -0.311169591242
738  1.845000 -0.311355570255
739  1.847500 -0.311556612027
740  1.850000 -0.311760716230
741  1.852500 -0.311954622003
742  1.855000 -0.312125259012
743  1.857500 -0.312261119811
744  1.860000 -0.312353244035
745  1.862500 -0.312395692524
746  1.865000 -0.312385547612
747  1.867500 -0.312322630341
748  1.870000 -0.312209106572
749  1.872500 -0.312049053104
750  1.875000 -0.311848079474
751  1.877500 -0.311613046315
752  1.880000 -0.311351851735
753  1.882500 -0.311073269446
754  1.885000 -0.310786841449
755  1.887500 -0.310502817647
756  1.890000 -0.310232095227
757  1.892500 -0.309986147942
758  1.895000 -0.309776928562
759  1.897500 -0.309616703912
760  1.900000 -0.309517722646
761  1.902500 -0.309491602963
762  1.905000 -0.309548268694
763  1.907500 -0.309694155632
764  1.910000 -0.309929450688
765  1.912500 -0.310244511314
766  1.915000 -0.310616831536
767  1.917500 -0.311011289785
768  1.920000 -0.311386182491
769  1.922500 -0.311703267869
770  1.925000 -0.311935801523
771  1.927500 -0.312070714001
772  1.930000 -0.312106341807
773  1.932500 -0.312048709736
774  1.935000 -0.311908367272
775  1.937500 -0.311698226671
776  1.940000 -0.311432239510
777  1.942500 -0.311124630535
778  1.945000 -0.310789465483
779  1.947500 -0.310440396452
780  1.950000 -0.310090464160
781  1.952500 -0.309751911707
782  1.955000 -0.309435971624
783  1.957500 -0.309152553609
784  1.960000 -0.308909826177
785  1.962500 -0.308713678442
786  1.965000 -0.308567106651
787  1.967500 -0.308469578609
788  1.970000 -0.308416650676
789  1.972500 -0.308400032582
790  1.975000 -0.308408408650
791  1.977500 -0.308428957929
792  1.980000 -0.308449277042
793  1.982500 -0.308459164500
794  1.985000 -0.308451731699
795  1.987500 -0.308423766077
796  1.990000 -0.308375410525
797  1.992500 -0.308309530951
798  1.995000 -0.308230958168
799  1.997500 -0.308145753037
800  2.000000 -0.308060589219
801  2.002500 -0.307982212672
802  2.005000 -0.307916991177
803  2.007500 -0.307870526821
804  2.010000 -0.307847321981
805  2.012500 -0.307850483060
806  2.015000 -0.307881510882
807  2.017500 -0.307940176131
808  2.020000 -0.308024525617
809  2.022500 -0.308131058603
810  2.025000 -0.308255036578
811  2.027500 -0.308390903008
812  2.030000 -0.308532745108
813  2.032500 -0.308674713123
814  2.035000 -0.308811355122
815  2.037500 -0.308937770607
816  2.040000 -0.309049700772
817  2.042500 -0.309143522489
818  2.045000 -0.309216235578
819  2.047500 -0.309265448819
820  2.050000 -0.309289417714
821  2.052500 -0.309287090127
822  2.055000 -0.309258189245
823  2.057500 -0.309203281585
824  2.060000 -0.309123798288
825  2.062500 -0.309022040679
826  2.065000 -0.308901111615
827  2.067500 -0.308764810201
828  2.070000 -0.308617470244
829  2.072500 -0.308463770113
830  2.075000 -0.308308497837
831  2.077500 -0.308156282832
832  2.080000 -0.308011305317
833  2.082500 -0.307876987626
834  2.085000 -0.307755674369
835  2.087500 -0.307648350094
836  2.090000 -0.307554452049
837  2.092500 -0.307471814556
838  2.095000 -0.307396855216
839  2.097500 -0.307324950883
840  2.100000 -0.307251074843
841  2.102500 -0.307170482470
842  2.105000 -0.307079386604
843  2.107500 -0.306975467626
844  2.110000 -0.306858121531
845  2.112500 -0.306728496512
846  2.115000 -0.306589334733
847  2.117500 -0.306444664423
848  2.120000 -0.306299433008
849  2.122500 -0.306159088011
850  2.125000 -0.306029117782
851  2.127500 -0.305914560217
852  2.130000 -0.305819484964
853  2.132500 -0.305746440507
854  2.135000 -0.305695937278
855  2.137500 -0.305666037586
856  2.140000 -0.305652228374
857  2.142500 -0.305647696507
858  2.145000 -0.305644068626
859  2.147500 -0.305632564784
860  2.150000 -0.305605264117
861  2.152500 -0.305556197951
862  2.155000 -0.305482006182
863  2.157500 -0.305382107971
864  2.160000 -0.305258550670
865  2.162500 -0.305115591344
866  2.165000 -0.304959252912
867  2.167500 -0.304796855502
868  2.170000 -0.304636608044
869  2.172500 -0.304487241718
870  2.175000 -0.304357667930
871  2.177500 -0.304256633645
872  2.180000 -0.304192334209
873  2.182500 -0.304171926191
874  2.185000 -0.304200893179
875  2.187500 -0.304282260957
876  2.190000 -0.304415730554
877  2.192500 -0.304596808197
878  2.195000 -0.304816371557
879  2.197500 -0.305061002100
880  2.200000 -0.305314448893
881  2.202500 -0.305559905486
882  2.205000 -0.305782462730
883  2.207500 -0.305970823438
884  2.210000 -0.306117974968
885  2.212500 -0.306220883115
886  2.215000 -0.306279751878
887  2.217500 -0.306297116973
888  2.220000 -0.306277089590
889  2.222500 -0.306224750342
890  2.225000 -0.306145752911
891  2.227500 -0.306046054427
892  2.230000 -0.305931779890
893  2.232500 -0.305809159145
894  2.235000 -0.305684520501
895  2.237500 -0.305564284423
896  2.240000 -0.305454991065
897  2.242500 -0.305363291763
898  2.245000 -0.305295900618
899  2.247500 -0.305259466195
900  2.250000 -0.305260356264
901  2.252500 -0.305304252568
902  2.255000 -0.305395547651
903  2.257500 -0.305536470328
904  2.260000 -0.305725956154
905  2.262500 -0.305958432118
906  2.265000 -0.306222944396
907  2.267500 -0.306503342907
908  2.270000 -0.306780047646
909  2.272500 -0.307033228050
910  2.275000 -0.307246188587
911  2.277500 -0.307407642305
912  2.280000 -0.307512309471
913  2.282500 -0.307560269128
914  2.285000 -0.307555773315
915  2.287500 -0.307506028127
916  2.290000 -0.307420252813
917  2.292500 -0.307308958623
918  2.295000 -0.307183470173
919  2.297500 -0.307055613261
920  2.300000 -0.306937455414
921  2.302500 -0.306841084648
922  2.305000 -0.306778295539
923  2.307500 -0.306760167534
924  2.310000 -0.306796293920
925  2.312500 -0.306893647268
926  2.315000 -0.307054828035
927  2.317500 -0.307275845320
928  2.320000 -0.307544120765
929  2.322500 -0.307838123084
930  2.325000 -0.308130290839
931  2.327500 -0.308392966457
932  2.330000 -0.308604366585
933  2.332500 -0.308751646277
934  2.335000 -0.308830591417
935  2.337500 -0.308843574005
936  2.340000 -0.308797287675
937  2.342500 -0.308700964762
938  2.345000 -0.308565165062
939  2.347500 -0.308401022707
940  2.350000 -0.308219800815
941  2.352500 -0.308032614093
942  2.355000 -0.307850230287
943  2.357500 -0.307682925619
944  2.360000 -0.307540311422
945  2.362500 -0.307431103097
946  2.365000 -0.307362810515
947  2.367500 -0.307341308065
948  2.370000 -0.307370283955
949  2.372500 -0.307450606711
950  2.375000 -0.307579685837
951  2.377500 -0.307751115127
952  2.380000 -0.307954833847
953  2.382500 -0.308178056591
954  2.385000 -0.308406890334
955  2.387500 -0.308628231680
956  2.390000 -0.308831321818
957  2.392500 -0.309008535813
958  2.395000 -0.309155463923
959  2.397500 -0.309270446393
960  2.400000 -0.309353896526
961  2.402500 -0.309407641398
962  2.405000 -0.309434361973
963  2.407500 -0.309437163944
964  2.410000 -0.309419257898
965  2.412500 -0.309383739941
966  2.415000 -0.309333432673
967  2.417500 -0.309270767033
968  2.420000 -0.309197701236
969  2.422500 -0.309115634948
970  2.425000 -0.309025355436
971  2.427500 -0.308926990009
972  2.430000 -0.308820003505
973  2.432500 -0.308703232823
974  2.435000 -0.308574995800
975  2.437500 -0.308433246608
976  2.440000 -0.308275813903
977  2.442500 -0.308100686656
978  2.445000 -0.307906296596
979  2.447500 -0.307691788926
980  2.450000 -0.307457228093
981  2.452500 -0.307203746631
982  2.455000 -0.306933602870
983  2.457500 -0.306650196961
984  2.460000 -0.306358024963
985  2.462500 -0.306062619666
986  2.465000 -0.305770465560
987  2.467500 -0.305488922536
988  2.470000 -0.305226126725
989  2.472500 -0.304990921643
990  2.475000 -0.304792710231
991  2.477500 -0.304641276938
992  2.480000 -0.304546455499
993  2.482500 -0.304517546251
994  2.485000 -0.304562287665
995  2.487500 -0.304685118703
996  2.490000 -0.304884589766
997  2.492500 -0.305150147989
998  2.495000 -0.305459952002
999  2.497500 -0.305782468419
1000  2.500000 -0.306083392649
1001  2.502500 -0.306334413558
1002  2.505000 -0.306518350645
1003  2.507500 -0.306629089847
1004  2.510000 -0.306668696604
1005  2.512500 -0.306644285313
1006  2.515000 -0.306565712659
1007  2.517500 -0.306444103287
1008  2.520000 -0.306290998064
1009  2.522500 -0.306117867915
1010  2.525000 -0.305935791974
1011  2.527500 -0.305755236183
1012  2.530000 -0.305585804431
1013  2.532500 -0.305435916414
1014  2.535000 -0.305312411164
1015  2.537500 -0.305220024714
1016  2.540000 -0.305160757835
1017  2.542500 -0.305133295687
1018  2.545000 -0.305132689470
1019  2.547500 -0.305150601470
1020  2.550000 -0.305176319011
1021  2.552500 -0.305198476036
1022  2.555000 -0.305206952861
1023  2.557500 -0.305194388280
1024  2.560000 -0.305156891982
1025  2.562500 -0.305094038715
1026  2.565000 -0.305008386288
1027  2.567500 -0.304904836882
1028  2.570000 -0.304789986253
1029  2.572500 -0.304671609259
1030  2.575000 -0.304558251185
1031  2.577500 -0.304458904403
1032  2.580000 -0.304382742681
1033  2.582500 -0.304338823392
1034  2.585000 -0.304335765484
1035  2.587500 -0.304381235457
1036  2.590000 -0.304481203398
1037  2.592500 -0.304638855524
1038  2.595000 -0.304853129438
1039  2.597500 -0.305117117074
1040  2.600000 -0.305416997487
1041  2.602500 -0.305732625427
1042  2.605000 -0.306040477493
1043  2.607500 -0.306318192435
1044  2.610000 -0.306548444858
1045  2.612500 -0.306720652646
1046  2.615000 -0.306830538083
1047  2.617500 -0.306878675577
1048  2.620000 -0.306868903966
1049  2.622500 -0.306807101684
1050  2.625000 -0.306700336782
1051  2.627500 -0.306556354600
1052  2.630000 -0.306383280159
1053  2.632500 -0.306189479868
1054  2.635000 -0.305983519925
1055  2.637500 -0.305774162344
1056  2.640000 -0.305570411110
1057  2.642500 -0.305381581859
1058  2.645000 -0.305217362879
1059  2.647500 -0.305087872542
1060  2.650000 -0.305003689357
1061  2.652500 -0.304975825173
1062  2.655000 -0.305015527721
1063  2.657500 -0.305133781568
1064  2.660000 -0.305340225167
1065  2.662500 -0.305640925936
1066  2.665000 -0.306034466639
1067  2.667500 -0.306506510942
1068  2.670000 -0.307025677204
1069  2.672500 -0.307547177705
1070  2.675000 -0.308026385770
1071  2.677500 -0.308432383545
1072  2.680000 -0.308751595789
1073  2.682500 -0.308983583556
1074  2.685000 -0.309135533432
1075  2.687500 -0.309218266360
1076  2.690000 -0.309243984996
1077  2.692500 -0.309225104754
1078  2.695000 -0.309173711742
1079  2.697500 -0.309101263899
1080  2.700000 -0.309018407029
1081  2.702500 -0.308934808641
1082  2.705000 -0.308858932704
1083  2.707500 -0.308797748328
1084  2.710000 -0.308756332418
1085  2.712500 -0.308737413947
1086  2.715000 -0.308740937201
1087  2.717500 -0.308763828321
1088  2.720000 -0.308800172562
1089  2.722500 -0.308841971383
1090  2.725000 -0.308880406693
1091  2.727500 -0.308907373505
1092  2.730000 -0.308916752243
1093  2.732500 -0.308905156764
1094  2.735000 -0.308872079984
1095  2.737500 -0.308819630497
1096  2.740000 -0.308752024628
1097  2.742500 -0.308675069973
1098  2.745000 -0.308595662120
1099  2.747500 -0.308521360458
1100  2.750000 -0.308460007082
1101  2.752500 -0.308419355422
1102  2.755000 -0.308406626620
1103  2.757500 -0.308427985391
1104  2.760000 -0.308487832270
1105  2.762500 -0.308587912385
1106  2.765000 -0.308726313788
1107  2.767500 -0.308896666830
1108  2.770000 -0.309087971362
1109  2.772500 -0.309285606838
1110  2.775000 -0.309473564258
1111  2.777500 -0.309637199193
1112  2.780000 -0.309765350130
1113  2.782500 -0.309851244004
1114  2.785000 -0.309892224525
1115  2.787500 -0.309888865136
1116  2.790000 -0.309843984408
1117  2.792500 -0.309761775967
1118  2.795000 -0.309647151351
1119  2.797500 -0.309505288475
1120  2.800000 -0.309341335920
1121  2.802500 -0.309160215736
1122  2.805000 -0.308966528568
1123  2.807500 -0.308764510324
1124  2.810000 -0.308558004945
1125  2.812500 -0.308350487859
1126  2.815000 -0.308145108619
1127  2.817500 -0.307944722430
1128  2.820000 -0.307751941015
1129  2.822500 -0.307569172027
1130  2.825000 -0.307398624424
1131  2.827500 -0.307242311213
1132  2.830000 -0.307102021904
1133  2.832500 -0.306979260542
1134  2.835000 -0.306875165230
1135  2.837500 -0.306790434324
1136  2.840000 -0.306725233886
1137  2.842500 -0.306679160688
1138  2.845000 -0.306651232721
1139  2.847500 -0.306639985639
1140  2.850000 -0.306643628854
1141  2.852500 -0.306660292090
1142  2.855000 -0.306688301070
1143  2.857500 -0.306726454961
1144  2.860000 -0.306774257273
1145  2.862500 -0.306832040541
1146  2.865000 -0.306900975742
1147  2.867500 -0.306982962615
1148  2.870000 -0.307080384768
1149  2.872500 -0.307195728536
1150  2.875000 -0.307331059809
1151  2.877500 -0.307487371006
1152  2.880000 -0.307663800306
1153  2.882500 -0.307856876230
1154  2.885000 -0.308059986598
1155  2.887500 -0.308263415634
1156  2.890000 -0.308455236913
1157  2.892500 -0.308623001157
1158  2.895000 -0.308755669515
1159  2.897500 -0.308845108819
1160  2.900000 -0.308886766822
1161  2.902500 -0.308879551891
1162  2.905000 -0.308825276042
1163  2.907500 -0.308727935456
1164  2.910000 -0.308593061584
1165  2.912500 -0.308427196570
1166  2.915000 -0.308237504042
1167  2.917500 -0.308031490606
1168  2.920000 -0.307816801822
1169  2.922500 -0.307601055353
1170  2.925000 -0.307391710004
1171  2.927500 -0.307195911217
1172  2.930000 -0.307020306813
1173  2.932500 -0.306870817977
1174  2.935000 -0.306752330426
1175  2.937500 -0.306668320641
1176  2.940000 -0.306620411642
1177  2.942500 -0.306607947030
1178  2.945000 -0.306627698695
1179  2.947500 -0.306673885878
1180  2.950000 -0.306738684604
1181  2.952500 -0.306813215654
1182  2.955000 -0.306888817437
1183  2.957500 -0.306958207717
1184  2.960000 -0.307016248072
1185  2.962500 -0.307060155558
1186  2.965000 -0.307089312478
1187  2.967500 -0.307104822835
1188  2.970000 -0.307108991347
1189  2.972500 -0.307104821967
1190  2.975000 -0.307095595053
1191  2.977500 -0.307084499234
1192  2.980000 -0.307074355223
1193  2.982500 -0.307067407294
1194  2.985000 -0.307065164384
1195  2.987500 -0.307068345713
1196  2.990000 -0.307076857267
1197  2.992500 -0.307089873644
1198  2.995000 -0.307105967900
1199  2.997500 -0.307123290067
1200  3.000000 -0.307139742785
1201  3.002500 -0.307153164536
1202  3.005000 -0.307161457455
1203  3.007500 -0.307162658661
1204  3.010000 -0.307154978284
1205  3.012500 -0.307136815028
1206  3.015000 -0.307106749242
1207  3.017500 -0.307063566150
1208  3.020000 -0.307006291482
1209  3.022500 -0.306934274034
1210  3.025000 -0.306847273778
1211  3.027500 -0.306745573179
1212  3.030000 -0.306630064108
1213  3.032500 -0.306502327161
1214  3.035000 -0.306364678654
1215  3.037500 -0.306220186750
1216  3.040000 -0.306072641218
1217  3.042500 -0.305926538622
1218  3.045000 -0.305787020217
1219  3.047500 -0.305659779992
1220  3.050000 -0.305550973565
1221  3.052500 -0.305467085913
1222  3.055000 -0.305414722974
1223  3.057500 -0.305400299004
1224  3.060000 -0.305429547414
1225  3.062500 -0.305506776281
1226  3.065000 -0.305633763462
1227  3.067500 -0.305808361141
1228  3.070000 -0.306023042407
1229  3.072500 -0.306264245030
1230  3.075000 -0.306513525125
1231  3.077500 -0.306750842777
1232  3.080000 -0.306958701348
1233  3.082500 -0.307125016264
1234  3.085000 -0.307243823312
1235  3.087500 -0.307314322997
1236  3.090000 -0.307339385131
1237  3.092500 -0.307324173087
1238  3.095000 -0.307275083419
1239  3.097500 -0.307199067633
1240  3.100000 -0.307103151177
1241  3.102500 -0.306994120234
1242  3.105000 -0.306878315892
1243  3.107500 -0.306761432514
1244  3.110000 -0.306648384119
1245  3.112500 -0.306543153584
1246  3.115000 -0.306448701935
1247  3.117500 -0.306366891407
1248  3.120000 -0.306298509420
1249  3.122500 -0.306243364775
1250  3.125000 -0.306200532164
1251  3.127500 -0.306168661258
1252  3.130000 -0.306146379889
1253  3.132500 -0.306132676603
1254  3.135000 -0.306127220112
1255  3.137500 -0.306130556548
1256  3.140000 -0.306144189413
1257  3.142500 -0.306170520642
1258  3.145000 -0.306212702074
1259  3.147500 -0.306274387699
1260  3.150000 -0.306359398003
1261  3.152500 -0.306471285407
1262  3.155000 -0.306612804525
1263  3.157500 -0.306785232112
1264  3.160000 -0.306987608416
1265  3.162500 -0.307216004348
1266  3.165000 -0.307463116414
1267  3.167500 -0.307718501212
1268  3.170000 -0.307969730534
1269  3.172500 -0.308204219730
1270  3.175000 -0.308411111019
1271  3.177500 -0.308582520968
1272  3.180000 -0.308713919176
1273  3.182500 -0.308803800715
1274  3.185000 -0.308853029332
1275  3.187500 -0.308864145789
1276  3.190000 -0.308840763477
1277  3.192500 -0.308787161432
1278  3.195000 -0.308707975375
1279  3.197500 -0.308608023675
1280  3.200000 -0.308492209260
1281  3.202500 -0.308365487907
1282  3.205000 -0.308232867649
1283  3.207500 -0.308099440358
1284  3.210000 -0.307970430223
1285  3.212500 -0.307851252105
1286  3.215000 -0.307747575665
1287  3.217500 -0.307665369623
1288  3.220000 -0.307610934225
1289  3.222500 -0.307590894126
1290  3.225000 -0.307612107076
1291  3.227500 -0.307681448022
1292  3.230000 -0.307805338722
1293  3.232500 -0.307988859203
1294  3.235000 -0.308234210191
1295  3.237500 -0.308538365802
1296  3.240000 -0.308890280628
1297  3.242500 -0.309269306768
1298  3.245000 -0.309647513853
1299  3.247500 -0.309996453145
1300  3.250000 -0.310294423478
1301  3.252500 -0.310529592185
1302  3.255000 -0.310698858695
1303  3.257500 -0.310805070528
1304  3.260000 -0.310854496941
1305  3.262500 -0.310855121021
1306  3.265000 -0.310815618039
1307  3.267500 -0.310744767223
1308  3.270000 -0.310651126074
1309  3.272500 -0.310542808443
1310  3.275000 -0.310427285285
1311  3.277500 -0.310311189918
1312  3.280000 -0.310200055553
1313  3.282500 -0.310097998476
1314  3.285000 -0.310007352568
1315  3.287500 -0.309928317318
1316  3.290000 -0.309858722508
1317  3.292500 -0.309794101571
1318  3.295000 -0.309728190866
1319  3.297500 -0.309653871143
1320  3.300000 -0.309564330152
1321  3.302500 -0.309454150414
1322  3.305000 -0.309319998058
1323  3.307500 -0.309160864342
1324  3.310000 -0.308977933747
1325  3.312500 -0.308774265003
1326  3.315000 -0.308554408495
1327  3.317500 -0.308324071982
1328  3.320000 -0.308089854298
1329  3.322500 -0.307859058902
1330  3.325000 -0.307639582759
1331  3.327500 -0.307439858530
1332  3.330000 -0.307268841724
1333  3.332500 -0.307136013061
1334  3.335000 -0.307051389255
1335  3.337500 -0.307025454349
1336  3.340000 -0.307068925675
1337  3.342500 -0.307192126446
1338  3.345000 -0.307403444894
1339  3.347500 -0.307706080724
1340  3.350000 -0.308092233071
1341  3.352500 -0.308536193911
1342  3.355000 -0.308993973949
1343  3.357500 -0.309417228570
1344  3.360000 -0.309771519420
1345  3.362500 -0.310041822785
1346  3.365000 -0.310227064143
1347  3.367500 -0.310333317978
1348  3.370000 -0.310369468091
1349  3.372500 -0.310345067467
1350  3.375000 -0.310269404307
1351  3.377500 -0.310151153132
1352  3.380000 -0.309998300083
1353  3.382500 -0.309818165377
1354  3.385000 -0.309617468497
1355  3.387500 -0.309402402261
1356  3.390000 -0.309178703826
1357  3.392500 -0.308951701265
1358  3.395000 -0.308726364690
1359  3.397500 -0.308507307102
1360  3.400000 -0.308298782412
1361  3.402500 -0.308104655030
1362  3.405000 -0.307928331819
1363  3.407500 -0.307772661224
1364  3.410000 -0.307639820058
1365  3.412500 -0.307531175914
1366  3.415000 -0.307447152844
1367  3.417500 -0.307387150939
1368  3.420000 -0.307349547810
1369  3.422500 -0.307331835902
1370  3.425000 -0.307330905502
1371  3.427500 -0.307343464246
1372  3.430000 -0.307366520483
1373  3.432500 -0.307397834703
1374  3.435000 -0.307436250795
1375  3.437500 -0.307481863732
1376  3.440000 -0.307536025084
1377  3.442500 -0.307601194276
1378  3.445000 -0.307680662190
1379  3.447500 -0.307778178944
1380  3.450000 -0.307897428935
1381  3.452500 -0.308041370706
1382  3.455000 -0.308211341135
1383  3.457500 -0.308406004523
1384  3.460000 -0.308620325671
1385  3.462500 -0.308845017978
1386  3.465000 -0.309067138036
1387  3.467500 -0.309272097625
1388  3.470000 -0.309446453261
1389  3.472500 -0.309580272262
1390  3.475000 -0.309668140030
1391  3.477500 -0.309708913146
1392  3.480000 -0.309704822485
1393  3.482500 -0.309660488366
1394  3.485000 -0.309582093586
1395  3.487500 -0.309476802297
1396  3.490000 -0.309352388433
1397  3.492500 -0.309217000532
1398  3.495000 -0.309079030449
1399  3.497500 -0.308947035195
1400  3.500000 -0.308829668993
1401  3.502500 -0.308735617309
1402  3.505000 -0.308673450423
1403  3.507500 -0.308651373673
1404  3.510000 -0.308676736056
1405  3.512500 -0.308755163482
1406  3.515000 -0.308889157973
1407  3.517500 -0.309076133745
1408  3.520000 -0.309306374070
1409  3.522500 -0.309562416150
1410  3.525000 -0.309821638012
1411  3.527500 -0.310061849324
1412  3.530000 -0.310266618980
1413  3.532500 -0.310427355305
1414  3.535000 -0.310542347083
1415  3.537500 -0.310614665674
1416  3.540000 -0.310650201167
1417  3.542500 -0.310656319466
1418  3.545000 -0.310641023519
1419  3.547500 -0.310612455019
1420  3.550000 -0.310578604850
1421  3.552500 -0.310547096994
1422  3.555000 -0.310524993772
1423  3.557500 -0.310518569746
1424  3.560000 -0.310532985073
1425  3.562500 -0.310571858213
1426  3.565000 -0.310636731987
1427  3.567500 -0.310726473074
1428  3.570000 -0.310836817423
1429  3.572500 -0.310960352332
1430  3.575000 -0.311087202872
1431  3.577500 -0.311206462367
1432  3.580000 -0.311307939161
1433  3.582500 -0.311383614675
1434  3.585000 -0.311428360317
1435  3.587500 -0.311439928199
1436  3.590000 -0.311418503693
1437  3.592500 -0.311366117440
1438  3.595000 -0.311286097917
1439  3.597500 -0.311182650665
1440  3.600000 -0.311060578876
1441  3.602500 -0.310925091632
1442  3.605000 -0.310781711914
1443  3.607500 -0.310636239043
1444  3.610000 -0.310494754736
1445  3.612500 -0.310363652751
1446  3.615000 -0.310249697482
1447  3.617500 -0.310160098138
1448  3.620000 -0.310102577042
1449  3.622500 -0.310085428564
1450  3.625000 -0.310117506314
1451  3.627500 -0.310208069189
1452  3.630000 -0.310366238230
1453  3.632500 -0.310599669111
1454  3.635000 -0.310911589529
1455  3.637500 -0.311295356023
1456  3.640000 -0.311727593971
1457  3.642500 -0.312167127107
1458  3.645000 -0.312568020216
1459  3.647500 -0.312897545895
1460  3.650000 -0.313141904253
1461  3.652500 -0.313300893656
1462  3.655000 -0.313381270655
1463  3.657500 -0.313392570914
1464  3.660000 -0.313345067219
1465  3.662500 -0.313248886515
1466  3.665000 -0.313113687853
1467  3.667500 -0.312948588482
1468  3.670000 -0.312762162797
1469  3.672500 -0.312562480616
1470  3.675000 -0.312357139338
1471  3.677500 -0.312153290873
1472  3.680000 -0.311957610092
1473  3.682500 -0.311776247304
1474  3.685000 -0.311614727688
1475  3.687500 -0.311477783484
1476  3.690000 -0.311369132736
1477  3.692500 -0.311291209758
1478  3.695000 -0.311244871238
1479  3.697500 -0.311229148293
1480  3.700000 -0.311241176308
1481  3.702500 -0.311276403523
1482  3.705000 -0.311329134291
1483  3.707500 -0.311393345415
1484  3.710000 -0.311463577087
1485  3.712500 -0.311535606347
1486  3.715000 -0.311606792806
1487  3.717500 -0.311676053531
1488  3.720000 -0.311743574737
1489  3.722500 -0.311810382049
1490  3.725000 -0.311877849128
1491  3.727500 -0.311947204623
1492  3.730000 -0.312019103444
1493  3.732500 -0.312093254411
1494  3.735000 -0.312168197238
1495  3.737500 -0.312241255976
1496  3.740000 -0.312308747212
1497  3.742500 -0.312366391706
1498  3.745000 -0.312409895411
1499  3.747500 -0.312435504835
1500  3.750000 -0.312440457394
1501  3.752500 -0.312423195842
1502  3.755000 -0.312383408388
1503  3.757500 -0.312321878906
1504  3.760000 -0.312240278705
1505  3.762500 -0.312140930207
1506  3.765000 -0.312026578294
1507  3.767500 -0.311900199022
1508  3.770000 -0.311764833297
1509  3.772500 -0.311623473920
1510  3.775000 -0.311478960399
1511  3.777500 -0.311333928131
1512  3.780000 -0.311190772895
1513  3.782500 -0.311051642265
1514  3.785000 -0.310918450289
1515  3.787500 -0.310792926504
1516  3.790000 -0.310676655394
1517  3.792500 -0.310571140803
1518  3.795000 -0.310477856195
1519  3.797500 -0.310398289611
1520  3.800000 -0.310333947296
1521  3.802500 -0.310286340833
1522  3.805000 -0.310256909089
1523  3.807500 -0.310246916484
1524  3.810000 -0.310257279437
1525  3.812500 -0.310288373777
1526  3.815000 -0.310339815880
1527  3.817500 -0.310410266274
1528  3.820000 -0.310497308945
1529  3.822500 -0.310597488595
1530  3.825000 -0.310706525125
1531  3.827500 -0.310819748723
1532  3.830000 -0.310932615103
1533  3.832500 -0.311041239047
1534  3.835000 -0.311142773771
1535  3.837500 -0.311235578544
1536  3.840000 -0.311319185831
1537  3.842500 -0.311394084069
1538  3.845000 -0.311461422743
1539  3.847500 -0.311522640234
1540  3.850000 -0.311579078991
1541  3.852500 -0.311631610349
1542  3.855000 -0.311680300122
1543  3.857500 -0.311724154714
1544  3.860000 -0.311761014629
1545  3.862500 -0.311787658504
1546  3.865000 -0.311800146037
1547  3.867500 -0.311794335654
1548  3.870000 -0.311766483928
1549  3.872500 -0.311713772733
1550  3.875000 -0.311634643335
1551  3.877500 -0.311528931051
1552  3.880000 -0.311397815118
1553  3.882500 -0.311243665234
1554  3.885000 -0.311069839812
1555  3.887500 -0.310880495828
1556  3.890000 -0.310680419290
1557  3.892500 -0.310474893102
1558  3.895000 -0.310269605316
1559  3.897500 -0.310070590616
1560  3.900000 -0.309884181943
1561  3.902500 -0.309716996116
1562  3.905000 -0.309575908682
1563  3.907500 -0.309468011622
1564  3.910000 -0.309400548699
1565  3.912500 -0.309380735839
1566  3.915000 -0.309415408378
1567  3.917500 -0.309510305394
1568  3.920000 -0.309668777084
1569  3.922500 -0.309889643608
1570  3.925000 -0.310164397731
1571  3.927500 -0.310475130389
1572  3.930000 -0.310796076901
1573  3.932500 -0.311100094941
1574  3.935000 -0.311366079523
1575  3.937500 -0.311582230618
1576  3.940000 -0.311744783849
1577  3.942500 -0.311855192448
1578  3.945000 -0.311917704840
1579  3.947500 -0.311937809150
1580  3.950000 -0.311921388046
1581  3.952500 -0.311874291428
1582  3.955000 -0.311802146654
1583  3.957500 -0.311710296410
1584  3.960000 -0.311603814734
1585  3.962500 -0.311487530832
1586  3.965000 -0.311366083588
1587  3.967500 -0.311243966283
1588  3.970000 -0.311125563258
1589  3.972500 -0.311015176657
1590  3.975000 -0.310917022616
1591  3.977500 -0.310835204203
1592  3.980000 -0.310773628513
1593  3.982500 -0.310735866309
1594  3.985000 -0.310724939207
1595  3.987500 -0.310743004152
1596  3.990000 -0.310790931766
1597  3.992500 -0.310867846371
1598  3.995000 -0.310970693021
1599  3.997500 -0.311094072208
1600  4.000000 -0.311230547202
1601  4.002500 -0.311371549475
1602  4.005000 -0.311508703614
1603  4.007500 -0.311635125550
1604  4.010000 -0.311746279776
1605  4.012500 -0.311840220304
1606  4.015000 -0.311917377401
1607  4.017500 -0.311980096634
1608  4.020000 -0.312032124403
1609  4.022500 -0.312078136274
1610  4.025000 -0.312123343839
1611  4.027500 -0.312173128549
1612  4.030000 -0.312232680568
1613  4.032500 -0.312306585127
1614  4.035000 -0.312398309171
1615  4.037500 -0.312509570275
1616  4.040000 -0.312639622748
1617  4.042500 -0.312784657710
1618  4.045000 -0.312937648382
1619  4.047500 -0.313089055536
1620  4.050000 -0.313228396705
1621  4.052500 -0.313346201613
1622  4.055000 -0.313435555338
1623  4.057500 -0.313492744051
1624  4.060000 -0.313517081924
1625  4.062500 -0.313510314291
1626  4.065000 -0.313475911776
1627  4.067500 -0.313418474717
1628  4.070000 -0.313343284319
1629  4.072500 -0.313255980602
1630  4.075000 -0.313162334076
1631  4.077500 -0.313068078879
1632  4.080000 -0.312978771845
1633  4.082500 -0.312899658602
1634  4.085000 -0.312835510321
1635  4.087500 -0.312790440140
1636  4.090000 -0.312767665419
1637  4.092500 -0.312769238753
1638  4.095000 -0.312795771702
1639  4.097500 -0.312846216120
1640  4.100000 -0.312917827499
1641  4.102500 -0.313006362345
1642  4.105000 -0.313106599883
1643  4.107500 -0.313213097803
1644  4.110000 -0.313320956495
1645  4.112500 -0.313426401585
1646  4.115000 -0.313527062149
1647  4.117500 -0.313621912146
1648  4.120000 -0.313711006712
1649  4.122500 -0.313795090750
1650  4.125000 -0.313875191712
1651  4.127500 -0.313952208536
1652  4.130000 -0.314026566272
1653  4.132500 -0.314097942995
1654  4.135000 -0.314165119179
1655  4.137500 -0.314225980523
1656  4.140000 -0.314277681098
1657  4.142500 -0.314316970704
1658  4.145000 -0.314340602553
1659  4.147500 -0.314345757510
1660  4.150000 -0.314330362994
1661  4.152500 -0.314293262240
1662  4.155000 -0.314234279097
1663  4.157500 -0.314154136056
1664  4.160000 -0.314054332586
1665  4.162500 -0.313937003898
1666  4.165000 -0.313804781940
1667  4.167500 -0.313660672946
1668  4.170000 -0.313507980004
1669  4.172500 -0.313350244920
1670  4.175000 -0.313191212824
1671  4.177500 -0.313034825069
1672  4.180000 -0.312885230557
1673  4.182500 -0.312746816122
1674  4.185000 -0.312624245215
1675  4.187500 -0.312522512926
1676  4.190000 -0.312446992873
1677  4.192500 -0.312403479809
1678  4.195000 -0.312398187640
1679  4.197500 -0.312437654073
1680  4.200000 -0.312528443032
1681  4.202500 -0.312676394775
1682  4.205000 -0.312885025641
1683  4.207500 -0.313152525996
1684  4.210000 -0.313467322300
1685  4.212500 -0.313804775571
1686  4.215000 -0.314130734418
1687  4.217500 -0.314413118782
1688  4.220000 -0.314631715693
1689  4.222500 -0.314779082345
1690  4.225000 -0.314856350253
1691  4.227500 -0.314869085053
1692  4.230000 -0.314824733175
1693  4.232500 -0.314731318803
1694  4.235000 -0.314596856344
1695  4.237500 -0.314429108356
1696  4.240000 -0.314235521082
1697  4.242500 -0.314023212100
1698  4.245000 -0.313798999922
1699  4.247500 -0.313569417445
1700  4.250000 -0.313340727461
1701  4.252500 -0.313118901902
1702  4.255000 -0.312909571373
1703  4.257500 -0.312717927080
1704  4.260000 -0.312548552644
1705  4.262500 -0.312405172365
1706  4.265000 -0.312290310336
1707  4.267500 -0.312204872478
1708  4.270000 -0.312147726068
1709  4.272500 -0.312115424204
1710  4.275000 -0.312102315871
1711  4.277500 -0.312101195315
1712  4.280000 -0.312104439259
1713  4.282500 -0.312105309177
1714  4.285000 -0.312098949399
1715  4.287500 -0.312082849460
1716  4.290000 -0.312056791273
1717  4.292500 -0.312022478492
1718  4.295000 -0.311983084410
1719  4.297500 -0.311942790617
1720  4.300000 -0.311906412424
1721  4.302500 -0.311879076279
1722  4.305000 -0.311865912628
1723  4.307500 -0.311871747319
1724  4.310000 -0.311900707645
1725  4.312500 -0.311955725738
1726  4.315000 -0.312037908083
1727  4.317500 -0.312145838929
1728  4.320000 -0.312275015847
1729  4.322500 -0.312417776269
1730  4.325000 -0.312564115695
1731  4.327500 -0.312703322798
1732  4.330000 -0.312825899366
1733  4.332500 -0.312924948501
1734  4.335000 -0.312996634333
1735  4.337500 -0.313039881865
1736  4.340000 -0.313055726375
1737  4.342500 -0.313046632558
1738  4.345000 -0.313015939364
1739  4.347500 -0.312967447521
1740  4.350000 -0.312905140716
1741  4.352500 -0.312833002204
1742  4.355000 -0.312754904068
1743  4.357500 -0.312674525513
1744  4.360000 -0.312595313525
1745  4.362500 -0.312520444105
1746  4.365000 -0.312452796184
1747  4.367500 -0.312394929692
1748  4.370000 -0.312349049163
1749  4.372500 -0.312316964627
1750  4.375000 -0.312300034242
1751  4.377500 -0.312299098083
1752  4.380000 -0.312314392934
1753  4.382500 -0.312345486506
1754  4.385000 -0.312391211669
1755  4.387500 -0.312449663939
1756  4.390000 -0.312518272201
1757  4.392500 -0.312593966105
1758  4.395000 -0.312673451736
1759  4.397500 -0.312753528212
1760  4.400000 -0.312831430847
1761  4.402500 -0.312905098899
1762  4.405000 -0.312973347250
1763  4.407500 -0.313035919291
1764  4.410000 -0.313093446525
1765  4.412500 -0.313147306418
1766  4.415000 -0.313199444345
1767  4.417500 -0.313252147720
1768  4.420000 -0.313307781386
1769  4.422500 -0.313368487710
1770  4.425000 -0.313435848467
1771  4.427500 -0.313510505279
1772  4.430000 -0.313591793598
1773  4.432500 -0.313677463945
1774  4.435000 -0.313763623352
1775  4.437500 -0.313845012037
1776  4.440000 -0.313915673955
1777  4.442500 -0.313969846543
1778  4.445000 -0.314002832101
1779  4.447500 -0.314011586966
1780  4.450000 -0.313994941343
1781  4.452500 -0.313953511770
1782  4.455000 -0.313889441931
1783  4.457500 -0.313806093444
1784  4.460000 -0.313707764706
1785  4.462500 -0.313599473727
1786  4.465000 -0.313486797236
1787  4.467500 -0.313375773339
1788  4.470000 -0.313272841377
1789  4.472500 -0.313184815470
1790  4.475000 -0.313118856016
1791  4.477500 -0.313082433344
1792  4.480000 -0.313083217829
1793  4.482500 -0.313128794831
1794  4.485000 -0.313226048595
1795  4.487500 -0.313379863371
1796  4.490000 -0.313590716067
1797  4.492500 -0.313851067455
1798  4.495000 -0.314142259349
1799  4.497500 -0.314436311868
1800  4.500000 -0.314704740288
1801  4.502500 -0.314927849007
1802  4.505000 -0.315097195819
1803  4.507500 -0.315212722630
1804  4.510000 -0.315279043873
1805  4.512500 -0.315302905801
1806  4.515000 -0.315291776040
1807  4.517500 -0.315253177007
1808  4.520000 -0.315194368374
1809  4.522500 -0.315122222917
1810  4.525000 -0.315043176129
1811  4.527500 -0.314963184255
1812  4.530000 -0.314887687201
1813  4.532500 -0.314821536452
1814  4.535000 -0.314768882604
1815  4.537500 -0.314733015953
1816  4.540000 -0.314716152092
1817  4.542500 -0.314719192575
1818  4.545000 -0.314741480203
1819  4.547500 -0.314780653648
1820  4.550000 -0.314832704029
1821  4.552500 -0.314892302483
1822  4.555000 -0.314953416130
1823  4.557500 -0.315010075428
1824  4.560000 -0.315057099348
1825  4.562500 -0.315090560330
1826  4.565000 -0.315107971329
1827  4.567500 -0.315108222415
1828  4.570000 -0.315091379449
1829  4.572500 -0.315058438047
1830  4.575000 -0.315011094864
1831  4.577500 -0.314951562722
1832  4.580000 -0.314882436234
1833  4.582500 -0.314806597561
1834  4.585000 -0.314727156331
1835  4.587500 -0.314647390195
1836  4.590000 -0.314570718025
1837  4.592500 -0.314500646803
1838  4.595000 -0.314440710588
1839  4.597500 -0.314394380483
1840  4.600000 -0.314364920779
1841  4.602500 -0.314355150488
1842  4.605000 -0.314367124761
1843  4.607500 -0.314401693712
1844  4.610000 -0.314457955392
1845  4.612500 -0.314532732127
1846  4.615000 -0.314620293286
1847  4.617500 -0.314712618574
1848  4.620000 -0.314800396176
1849  4.622500 -0.314874533653
1850  4.625000 -0.314927612311
1851  4.627500 -0.314954740585
1852  4.630000 -0.314953704427
1853  4.632500 -0.314924614773
1854  4.635000 -0.314869358732
1855  4.637500 -0.314791055327
1856  4.640000 -0.314693639716
1857  4.642500 -0.314581532637
1858  4.645000 -0.314459427829
1859  4.647500 -0.314332130931
1860  4.650000 -0.314204442453
1861  4.652500 -0.314081061061
1862  4.655000 -0.313966482076
1863  4.657500 -0.313864885215
1864  4.660000 -0.313779997248
1865  4.662500 -0.313714906773
1866  4.665000 -0.313671855454
1867  4.667500 -0.313651987247
1868  4.670000 -0.313655129264
1869  4.672500 -0.313679644971
1870  4.675000 -0.313722472724
1871  4.677500 -0.313779418873
1872  4.680000 -0.313845698761
1873  4.682500 -0.313916619847
1874  4.685000 -0.313988197640
1875  4.687500 -0.314057567185
1876  4.690000 -0.314123085022
1877  4.692500 -0.314184203637
1878  4.695000 -0.314241182811
1879  4.697500 -0.314294726356
1880  4.700000 -0.314345620818
1881  4.702500 -0.314394395675
1882  4.705000 -0.314441047908
1883  4.707500 -0.314484864294
1884  4.710000 -0.314524354946
1885  4.712500 -0.314557349706
1886  4.715000 -0.314581232880
1887  4.717500 -0.314593279209
1888  4.720000 -0.314591022739
1889  4.722500 -0.314572570270
1890  4.725000 -0.314536806190
1891  4.727500 -0.314483454122
1892  4.730000 -0.314413045097
1893  4.732500 -0.314326811356
1894  4.735000 -0.314226541889
1895  4.737500 -0.314114437405
1896  4.740000 -0.313992981388
1897  4.742500 -0.313864826084
1898  4.745000 -0.313732705770
1899  4.747500 -0.313599361715
1900  4.750000 -0.313467497909
1901  4.752500 -0.313339738965
1902  4.755000 -0.313218611518
1903  4.757500 -0.313106531318
1904  4.760000 -0.313005796064
1905  4.762500 -0.312918584164
1906  4.765000 -0.312846949067
1907  4.767500 -0.312792789813
1908  4.770000 -0.312757810384
1909  4.772500 -0.312743419617
1910  4.775000 -0.312750592319
1911  4.777500 -0.312779636014
1912  4.780000 -0.312829890760
1913  4.782500 -0.312899381165
1914  4.785000 -0.312984503724
1915  4.787500 -0.313079897202
1916  4.790000 -0.313178681605
1917  4.792500 -0.313273133386
1918  4.795000 -0.313355687004
1919  4.797500 -0.313419939282
1920  4.800000 -0.313461341621
1921  4.802500 -0.313477430690
1922  4.805000 -0.313467692537
1923  4.807500 -0.313433226474
1924  4.810000 -0.313376360909
1925  4.812500 -0.313300313010
1926  4.815000 -0.313208907422
1927  4.817500 -0.313106368280
1928  4.820000 -0.312997166331
1929  4.822500 -0.312885900202
1930  4.825000 -0.312777184453
1931  4.827500 -0.312675539981
1932  4.830000 -0.312585267038
1933  4.832500 -0.312510265838
1934  4.835000 -0.312453797487
1935  4.837500 -0.312418168076
1936  4.840000 -0.312404341591
1937  4.842500 -0.312411533470
1938  4.845000 -0.312436920198
1939  4.847500 -0.312475650026
1940  4.850000 -0.312521338235
1941  4.852500 -0.312567051183
1942  4.855000 -0.312606487353
1943  4.857500 -0.312634957038
1944  4.860000 -0.312649879597
1945  4.862500 -0.312650789161
1946  4.865000 -0.312639045965
1947  4.867500 -0.312617426176
1948  4.870000 -0.312589745318
1949  4.872500 -0.312560542544
1950  4.875000 -0.312534850649
1951  4.877500 -0.312518011121
1952  4.880000 -0.312515535655
1953  4.882500 -0.312532939953
1954  4.885000 -0.312575533954
1955  4.887500 -0.312648106521
1956  4.890000 -0.312754391280
1957  4.892500 -0.312896272324
1958  4.895000 -0.313072662006
1959  4.897500 -0.313278279606
1960  4.900000 -0.313503018285
1961  4.902500 -0.313732885320
1962  4.905000 -0.313952818203
1963  4.907500 -0.314150071678
1964  4.910000 -0.314316298315
1965  4.912500 -0.314447698729
1966  4.915000 -0.314544017063
1967  4.917500 -0.314607310502
1968  4.920000 -0.314640960927
1969  4.922500 -0.314649027215
1970  4.925000 -0.314635835489
1971  4.927500 -0.314605768869
1972  4.930000 -0.314563146886
1973  4.932500 -0.314512190366
1974  4.935000 -0.314457000843
1975  4.937500 -0.314401576555
1976  4.940000 -0.314349820279
1977  4.942500 -0.314305547066
1978  4.945000 -0.314272487105
1979  4.947500 -0.314254246143
1980  4.950000 -0.314254230573
1981  4.952500 -0.314275515417
1982  4.955000 -0.314320602037
1983  4.957500 -0.314391063524
1984  4.960000 -0.314487052252
1985  4.962500 -0.314606710106
1986  4.965000 -0.314745657355
1987  4.967500 -0.314896854682
1988  4.970000 -0.315051187616
1989  4.972500 -0.315198849794
1990  4.975000 -0.315331043505
1991  4.977500 -0.315441314784
1992  4.980000 -0.315526066155
1993  4.982500 -0.315584368699
1994  4.985000 -0.315617415080
1995  4.987500 -0.315627914063
1996  4.990000 -0.315619576541
1997  4.992500 -0.315596732354
1998  4.995000 -0.315564061857
1999  4.997500 -0.315526393820
2000  5.000000 -0.315488559171
2001  5.002500 -0.315455228546
2002  5.005000 -0.315430748657
2003  5.007500 -0.315418919596
2004  5.010000 -0.315422687278
2005  5.012500 -0.315443774625
2006  5.015000 -0.315482238655
2007  5.017500 -0.315536081477
2008  5.020000 -0.315601113643
2009  5.022500 -0.315671257752
2010  5.025000 -0.315739438701
2011  5.027500 -0.315798823035
2012  5.030000 -0.315843962814
2013  5.032500 -0.315871487358
2014  5.035000 -0.315880212264
2015  5.037500 -0.315870864387
2016  5.040000 -0.315845653187
2017  5.042500 -0.315807822438
2018  5.045000 -0.315761271190
2019  5.047500 -0.315710248753
2020  5.050000 -0.315659110015
2021  5.052500 -0.315612094211
2022  5.055000 -0.315573088528
2023  5.057500 -0.315545367781
2024  5.060000 -0.315531265624
2025  5.062500 -0.315531802671
2026  5.065000 -0.315546314438
2027  5.067500 -0.315572188518
2028  5.070000 -0.315604898594
2029  5.072500 -0.315638482806
2030  5.075000 -0.315666455195
2031  5.077500 -0.315682876239
2032  5.080000 -0.315683221430
2033  5.082500 -0.315664821751
2034  5.085000 -0.315626862933
2035  5.087500 -0.315570100851
2036  5.090000 -0.315496485924
2037  5.092500 -0.315408790784
2038  5.095000 -0.315310302568
2039  5.097500 -0.315204589422
2040  5.100000 -0.315095308929
2041  5.102500 -0.314986068347
2042  5.105000 -0.314880297633
2043  5.107500 -0.314781124746
2044  5.110000 -0.314691248422
2045  5.112500 -0.314612797279
2046  5.115000 -0.314547176569
2047  5.117500 -0.314494916201
2048  5.120000 -0.314455551388
2049  5.122500 -0.314427558887
2050  5.125000 -0.314408417342
2051  5.127500 -0.314394809154
2052  5.130000 -0.314382963871
2053  5.132500 -0.314369082923
2054  5.135000 -0.314349745609
2055  5.137500 -0.314322233865
2056  5.140000 -0.314284694202
2057  5.142500 -0.314236177431
2058  5.145000 -0.314176574758
2059  5.147500 -0.314106491789
2060  5.150000 -0.314027120695
2061  5.152500 -0.313940119783
2062  5.155000 -0.313847507165
2063  5.157500 -0.313751583363
2064  5.160000 -0.313654862474
2065  5.162500 -0.313560020044
2066  5.165000 -0.313469845353
2067  5.167500 -0.313387182788
2068  5.170000 -0.313314858115
2069  5.172500 -0.313255579663
2070  5.175000 -0.313211786480
2071  5.177500 -0.313185443840
2072  5.180000 -0.313177762318
2073  5.182500 -0.313188849654
2074  5.185000 -0.313217350525
2075  5.187500 -0.313260150468
2076  5.190000 -0.313312358172
2077  5.192500 -0.313367691145
2078  5.195000 -0.313419307503
2079  5.197500 -0.313460861098
2080  5.200000 -0.313487417782
2081  5.202500 -0.313495957368
2082  5.205000 -0.313485435781
2083  5.207500 -0.313456547145
2084  5.210000 -0.313411361037
2085  5.212500 -0.313352969333
2086  5.215000 -0.313285185712
2087  5.217500 -0.313212323821
2088  5.220000 -0.313139030343
2089  5.222500 -0.313070156219
2090  5.225000 -0.313010632529
2091  5.227500 -0.312965348058
2092  5.230000 -0.312938957452
2093  5.232500 -0.312935609418
2094  5.235000 -0.312958528044
2095  5.237500 -0.313009390553
2096  5.240000 -0.313087532477
2097  5.242500 -0.313189147765
2098  5.245000 -0.313306930577
2099  5.247500 -0.313430748266
2100  5.250000 -0.313549517097
2101  5.252500 -0.313653570229
2102  5.255000 -0.313736319010
2103  5.257500 -0.313794688474
2104  5.260000 -0.313828618242
2105  5.262500 -0.313840225422
2106  5.265000 -0.313833018387
2107  5.267500 -0.313811304011
2108  5.270000 -0.313779785278
2109  5.272500 -0.313743272667
2110  5.275000 -0.313706488275
2111  5.277500 -0.313673885787
2112  5.280000 -0.313649475152
2113  5.282500 -0.313636597851
2114  5.285000 -0.313637667275
2115  5.287500 -0.313653858086
2116  5.290000 -0.313684796898
2117  5.292500 -0.313728349032
2118  5.295000 -0.313780650591
2119  5.297500 -0.313836504547
2120  5.300000 -0.313890145175
2121  5.302500 -0.313936150463
2122  5.305000 -0.313970229087
2123  5.307500 -0.313989650202
2124  5.310000 -0.313993290946
2125  5.312500 -0.313981432368
2126  5.315000 -0.313955432959
2127  5.317500 -0.313917399766
2128  5.320000 -0.313869910707
2129  5.322500 -0.313815782899
2130  5.325000 -0.313757905086
2131  5.327500 -0.313699112869
2132  5.330000 -0.313642084847
2133  5.332500 -0.313589259537
2134  5.335000 -0.313542769465
2135  5.337500 -0.313504387138
2136  5.340000 -0.313475472108
2137  5.342500 -0.313456927061
2138  5.345000 -0.313449170400
2139  5.347500 -0.313452123015
2140  5.350000 -0.313465204046
2141  5.352500 -0.313487366312
2142  5.355000 -0.313517149139
2143  5.357500 -0.313552753838
2144  5.360000 -0.313592157981
2145  5.362500 -0.313633245814
2146  5.365000 -0.313673947071
2147  5.367500 -0.313712379970
2148  5.370000 -0.313746982065
2149  5.372500 -0.313776620127
2150  5.375000 -0.313800658544
2151  5.377500 -0.313819004818
2152  5.380000 -0.313832115671
2153  5.382500 -0.313840973043
2154  5.385000 -0.313847044382
2155  5.387500 -0.313852215476
2156  5.390000 -0.313858704197
2157  5.392500 -0.313868972504
2158  5.395000 -0.313885590211
2159  5.397500 -0.313911081418
2160  5.400000 -0.313947719653
2161  5.402500 -0.313997260081
2162  5.405000 -0.314060608547
2163  5.407500 -0.314137442208
2164  5.410000 -0.314225860277
2165  5.412500 -0.314322209407
2166  5.415000 -0.314421235821
2167  5.417500 -0.314516709228
2168  5.420000 -0.314602375521
2169  5.422500 -0.314672947798
2170  5.425000 -0.314724787801
2171  5.427500 -0.314756155957
2172  5.430000 -0.314767073377
2173  5.432500 -0.314759005710
2174  5.435000 -0.314734492665
2175  5.437500 -0.314696822558
2176  5.440000 -0.314649771974
2177  5.442500 -0.314597400043
2178  5.445000 -0.314543890399
2179  5.447500 -0.314493409377
2180  5.450000 -0.314449963385
2181  5.452500 -0.314417220858
2182  5.455000 -0.314398297037
2183  5.457500 -0.314395464695
2184  5.460000 -0.314409802089
2185  5.462500 -0.314440818961
2186  5.465000 -0.314486165519
2187  5.467500 -0.314541601648
2188  5.470000 -0.314601409498
2189  5.472500 -0.314659250731
2190  5.475000 -0.314709231185
2191  5.477500 -0.314746826332
2192  5.480000 -0.314769336996
2193  5.482500 -0.314775915104
2194  5.485000 -0.314767296987
2195  5.487500 -0.314745408171
2196  5.490000 -0.314713006241
2197  5.492500 -0.314673356581
2198  5.495000 -0.314630000616
2199  5.497500 -0.314586557680
2200  5.500000 -0.314546565233
2201  5.502500 -0.314513328564
2202  5.505000 -0.314489765100
2203  5.507500 -0.314478232714
2204  5.510000 -0.314480332355
2205  5.512500 -0.314496703986
2206  5.515000 -0.314526844268
2207  5.517500 -0.314568999989
2208  5.520000 -0.314620217969
2209  5.522500 -0.314676600403
2210  5.525000 -0.314733740313
2211  5.527500 -0.314787281167
2212  5.530000 -0.314833413109
2213  5.532500 -0.314869210873
2214  5.535000 -0.314892757225
2215  5.537500 -0.314903109498
2216  5.540000 -0.314900132657
2217  5.542500 -0.314884328923
2218  5.545000 -0.314856657262
2219  5.547500 -0.314818393488
2220  5.550000 -0.314771033057
2221  5.552500 -0.314716227769
2222  5.555000 -0.314655744078
2223  5.557500 -0.314591453196
2224  5.560000 -0.314525325847
2225  5.562500 -0.314459429114
2226  5.565000 -0.314395923766
2227  5.567500 -0.314337052581
2228  5.570000 -0.314285106771
2229  5.572500 -0.314242372574
2230  5.575000 -0.314211030086
2231  5.577500 -0.314193026157
2232  5.580000 -0.314189870534
2233  5.582500 -0.314202384268
2234  5.585000 -0.314230386395
2235  5.587500 -0.314272400791
2236  5.590000 -0.314325439388
2237  5.592500 -0.314385041925
2238  5.595000 -0.314445665489
2239  5.597500 -0.314501412399
2240  5.600000 -0.314546902006
2241  5.602500 -0.314577991371
2242  5.605000 -0.314592153979
2243  5.607500 -0.314588504921
2244  5.610000 -0.314567577645
2245  5.612500 -0.314531013378
2246  5.615000 -0.314481247459
2247  5.617500 -0.314421232230
2248  5.620000 -0.314354205466
2249  5.622500 -0.314283514190
2250  5.625000 -0.314212446161
2251  5.627500 -0.314144076842
2252  5.630000 -0.314081103652
2253  5.632500 -0.314025654432
2254  5.635000 -0.313979093960
2255  5.637500 -0.313941811952
2256  5.640000 -0.313913072523
2257  5.642500 -0.313890959993
2258  5.645000 -0.313872510168
2259  5.647500 -0.313854052260
2260  5.650000 -0.313831726602
2261  5.652500 -0.313802049680
2262  5.655000 -0.313762359740
2263  5.657500 -0.313711077047
2264  5.660000 -0.313647743519
2265  5.662500 -0.313572915588
2266  5.665000 -0.313487977366
2267  5.667500 -0.313394929708
2268  5.670000 -0.313296206845
2269  5.672500 -0.313194502686
2270  5.675000 -0.313092634355
2271  5.677500 -0.312993434386
2272  5.680000 -0.312899640038
2273  5.682500 -0.312813799189
2274  5.685000 -0.312738184506
2275  5.687500 -0.312674687462
2276  5.690000 -0.312624728439
2277  5.692500 -0.312589149547
2278  5.695000 -0.312568146202
2279  5.697500 -0.312561213352
2280  5.700000 -0.312567150496
2281  5.702500 -0.312584132499
2282  5.705000 -0.312609853066
2283  5.707500 -0.312641725165
2284  5.710000 -0.312677106481
2285  5.712500 -0.312713502318
2286  5.715000 -0.312748733224
2287  5.717500 -0.312781028267
2288  5.720000 -0.312809060107
2289  5.722500 -0.312831941118
2290  5.725000 -0.312849189814
2291  5.727500 -0.312860697699
2292  5.730000 -0.312866690571
2293  5.732500 -0.312867700503
2294  5.735000 -0.312864533726
2295  5.737500 -0.312858251739
2296  5.740000 -0.312850137500
2297  5.742500 -0.312841658864
2298  5.745000 -0.312834415367
2299  5.747500 -0.312830072261
2300  5.750000 -0.312830259620
2301  5.752500 -0.312836459588
2302  5.755000 -0.312849860576
2303  5.757500 -0.312871190916
2304  5.760000 -0.312900543171
2305  5.762500 -0.312937225305
2306  5.765000 -0.312979682937
2307  5.767500 -0.313025543830
2308  5.770000 -0.313071835580
2309  5.772500 -0.313115348328
2310  5.775000 -0.313153087801
2311  5.777500 -0.313182702183
2312  5.780000 -0.313202767663
2313  5.782500 -0.313212939595
2314  5.785000 -0.313213917576
2315  5.787500 -0.313207350767
2316  5.790000 -0.313195671322
2317  5.792500 -0.313181934641
2318  5.795000 -0.313169655704
2319  5.797500 -0.313162656906
2320  5.800000 -0.313164898598
2321  5.802500 -0.313180279577
2322  5.805000 -0.313212353869
2323  5.807500 -0.313263921136
2324  5.810000 -0.313336438809
2325  5.812500 -0.313429265451
2326  5.815000 -0.313538882079
2327  5.817500 -0.313658526104
2328  5.820000 -0.313778783267
2329  5.822500 -0.313889338385
2330  5.825000 -0.313981197260
2331  5.827500 -0.314048265603
2332  5.830000 -0.314087744603
2333  5.832500 -0.314099643971
2334  5.835000 -0.314086010908
2335  5.837500 -0.314050209701
2336  5.840000 -0.313996404503
2337  5.842500 -0.313929216709
2338  5.845000 -0.313853525560
2339  5.847500 -0.313774354195
2340  5.850000 -0.313696812616
2341  5.852500 -0.313626071002
2342  5.855000 -0.313567335385
2343  5.857500 -0.313525822758
2344  5.860000 -0.313506694044
2345  5.862500 -0.313514918272
2346  5.865000 -0.313555006947
2347  5.867500 -0.313630513841
2348  5.870000 -0.313743199037
2349  5.872500 -0.313891781863
2350  5.875000 -0.314070523415
2351  5.877500 -0.314268561009
2352  5.880000 -0.314471255723
2353  5.882500 -0.314663762294
2354  5.885000 -0.314834692256
2355  5.887500 -0.314977678739
2356  5.890000 -0.315090798131
2357  5.892500 -0.315175159622
2358  5.895000 -0.315233618574
2359  5.897500 -0.315269883858
2360  5.900000 -0.315287989702
2361  5.902500 -0.315291993009
2362  5.905000 -0.315285818601
2363  5.907500 -0.315273166014
2364  5.910000 -0.315257458458
2365  5.912500 -0.315241799077
2366  5.915000 -0.315228925213
2367  5.917500 -0.315221143963
2368  5.920000 -0.315220249988
2369  5.922500 -0.315227412563
2370  5.925000 -0.315243057885
2371  5.927500 -0.315266736236
2372  5.930000 -0.315297042143
2373  5.932500 -0.315331611814
2374  5.935000 -0.315367257517
2375  5.937500 -0.315400276501
2376  5.940000 -0.315426869675
2377  5.942500 -0.315443600353
2378  5.945000 -0.315447776058
2379  5.947500 -0.315437683444
2380  5.950000 -0.315412660929
2381  5.952500 -0.315373048466
2382  5.955000 -0.315320064972
2383  5.957500 -0.315255660261
2384  5.960000 -0.315182382125
2385  5.962500 -0.315103257094
2386  5.965000 -0.315021703194
2387  5.967500 -0.314941455598
2388  5.970000 -0.314866513385
2389  5.972500 -0.314801084823
2390  5.975000 -0.314749518318
2391  5.977500 -0.314716193861
2392  5.980000 -0.314705334750
2393  5.982500 -0.314720663693
2394  5.985000 -0.314764817511
2395  5.987500 -0.314838416926
2396  5.990000 -0.314938807523
2397  5.992500 -0.315058887583
2398  5.995000 -0.315187026901
2399  5.997500 -0.315309087910
2400  6.000000 -0.315411999387
2401  6.002500 -0.315486648592
2402  6.005000 -0.315528648063
2403  6.007500 -0.315537479997
2404  6.010000 -0.315515173659
2405  6.012500 -0.315465210334
2406  6.015000 -0.315391794303
2407  6.017500 -0.315299413215
2408  6.020000 -0.315192587069
2409  6.022500 -0.315075733210
2410  6.025000 -0.314953076311
2411  6.027500 -0.314828583298
2412  6.030000 -0.314705909370
2413  6.032500 -0.314588326403
2414  6.035000 -0.314478640794
2415  6.037500 -0.314379098068
2416  6.040000 -0.314291271026
2417  6.042500 -0.314215964394
2418  6.045000 -0.314153151360
2419  6.047500 -0.314101990949
2420  6.050000 -0.314060954181
2421  6.052500 -0.314028072463
2422  6.055000 -0.314001280565
2423  6.057500 -0.313978774161
2424  6.060000 -0.313959319580
2425  6.062500 -0.313942452180
2426  6.065000 -0.313928541570
2427  6.067500 -0.313918753972
2428  6.070000 -0.313914936041
2429  6.072500 -0.313919466471
2430  6.075000 -0.313935064200
2431  6.077500 -0.313964574928
2432  6.080000 -0.314010708961
2433  6.082500 -0.314075691173
2434  6.085000 -0.314160803693
2435  6.087500 -0.314265815385
2436  6.090000 -0.314388372930
2437  6.092500 -0.314523579588
2438  6.095000 -0.314664144647
2439  6.097500 -0.314801351146
2440  6.100000 -0.314926632123
2441  6.102500 -0.315033063778
2442  6.105000 -0.315116162252
2443  6.107500 -0.315173879244
2444  6.110000 -0.315206138271
2445  6.112500 -0.315214244183
2446  6.115000 -0.315200375300
2447  6.117500 -0.315167211681
2448  6.120000 -0.315117687303
2449  6.122500 -0.315054840697
2450  6.125000 -0.314981723620
2451  6.127500 -0.314901356879
2452  6.130000 -0.314816710145
2453  6.132500 -0.314730692825
2454  6.135000 -0.314646153860
2455  6.137500 -0.314565879652
2456  6.140000 -0.314492584650
2457  6.142500 -0.314428886199
2458  6.145000 -0.314377255910
2459  6.147500 -0.314339934111
2460  6.150000 -0.314318794361
2461  6.152500 -0.314315146592
2462  6.155000 -0.314329470081
2463  6.157500 -0.314361091919
2464  6.160000 -0.314407884002
2465  6.162500 -0.314466102954
2466  6.165000 -0.314530551907
2467  6.167500 -0.314595146994
2468  6.170000 -0.314653814944
2469  6.172500 -0.314701409534
2470  6.175000 -0.314734336611
2471  6.177500 -0.314750768022
2472  6.180000 -0.314750515868
2473  6.182500 -0.314734721944
2474  6.185000 -0.314705526611
2475  6.187500 -0.314665779994
2476  6.190000 -0.314618801880
2477  6.192500 -0.314568213800
2478  6.195000 -0.314517802503
2479  6.197500 -0.314471393420
2480  6.200000 -0.314432734803
2481  6.202500 -0.314405333059
2482  6.205000 -0.314392235636
2483  6.207500 -0.314395722050
2484  6.210000 -0.314416897582
2485  6.212500 -0.314455203461
2486  6.215000 -0.314507976823
2487  6.217500 -0.314570320281
2488  6.220000 -0.314635548438
2489  6.222500 -0.314696286201
2490  6.225000 -0.314745857729
2491  6.227500 -0.314779399437
2492  6.230000 -0.314794296872
2493  6.232500 -0.314790053270
2494  6.235000 -0.314767849185
2495  6.237500 -0.314730055126
2496  6.240000 -0.314679820552
2497  6.242500 -0.314620780064
2498  6.245000 -0.314556837306
2499  6.247500 -0.314492027087
2500  6.250000 -0.314430414374
2501  6.252500 -0.314376009667
2502  6.255000 -0.314332677424
2503  6.257500 -0.314304022017
2504  6.260000 -0.314293232584
2505  6.262500 -0.314302847919
2506  6.265000 -0.314334451274
2507  6.267500 -0.314388274117
2508  6.270000 -0.314462796471
2509  6.272500 -0.314554484933
2510  6.275000 -0.314657893454
2511  6.277500 -0.314766295005
2512  6.280000 -0.314872750142
2513  6.282500 -0.314971210323
2514  6.285000 -0.315057248039
2515  6.287500 -0.315128246248
2516  6.290000 -0.315183172597
2517  6.292500 -0.315222177504
2518  6.295000 -0.315246173256
2519  6.297500 -0.315256506392
2520  6.300000 -0.315254702805
2521  6.302500 -0.315242319171
2522  6.305000 -0.315220846842
2523  6.307500 -0.315191669274
2524  6.310000 -0.315156062763
2525  6.312500 -0.315115214979
2526  6.315000 -0.315070255554
2527  6.317500 -0.315022300075
2528  6.320000 -0.314972485667
2529  6.322500 -0.314922003364
2530  6.325000 -0.314872109546
2531  6.327500 -0.314824125812
2532  6.330000 -0.314779428011
2533  6.332500 -0.314739410803
2534  6.335000 -0.314705444606
2535  6.337500 -0.314678812895
2536  6.340000 -0.314660648599
2537  6.342500 -0.314651859186
2538  6.345000 -0.314653062576
2539  6.347500 -0.314664530671
2540  6.350000 -0.314686160522
2541  6.352500 -0.314717485877
2542  6.355000 -0.314757728279
2543  6.357500 -0.314805897123
2544  6.360000 -0.314860915911
2545  6.362500 -0.314921754041
2546  6.365000 -0.314987525933
2547  6.367500 -0.315057543548
2548  6.370000 -0.315131308492
2549  6.372500 -0.315208429290
2550  6.375000 -0.315288488699
2551  6.377500 -0.315370881426
2552  6.380000 -0.315454635326
2553  6.382500 -0.315538288532
2554  6.385000 -0.315619837611
2555  6.387500 -0.315696806477
2556  6.390000 -0.315766462661
2557  6.392500 -0.315826117304
2558  6.395000 -0.315873459350
2559  6.397500 -0.315906831435
2560  6.400000 -0.315925387328
2561  6.402500 -0.315929137783
2562  6.405000 -0.315918894737
2563  6.407500 -0.315896159521
2564  6.410000 -0.315862990602
2565  6.412500 -0.315821879469
2566  6.415000 -0.315775627138
2567  6.417500 -0.315727242877
2568  6.420000 -0.315679850827
2569  6.422500 -0.315636594881
2570  6.425000 -0.315600536689
2571  6.427500 -0.315574531118
2572  6.430000 -0.315561065366
2573  6.432500 -0.315562054371
2574  6.435000 -0.315578591014
2575  6.437500 -0.315610670268
2576  6.440000 -0.315656951883
2577  6.442500 -0.315714674892
2578  6.445000 -0.315779836621
2579  6.447500 -0.315847706913
2580  6.450000 -0.315913564352
2581  6.452500 -0.315973428462
2582  6.455000 -0.316024556144
2583  6.457500 -0.316065598230
2584  6.460000 -0.316096484912
2585  6.462500 -0.316118166958
2586  6.465000 -0.316132311588
2587  6.467500 -0.316141017894
2588  6.470000 -0.316146562576
2589  6.472500 -0.316151186064
2590  6.475000 -0.316156896037
2591  6.477500 -0.316165275589
2592  6.480000 -0.316177318108
2593  6.482500 -0.316193268743
2594  6.485000 -0.316212518452
2595  6.487500 -0.316233588012
2596  6.490000 -0.316254235491
2597  6.492500 -0.316271693720
2598  6.495000 -0.316283015064
2599  6.497500 -0.316285431644
2600  6.500000 -0.316276666201
2601  6.502500 -0.316255113251
2602  6.505000 -0.316219888772
2603  6.507500 -0.316170787976
2604  6.510000 -0.316108173688
2605  6.512500 -0.316032852866
2606  6.515000 -0.315945965076
2607  6.517500 -0.315848886727
2608  6.520000 -0.315743159586
2609  6.522500 -0.315630449186
2610  6.525000 -0.315512527209
2611  6.527500 -0.315391259753
2612  6.530000 -0.315268622546
2613  6.532500 -0.315146720019
2614  6.535000 -0.315027812603
2615  6.537500 -0.314914352264
2616  6.540000 -0.314809015681
2617  6.542500 -0.314714745321
2618  6.545000 -0.314634792039
2619  6.547500 -0.314572755783
2620  6.550000 -0.314532615776
2621  6.552500 -0.314518750317
2622  6.555000 -0.314535900590
2623  6.557500 -0.314589022839
2624  6.560000 -0.314682874275
2625  6.562500 -0.314821030782
2626  6.565000 -0.315003853569
2627  6.567500 -0.315225071962
2628  6.570000 -0.315468452732
2629  6.572500 -0.315709457544
2630  6.575000 -0.315924301315
2631  6.577500 -0.316098298845
2632  6.580000 -0.316226563783
2633  6.582500 -0.316310437070
2634  6.585000 -0.316354216291
2635  6.587500 -0.316363277135
2636  6.590000 -0.316343193449
2637  6.592500 -0.316299364208
2638  6.595000 -0.316236869704
2639  6.597500 -0.316160437328
2640  6.600000 -0.316074442192
2641  6.602500 -0.315982907766
2642  6.605000 -0.315889499391
2643  6.607500 -0.315797513891
2644  6.610000 -0.315709841875
2645  6.612500 -0.315628921025
2646  6.615000 -0.315556680920
2647  6.617500 -0.315494474500
2648  6.620000 -0.315443031783
2649  6.622500 -0.315402445056
2650  6.625000 -0.315372209318
2651  6.627500 -0.315351333920
2652  6.630000 -0.315338535756
2653  6.632500 -0.315332470732
2654  6.635000 -0.315331967559
2655  6.637500 -0.315336226141
2656  6.640000 -0.315344932985
2657  6.642500 -0.315358285008
2658  6.645000 -0.315376943527
2659  6.647500 -0.315401916800
2660  6.650000 -0.315434392270
2661  6.652500 -0.315475544914
2662  6.655000 -0.315526301690
2663  6.657500 -0.315587096980
2664  6.660000 -0.315657614250
2665  6.662500 -0.315736578290
2666  6.665000 -0.315821653070
2667  6.667500 -0.315909533665
2668  6.670000 -0.315996260017
2669  6.672500 -0.316077714520
2670  6.675000 -0.316150174587
2671  6.677500 -0.316210730575
2672  6.680000 -0.316257501165
2673  6.682500 -0.316289640211
2674  6.685000 -0.316307201452
2675  6.687500 -0.316310942689
2676  6.690000 -0.316302128150
2677  6.692500 -0.316282361069
2678  6.695000 -0.316253450461
2679  6.697500 -0.316217317616
2680  6.700000 -0.316175933168
2681  6.702500 -0.316131278060
2682  6.705000 -0.316085325361
2683  6.707500 -0.316040033374
2684  6.710000 -0.315997338693
2685  6.712500 -0.315959166958
2686  6.715000 -0.315927426912
2687  6.717500 -0.315903997379
2688  6.720000 -0.315890701348
2689  6.722500 -0.315889251593
2690  6.725000 -0.315901157553
2691  6.727500 -0.315927588476
2692  6.730000 -0.315969182828
2693  6.732500 -0.316025803150
2694  6.735000 -0.316096274826
2695  6.737500 -0.316178187480
2696  6.740000 -0.316267868172
2697  6.742500 -0.316360645817
2698  6.745000 -0.316451435708
2699  6.747500 -0.316535478715
2700  6.750000 -0.316609016109
2701  6.752500 -0.316669682709
2702  6.755000 -0.316716578084
2703  6.757500 -0.316750112696
2704  6.760000 -0.316771744912
2705  6.762500 -0.316783703319
2706  6.765000 -0.316788749467
2707  6.767500 -0.316789964178
2708  6.770000 -0.316790573583
2709  6.772500 -0.316793770156
2710  6.775000 -0.316802521818
2711  6.777500 -0.316819320402
2712  6.780000 -0.316845872134
2713  6.782500 -0.316882706214
2714  6.785000 -0.316928760156
2715  6.787500 -0.316981099873
2716  6.790000 -0.317034979343
2717  6.792500 -0.317084434670
2718  6.795000 -0.317123343335
2719  6.797500 -0.317146546165
2720  6.800000 -0.317150606839
2721  6.802500 -0.317134026094
2722  6.805000 -0.317097035395
2723  6.807500 -0.317041228811
2724  6.810000 -0.316969173395
2725  6.812500 -0.316884110240
2726  6.815000 -0.316789738469
2727  6.817500 -0.316690084752
2728  6.820000 -0.316589430358
2729  6.822500 -0.316492288831
2730  6.825000 -0.316403412104
2731  6.827500 -0.316327818827
2732  6.830000 -0.316270847438
2733  6.832500 -0.316238216829
2734  6.835000 -0.316236059206
2735  6.837500 -0.316270916783
2736  6.840000 -0.316349518741
2737  6.842500 -0.316478053159
2738  6.845000 -0.316660187625
2739  6.847500 -0.316892679963
2740  6.850000 -0.317158959043
2741  6.852500 -0.317428211551
2742  6.855000 -0.317668809653
2743  6.857500 -0.317862738341
2744  6.860000 -0.318005732996
2745  6.862500 -0.318100883412
2746  6.865000 -0.318153982355
2747  6.867500 -0.318171366405
2748  6.870000 -0.318159110323
2749  6.872500 -0.318122789987
2750  6.875000 -0.318067449495
2751  6.877500 -0.317997644195
2752  6.880000 -0.317917507024
2753  6.882500 -0.317830803652
2754  6.885000 -0.317740981734
2755  6.887500 -0.317651211060
2756  6.890000 -0.317564406829
2757  6.892500 -0.317483242330
2758  6.895000 -0.317410145931
2759  6.897500 -0.317347275607
2760  6.900000 -0.317296474526
2761  6.902500 -0.317259202389
2762  6.905000 -0.317236438331
2763  6.907500 -0.317228557614
2764  6.910000 -0.317235211670
2765  6.912500 -0.317255232293
2766  6.915000 -0.317286606090
2767  6.917500 -0.317326579698
2768  6.920000 -0.317371914292
2769  6.922500 -0.317419266879
2770  6.925000 -0.317465620201
2771  6.927500 -0.317508632352
2772  6.930000 -0.317546854885
2773  6.932500 -0.317579792191
2774  6.935000 -0.317607833658
2775  6.937500 -0.317632118918
2776  6.940000 -0.317654372117
2777  6.942500 -0.317676718061
2778  6.945000 -0.317701508407
2779  6.947500 -0.317731130479
2780  6.950000 -0.317767780647
2781  6.952500 -0.317813203614
2782  6.955000 -0.317868353196
2783  6.957500 -0.317933008919
2784  6.960000 -0.318005421938
2785  6.962500 -0.318082127121
2786  6.965000 -0.318158137859
2787  6.967500 -0.318227619974
2788  6.970000 -0.318284905035
2789  6.972500 -0.318325437028
2790  6.975000 -0.318346319116
2791  6.977500 -0.318346402147
2792  6.980000 -0.318326042978
2793  6.982500 -0.318286736510
2794  6.985000 -0.318230769058
2795  6.987500 -0.318160943575
2796  6.990000 -0.318080367798
2797  6.992500 -0.317992311456
2798  6.995000 -0.317900101922
2799  6.997500 -0.317807043728
2800  7.000000 -0.317716349288
2801  7.002500 -0.317631058745
2802  7.005000 -0.317553944968
2803  7.007500 -0.317487403929
2804  7.010000 -0.317433300273
2805  7.012500 -0.317392793643
2806  7.015000 -0.317366159468
2807  7.017500 -0.317352656140
2808  7.020000 -0.317350490629
2809  7.022500 -0.317356988210
2810  7.025000 -0.317368963608
2811  7.027500 -0.317383242111
2812  7.030000 -0.317397186199
2813  7.032500 -0.317409079219
2814  7.035000 -0.317418301111
2815  7.037500 -0.317425304270
2816  7.040000 -0.317431469984
2817  7.042500 -0.317438909752
2818  7.045000 -0.317450250546
2819  7.047500 -0.317468428227
2820  7.050000 -0.317496462026
2821  7.052500 -0.317537198009
2822  7.055000 -0.317592962367
2823  7.057500 -0.317665098706
2824  7.060000 -0.317753364083
2825  7.062500 -0.317855297733
2826  7.065000 -0.317965828546
2827  7.067500 -0.318077561836
2828  7.070000 -0.318181997843
2829  7.072500 -0.318271270092
2830  7.075000 -0.318339567164
2831  7.077500 -0.318383641293
2832  7.080000 -0.318402553951
2833  7.082500 -0.318397079779
2834  7.085000 -0.318369110113
2835  7.087500 -0.318321191979
2836  7.090000 -0.318256222508
2837  7.092500 -0.318177257769
2838  7.095000 -0.318087406375
2839  7.097500 -0.317989772478
2840  7.100000 -0.317887435150
2841  7.102500 -0.317783446956
2842  7.105000 -0.317680845958
2843  7.107500 -0.317582680064
2844  7.110000 -0.317492031025
2845  7.112500 -0.317412043645
2846  7.115000 -0.317345957181
2847  7.117500 -0.317297123319
2848  7.120000 -0.317269013471
2849  7.122500 -0.317265178805
2850  7.125000 -0.317289138684
2851  7.127500 -0.317344109599
2852  7.130000 -0.317432448039
2853  7.132500 -0.317554632872
2854  7.135000 -0.317707658575
2855  7.137500 -0.317883287252
2856  7.140000 -0.318067691381
2857  7.142500 -0.318244293552
2858  7.145000 -0.318398730961
2859  7.147500 -0.318522162042
2860  7.150000 -0.318611267712
2861  7.152500 -0.318666562272
2862  7.155000 -0.318690709585
2863  7.157500 -0.318687404157
2864  7.160000 -0.318660742209
2865  7.162500 -0.318614908061
2866  7.165000 -0.318554021447
2867  7.167500 -0.318482068638
2868  7.170000 -0.318402868745
2869  7.172500 -0.318320063739
2870  7.175000 -0.318237092087
2871  7.177500 -0.318157161754
2872  7.180000 -0.318083199055
2873  7.182500 -0.318017774823
2874  7.185000 -0.317963000503
2875  7.187500 -0.317920397580
2876  7.190000 -0.317890745571
2877  7.192500 -0.317873948520
2878  7.195000 -0.317868957735
2879  7.197500 -0.317873823435
2880  7.200000 -0.317885917453
2881  7.202500 -0.317902314783
2882  7.205000 -0.317920258472
2883  7.207500 -0.317937583338
2884  7.210000 -0.317952977501
2885  7.212500 -0.317966073289
2886  7.215000 -0.317977384231
2887  7.217500 -0.317988154623
2888  7.220000 -0.318000169838
2889  7.222500 -0.318015558199
2890  7.225000 -0.318036596332
2891  7.227500 -0.318065510271
2892  7.230000 -0.318104255247
2893  7.232500 -0.318154275207
2894  7.235000 -0.318216228349
2895  7.237500 -0.318289713418
2896  7.240000 -0.318373063856
2897  7.242500 -0.318463312650
2898  7.245000 -0.318556447738
2899  7.247500 -0.318647950859
2900  7.250000 -0.318733483798
2901  7.252500 -0.318809517426
2902  7.255000 -0.318873666335
2903  7.257500 -0.318924744769
2904  7.260000 -0.318962591204
2905  7.262500 -0.318987818870
2906  7.265000 -0.319001553009
2907  7.267500 -0.319005203734
2908  7.270000 -0.319000290345
2909  7.272500 -0.318988315626
2910  7.275000 -0.318970679774
2911  7.277500 -0.318948632719
2912  7.280000 -0.318923255756
2913  7.282500 -0.318895469083
2914  7.285000 -0.318866059281
2915  7.287500 -0.318835727174
2916  7.290000 -0.318805142921
2917  7.292500 -0.318775003116
2918  7.295000 -0.318746080315
2919  7.297500 -0.318719261513
2920  7.300000 -0.318695565161
2921  7.302500 -0.318676140409
2922  7.305000 -0.318662242527
2923  7.307500 -0.318655185828
2924  7.310000 -0.318656273074
2925  7.312500 -0.318666698256
2926  7.315000 -0.318687427392
2927  7.317500 -0.318719065795
2928  7.320000 -0.318761699393
2929  7.322500 -0.318814772467
2930  7.325000 -0.318876995871
2931  7.327500 -0.318946357637
2932  7.330000 -0.319020264830
2933  7.332500 -0.319095800939
2934  7.335000 -0.319170064827
2935  7.337500 -0.319240483297
2936  7.340000 -0.319305034683
2937  7.342500 -0.319362334583
2938  7.345000 -0.319411593792
2939  7.347500 -0.319452497914
2940  7.350000 -0.319485041916
2941  7.352500 -0.319509373713
2942  7.355000 -0.319525654764
2943  7.357500 -0.319533965883
2944  7.360000 -0.319534259210
2945  7.362500 -0.319526359110
2946  7.365000 -0.319510009500
2947  7.367500 -0.319484959457
2948  7.370000 -0.319451060948
2949  7.372500 -0.319408371530
2950  7.375000 -0.319357238051
2951  7.377500 -0.319298352893
2952  7.380000 -0.319232783222
2953  7.382500 -0.319161974485
2954  7.385000 -0.319087738512
2955  7.387500 -0.319012236125
2956  7.390000 -0.318937946553
2957  7.392500 -0.318867648097
2958  7.395000 -0.318804397426
2959  7.397500 -0.318751511700
2960  7.400000 -0.318712550965
2961  7.402500 -0.318691280038
2962  7.405000 -0.318691609475
2963  7.407500 -0.318717452183
2964  7.410000 -0.318772435141
2965  7.412500 -0.318859343476
2966  7.415000 -0.318979100456
2967  7.417500 -0.319129207058
2968  7.420000 -0.319302035790
2969  7.422500 -0.319484502467
2970  7.425000 -0.319660871210
2971  7.427500 -0.319817550963
2972  7.430000 -0.319946240616
2973  7.432500 -0.320043856318
2974  7.435000 -0.320110875044
2975  7.437500 -0.320149705625
2976  7.440000 -0.320163610329
2977  7.442500 -0.320156109791
2978  7.445000 -0.320130664575
2979  7.447500 -0.320090535551
2980  7.450000 -0.320038709987
2981  7.452500 -0.319977883294
2982  7.455000 -0.319910452200
2983  7.457500 -0.319838522699
2984  7.460000 -0.319763919906
2985  7.462500 -0.319688206295
2986  7.465000 -0.319612698679
2987  7.467500 -0.319538494011
2988  7.470000 -0.319466486793
2989  7.472500 -0.319397396607
2990  7.475000 -0.319331782476
2991  7.477500 -0.319270061075
2992  7.480000 -0.319212516155
2993  7.482500 -0.319159301818
2994  7.485000 -0.319110439455
2995  7.487500 -0.319065819890
2996  7.490000 -0.319025201375
2997  7.492500 -0.318988223768
2998  7.495000 -0.318954436405
2999  7.497500 -0.318923346421
