# N=6, M=60
# mu_k, sigma_k, mu_g, sigma_g, le_avr, err_narma2, err_narma10, err_narma20, err_narma30
10.000000  3.000000  0.500000  0.100000  -0.367775452238   22.808482955724   116862.621410940104   1836.433725987624   10337835.493459936231
10.000000  3.000000  0.500000  0.100000  -0.371103863623   12847.818149969442   257503.836022307194   9367.280073469201   11294460.930867567658
20.000000  6.000000  0.500000  0.100000  -0.367738087001   0.035997730479   1.959359690055   0.029744618901   214.869489463419
20.000000  6.000000  0.500000  0.100000  -0.376783955366   0.052364199438   4.920035530032   0.070402922649   10.622144856179
30.000000  9.000000  0.500000  0.100000  -0.374309627545   0.001447025972   0.853749577067   0.016230543011   5.988194643837
30.000000  9.000000  0.500000  0.100000  -0.387861420392   0.004694463137   1.966550184168   0.066179125965   15.206686003208
40.000000  12.000000  0.500000  0.100000  -0.373892317758   0.000137015472   0.047105096886   0.010796009221   1.108338858096
40.000000  12.000000  0.500000  0.100000  -0.389175120797   0.000666726879   0.094201166280   0.063202066103   10.953836545755
50.000000  15.000000  0.500000  0.100000  -0.384897098418   0.001224047113   0.025435653233   0.074375474037   1.273289174043
50.000000  15.000000  0.500000  0.100000  -0.381010174126   0.002929050625   0.715983281856   0.018477410982   7.829859425786
60.000000  18.000000  0.500000  0.100000  -0.369276880959   0.000058256941   0.010898907072   0.002079266285   0.711351940489
60.000000  18.000000  0.500000  0.100000  -0.366891348312   0.000034707048   0.010541763671   0.005027375002   0.939301519486
70.000000  21.000000  0.500000  0.100000  -0.344136087000   0.000040653124   0.010291392855   0.002032239411   0.700489280934
70.000000  21.000000  0.500000  0.100000  -0.382918222637   0.000094315153   0.046375215188   0.006228528275   0.830080214958
80.000000  24.000000  0.500000  0.100000  -0.391300888783   0.000330307014   0.044522656508   0.008509709110   2.056570865687
80.000000  24.000000  0.500000  0.100000  -0.370347820903   0.000062832160   0.012627118748   0.002642775620   0.871441699779
90.000000  27.000000  0.500000  0.100000  -0.385677365117   0.000039872777   0.008376601327   0.006085751265   1.267181137424
90.000000  27.000000  0.500000  0.100000  -0.321087223214   0.000650221357   0.109136317864   0.038900123554   4.881782911110
100.000000  30.000000  0.500000  0.100000  -0.328419293536   0.000040431035   0.009269922478   0.001998962137   0.712953909375
100.000000  30.000000  0.500000  0.100000  -0.319222421829   0.000039921635   0.008848094019   0.001965689292   0.684557948475
110.000000  33.000000  0.500000  0.100000  -0.342136438695   0.000036334631   0.007324205103   0.001712545370   0.585603168394
110.000000  33.000000  0.500000  0.100000  -0.345984344342   0.000036533097   0.008823552744   0.002188079608   0.750409088907
120.000000  36.000000  0.500000  0.100000  -0.357228697769   0.000062756174   0.009711307035   0.005228178353   0.762602748927
120.000000  36.000000  0.500000  0.100000  -0.363505992460   0.000038011021   0.007835341136   0.001700765083   0.630626606055
130.000000  39.000000  0.500000  0.100000  -0.363843297363   0.000035333312   0.008940554923   0.002417654835   0.667751180453
130.000000  39.000000  0.500000  0.100000  -0.357370488363   0.000036428529   0.008234089412   0.002671711698   0.782637668260
140.000000  42.000000  0.500000  0.100000  -0.350539228683   0.000047849781   0.007680596026   0.001896146807   1.086481168462
140.000000  42.000000  0.500000  0.100000  -0.350392742223   0.000034734703   0.007563050743   0.002344082907   0.703600424090
150.000000  45.000000  0.500000  0.100000  -0.350008498437   0.000032725681   0.007815773709   0.002499080835   0.734058292381
150.000000  45.000000  0.500000  0.100000  -0.350098481576   0.000205740151   0.008440435394   0.003823762060   1.351864845655
160.000000  48.000000  0.500000  0.100000  -0.375658653210   0.000040053237   0.007887716674   0.001976808902   0.621238608719
160.000000  48.000000  0.500000  0.100000  -0.369491499532   0.000053977007   0.009098176403   0.002178577237   0.577695796595
170.000000  51.000000  0.500000  0.100000  -0.360009534268   0.000040582317   0.007978222369   0.005561739039   1.310156817521
170.000000  51.000000  0.500000  0.100000  -0.334920684757   0.000042314109   0.008600257910   0.002193003330   0.974147064066
180.000000  54.000000  0.500000  0.100000  -0.363212237517   0.000034186487   0.007335552713   0.001665017061   0.610407145464
180.000000  54.000000  0.500000  0.100000  -0.369218123269   0.000037342280   0.007898222788   0.002157845335   0.537992303713
190.000000  57.000000  0.500000  0.100000  -0.369676142036   0.000033690038   0.006750519133   0.001685424441   0.552058635483
190.000000  57.000000  0.500000  0.100000  -0.358452904443   0.000031605752   0.006692390050   0.001465004310   0.528376490356
200.000000  60.000000  0.500000  0.100000  -0.351337935812   0.000032681024   0.008419325023   0.004096238313   1.027876740299
200.000000  60.000000  0.500000  0.100000  -0.335602187835   0.000029611073   0.007786520587   0.002006999213   0.738430103993
210.000000  63.000000  0.500000  0.100000  -0.333560021952   0.000474299422   0.012551085869   0.016096623747   3.686162656693
210.000000  63.000000  0.500000  0.100000  -0.350884051822   0.000189110031   0.012171620450   0.002664157849   0.954003803137
220.000000  66.000000  0.500000  0.100000  -0.340232820953   0.000042479467   0.006819782164   0.001915067362   0.589677471779
220.000000  66.000000  0.500000  0.100000  -0.344237155399   0.000031100885   0.007487968557   0.002696558543   0.756147020210
230.000000  69.000000  0.500000  0.100000  -0.356476259329   0.000027909738   0.007080250568   0.002135595991   0.677660428483
230.000000  69.000000  0.500000  0.100000  -0.357219801312   0.000031799446   0.009958124738   0.004323368626   1.062405270964
240.000000  72.000000  0.500000  0.100000  -0.353597972833   0.000034119184   0.009761079212   0.001673354801   0.662980211428
240.000000  72.000000  0.500000  0.100000  -0.359732087733   0.000031290569   0.006875019562   0.002328757950   0.756189663194
250.000000  75.000000  0.500000  0.100000  -0.358446281798   0.000037045846   0.006610321652   0.001389037425   0.580599533217
250.000000  75.000000  0.500000  0.100000  -0.355616880253   0.000032993609   0.006861082429   0.001601481284   0.601137905809
260.000000  78.000000  0.500000  0.100000  -0.367537444143   0.000033482551   0.007704259170   0.001637446109   0.654270836359
260.000000  78.000000  0.500000  0.100000  -0.381552971779   0.000037155774   0.006513211402   0.001602953300   0.590636629492
270.000000  81.000000  0.500000  0.100000  -0.386983422030   0.000032833343   0.006681148290   0.001448132897   0.563823950922
270.000000  81.000000  0.500000  0.100000  -0.344908734808   0.000044624647   0.009496045188   0.001584832813   0.577351989368
280.000000  84.000000  0.500000  0.100000  -0.350381015472   0.000028281404   0.007036918123   0.002039995212   0.635253767526
280.000000  84.000000  0.500000  0.100000  -0.352324862998   0.000034454707   0.007788745150   0.002084143146   0.598292678918
290.000000  87.000000  0.500000  0.100000  -0.341537398989   0.000058403054   0.011140655851   0.001850180484   0.631788165965
290.000000  87.000000  0.500000  0.100000  -0.316284815218   0.000030607312   0.006799680212   0.002099382636   0.616569202903
300.000000  90.000000  0.500000  0.100000  -0.356887839392   0.000031485973   0.005912219539   0.004590984754   0.970011836376
300.000000  90.000000  0.500000  0.100000  -0.357502808058   0.000032418001   0.006985025094   0.001619615725   0.629790561503
310.000000  93.000000  0.500000  0.100000  -0.371992784872   0.000044528139   0.006804707945   0.001680707347   0.830226313139
310.000000  93.000000  0.500000  0.100000  -0.366437016233   0.000155625928   0.099579383294   0.016037618470   1.402524267452
320.000000  96.000000  0.500000  0.100000  -0.339044493718   0.000287965550   0.011266933152   0.014675498559   1.560275879858
320.000000  96.000000  0.500000  0.100000  -0.338945760010   0.000030558084   0.007954437533   0.007335523838   1.129469365837
330.000000  99.000000  0.500000  0.100000  -0.346271584623   0.000032881764   0.006053296091   0.002454920994   0.950205282607
330.000000  99.000000  0.500000  0.100000  -0.363779618290   0.000068336816   0.012731588501   0.005792473816   0.644374549132
340.000000  102.000000  0.500000  0.100000  -0.347914451063   0.000035879299   0.007181258271   0.002371561909   0.756019320325
340.000000  102.000000  0.500000  0.100000  -0.362284285962   0.000073040884   0.005883029209   0.002084241340   2.043504011687
350.000000  105.000000  0.500000  0.100000  -0.345309531277   0.000247968310   0.011167577855   0.002021301404   2.431654503508
350.000000  105.000000  0.500000  0.100000  -0.359146997927   0.000252117145   0.033265006670   0.001802614981   7.782753675156
360.000000  108.000000  0.500000  0.100000  -0.355097837385   0.000297571601   0.010410189383   0.008153652338   0.657594564868
360.000000  108.000000  0.500000  0.100000  -0.350628268150   0.000240226802   0.028603414356   0.416862478400   18.345581472756
370.000000  111.000000  0.500000  0.100000  -0.355664173558   0.000296616877   0.011498978943   0.011352830350   6.591165717338
370.000000  111.000000  0.500000  0.100000  -0.361673231490   0.000041037493   0.004599434864   0.001661929672   0.640398749422
380.000000  114.000000  0.500000  0.100000  -0.361072184721   0.000030887152   0.105338303303   0.132426305592   14.891197947939
380.000000  114.000000  0.500000  0.100000  -0.369790671954   0.000036081171   0.007417892767   0.001342800969   1.724654685792
390.000000  117.000000  0.500000  0.100000  -0.367896653920   0.000032354253   0.006566921800   0.001464613634   0.559679238592
390.000000  117.000000  0.500000  0.100000  -0.346499814882   0.000027285950   0.004596715913   0.001464316168   0.548999513463
400.000000  120.000000  0.500000  0.100000  -0.330765045911   0.000030265171   0.009267176936   0.005412971526   0.744481310955
400.000000  120.000000  0.500000  0.100000  -0.339139820409   0.000031256955   0.006403822330   0.002464602275   0.592021042069
410.000000  123.000000  0.500000  0.100000  -0.354243083184   0.000066806118   0.013265201344   0.007890644107   1.842910411588
410.000000  123.000000  0.500000  0.100000  -0.367046807528   0.000096191406   0.023572358611   0.013099721384   1.865171875622
420.000000  126.000000  0.500000  0.100000  -0.364125493146   0.000046808081   0.008375173177   0.004764890638   1.059216798328
420.000000  126.000000  0.500000  0.100000  -0.348229437789   0.000127248678   0.035003526032   0.002589343074   1.288313294799
430.000000  129.000000  0.500000  0.100000  -0.356625042613   0.000110379187   0.006845452294   0.012071851474   0.975705884698
430.000000  129.000000  0.500000  0.100000  -0.326452554635   0.000032849712   0.008123084545   0.008620751699   1.259051891277
440.000000  132.000000  0.500000  0.100000  -0.344396216771   0.000046503264   0.006678724435   0.005482254560   1.001063014585
440.000000  132.000000  0.500000  0.100000  -0.366575818315   0.000037967881   0.014382740034   0.004223777767   0.681267076061
450.000000  135.000000  0.500000  0.100000  -0.345085991903   0.000042515718   0.008573233692   0.003579245740   0.663582381972
450.000000  135.000000  0.500000  0.100000  -0.339983894601   0.000035321556   0.006435696327   0.003230795901   0.846504037445
460.000000  138.000000  0.500000  0.100000  -0.357019249092   0.000037254796   0.007543551845   0.003863787026   0.806239694548
460.000000  138.000000  0.500000  0.100000  -0.342174469940   0.000037345925   0.014212781671   0.013658302369   1.628929260619
470.000000  141.000000  0.500000  0.100000  -0.341882104382   0.000068870907   0.008642966246   0.001511561075   0.467436125810
470.000000  141.000000  0.500000  0.100000  -0.355672316439   0.000026950166   0.005560375570   0.002140068634   0.645646736049
480.000000  144.000000  0.500000  0.100000  -0.352927430650   0.000033569228   0.006701813437   0.003134279599   0.692145966439
480.000000  144.000000  0.500000  0.100000  -0.351475436118   0.000038077309   0.004310605745   0.001485397070   0.565353828024
490.000000  147.000000  0.500000  0.100000  -0.354209232170   0.000044451103   0.005858507973   0.004653150525   0.870526046031
490.000000  147.000000  0.500000  0.100000  -0.340111640717   0.000031120361   0.004553226741   0.001984324124   0.598902366072
500.000000  150.000000  0.500000  0.100000  -0.370569630926   0.000027871009   0.005640220582   0.003345531105   0.654828404310
500.000000  150.000000  0.500000  0.100000  -0.366954001446   0.000027109099   0.005747025786   0.003449063950   0.781979340935
510.000000  153.000000  0.500000  0.100000  -0.346722327780   0.000027195540   0.005595863131   0.003185538519   0.660541383484
510.000000  153.000000  0.500000  0.100000  -0.359044830484   0.000029326121   0.003750862043   0.002319652096   0.598475608696
520.000000  156.000000  0.500000  0.100000  -0.356941053513   0.000027029337   0.004748664001   0.002340354689   0.577358351851
520.000000  156.000000  0.500000  0.100000  -0.384646123570   0.000030578294   0.004362513605   0.002438188646   0.682229354526
530.000000  159.000000  0.500000  0.100000  -0.364432849318   0.000026449059   0.006343198387   0.003501191890   0.869103235403
530.000000  159.000000  0.500000  0.100000  -0.351964197329   0.000028896378   0.004881491086   0.002314012157   0.670899354666
540.000000  162.000000  0.500000  0.100000  -0.347460697824   0.000028403335   0.006294103860   0.004989225038   0.876917931936
540.000000  162.000000  0.500000  0.100000  -0.340114138693   0.000026457300   0.006829229430   0.003018384247   0.650431970741
550.000000  165.000000  0.500000  0.100000  -0.338624248411   0.000027051673   0.004922202392   0.002521851434   0.622281368493
550.000000  165.000000  0.500000  0.100000  -0.355687517558   0.000029149498   0.004480807648   0.003005917753   0.603525275877
560.000000  168.000000  0.500000  0.100000  -0.376082917110   0.000026690212   0.003337400842   0.002142954656   0.519988754724
560.000000  168.000000  0.500000  0.100000  -0.358932447519   0.000027278210   0.004879460239   0.001973698141   0.536413469971
570.000000  171.000000  0.500000  0.100000  -0.364108247094   0.000031605651   0.003886820251   0.002405964662   0.476640638076
570.000000  171.000000  0.500000  0.100000  -0.341495417755   0.000038546685   0.004300177086   0.002845456100   0.708694803495
580.000000  174.000000  0.500000  0.100000  -0.347525085393   0.000026099391   0.004187537694   0.002360203395   0.530902824922
580.000000  174.000000  0.500000  0.100000  -0.343323636694   0.000026325365   0.003259454526   0.002373832505   0.568748214235
590.000000  177.000000  0.500000  0.100000  -0.359883443838   0.000029898379   0.004774083269   0.001685692280   0.577901646338
590.000000  177.000000  0.500000  0.100000  -0.353372650837   0.000027041957   0.004548542654   0.002647597229   0.705672592126
600.000000  180.000000  0.500000  0.100000  -0.368639131383   0.000025068357   0.004266838486   0.002351619896   0.582689092032
600.000000  180.000000  0.500000  0.100000  -0.331732212608   0.000026267661   0.004291788331   0.003068328860   0.613741180041
610.000000  183.000000  0.500000  0.100000  -0.363435607145   0.000026096275   0.005437161148   0.003072405323   0.667563948251
610.000000  183.000000  0.500000  0.100000  -0.363627182306   0.000029004787   0.005946279923   0.002449784368   0.526413730113
620.000000  186.000000  0.500000  0.100000  -0.356743825632   0.000027234360   0.004915419694   0.002413825486   0.573028823867
620.000000  186.000000  0.500000  0.100000  -0.357836660961   0.000026023283   0.007018685394   0.004000795925   1.015705793514
630.000000  189.000000  0.500000  0.100000  -0.341657681966   0.000027253809   0.003578310596   0.001975802258   0.480131533004
630.000000  189.000000  0.500000  0.100000  -0.360140046861   0.000025936963   0.002632604104   0.001951653086   0.618785571387
640.000000  192.000000  0.500000  0.100000  -0.378015169813   0.000025995134   0.003820704644   0.002004135726   0.530663685506
640.000000  192.000000  0.500000  0.100000  -0.362595582538   0.000027251939   0.003257850894   0.002207691714   0.572374976333
650.000000  195.000000  0.500000  0.100000  -0.337649374889   0.000026713288   0.002932850337   0.002535220905   0.693121668024
650.000000  195.000000  0.500000  0.100000  -0.314051546051   0.000026120984   0.003753428873   0.002514946794   0.550391751971
660.000000  198.000000  0.500000  0.100000  -0.338363164182   0.000025760837   0.002858128434   0.002075475489   0.629944527925
660.000000  198.000000  0.500000  0.100000  -0.355705972398   0.000026778810   0.004270275618   0.002404450724   0.605161786648
670.000000  201.000000  0.500000  0.100000  -0.343387343631   0.000026478658   0.004416576675   0.002322037726   0.617898062961
670.000000  201.000000  0.500000  0.100000  -0.373488135277   0.000026180036   0.003934910532   0.002343092757   0.669760247918
680.000000  204.000000  0.500000  0.100000  -0.379647651292   0.000025753551   0.003902815688   0.002425673277   0.660743481882
680.000000  204.000000  0.500000  0.100000  -0.349857138376   0.000025433353   0.002955073168   0.002017118201   0.622610968624
690.000000  207.000000  0.500000  0.100000  -0.365245356564   0.000026098708   0.003484594195   0.002171917246   0.655893379856
690.000000  207.000000  0.500000  0.100000  -0.353479988280   0.000026177501   0.003377389001   0.002349488085   0.660501937304
700.000000  210.000000  0.500000  0.100000  -0.375157810563   0.000025774096   0.002594392104   0.001684637429   0.661876849011
700.000000  210.000000  0.500000  0.100000  -0.376300391669   0.000026074543   0.003049851182   0.001907141424   0.589248900276
710.000000  213.000000  0.500000  0.100000  -0.355470418283   0.000026828265   0.002722445541   0.001857700582   0.526358598690
710.000000  213.000000  0.500000  0.100000  -0.378844700061   0.000026335617   0.003029456893   0.002138766030   0.588857703798
720.000000  216.000000  0.500000  0.100000  -0.377401337541   0.000026448091   0.002673265508   0.002167588842   0.583273202269
720.000000  216.000000  0.500000  0.100000  -0.368492138843   0.000026080050   0.003238881416   0.002163842897   0.619603397907
730.000000  219.000000  0.500000  0.100000  -0.365933539203   0.000025494559   0.003753087023   0.002447089685   0.758184815042
730.000000  219.000000  0.500000  0.100000  -0.365953446739   0.000026449047   0.002925781901   0.002186375608   0.579864333423
740.000000  222.000000  0.500000  0.100000  -0.347607553525   0.000025772928   0.002819060792   0.002225771155   0.698511499155
740.000000  222.000000  0.500000  0.100000  -0.358143619291   0.000025335785   0.003485623445   0.001797767014   0.622283950579
750.000000  225.000000  0.500000  0.100000  -0.353757306854   0.000029318208   0.003161366329   0.002459446858   0.669135824605
750.000000  225.000000  0.500000  0.100000  -0.345663654281   0.000025209599   0.003499111818   0.002333724288   0.587988961463
760.000000  228.000000  0.500000  0.100000  -0.342699592196   0.000025391836   0.002906333846   0.002350377405   0.645272195573
760.000000  228.000000  0.500000  0.100000  -0.322190123287   0.000026876260   0.005117646706   0.003038784910   0.715086330891
770.000000  231.000000  0.500000  0.100000  -0.335077788512   0.000025603764   0.004027473234   0.002342053677   0.646098681226
770.000000  231.000000  0.500000  0.100000  -0.334256068852   0.000026226031   0.002844704295   0.001870609348   0.553105640760
780.000000  234.000000  0.500000  0.100000  -0.352904601967   0.000029587166   0.003818503211   0.004713164901   1.111543224087
780.000000  234.000000  0.500000  0.100000  -0.349135039535   0.000025654650   0.004165719341   0.002812770275   0.706822590590
790.000000  237.000000  0.500000  0.100000  -0.351332431971   0.000025627381   0.002507380428   0.001808879898   0.617553589692
790.000000  237.000000  0.500000  0.100000  -0.354688382937   0.000042173140   0.003691928599   0.001741660544   0.556342196934
800.000000  240.000000  0.500000  0.100000  -0.328703325427   0.000024235021   0.003922988155   0.002400273649   0.677197600288
800.000000  240.000000  0.500000  0.100000  -0.358980717883   0.000026160981   0.003079341478   0.002171684840   0.611162036829
810.000000  243.000000  0.500000  0.100000  -0.363722664930   0.000024038862   0.003208934121   0.002412179228   0.666759605299
810.000000  243.000000  0.500000  0.100000  -0.386365992372   0.000024703204   0.003442668031   0.002183085074   0.720594202531
820.000000  246.000000  0.500000  0.100000  -0.370388482280   0.000025179916   0.003338933590   0.002251366626   0.558414333168
820.000000  246.000000  0.500000  0.100000  -0.380760382666   0.000024152832   0.002996783424   0.002444969338   0.599599324207
830.000000  249.000000  0.500000  0.100000  -0.361805555394   0.000023941226   0.003354373902   0.002394618096   0.687753184405
830.000000  249.000000  0.500000  0.100000  -0.373407316813   0.000025578801   0.003050870055   0.002213357028   0.642816331613
840.000000  252.000000  0.500000  0.100000  -0.363636624677   0.000024346436   0.003013463291   0.002299027275   0.596183549869
840.000000  252.000000  0.500000  0.100000  -0.342338028907   0.000025561191   0.003609228121   0.002292522250   0.670398424809
850.000000  255.000000  0.500000  0.100000  -0.362790900732   0.000024474034   0.003094821443   0.002327561144   0.715973956430
850.000000  255.000000  0.500000  0.100000  -0.358536464603   0.000024126891   0.003595219455   0.002473155803   0.623386708614
860.000000  258.000000  0.500000  0.100000  -0.361482413219   0.000024448257   0.003084842516   0.002213447909   0.805589884966
860.000000  258.000000  0.500000  0.100000  -0.356180673813   0.000024506208   0.003654773484   0.002413013288   0.702658980329
870.000000  261.000000  0.500000  0.100000  -0.351220664326   0.000024423818   0.003433296743   0.002496669539   0.749348651292
870.000000  261.000000  0.500000  0.100000  -0.330726758781   0.000024344584   0.004056796945   0.002243572687   0.610409979683
880.000000  264.000000  0.500000  0.100000  -0.340447264687   0.000025091618   0.004288392120   0.003604735545   1.003390743848
880.000000  264.000000  0.500000  0.100000  -0.334566850399   0.000024289935   0.002887303682   0.002265914450   0.664011738733
890.000000  267.000000  0.500000  0.100000  -0.342912089698   0.000024546618   0.004492396768   0.003053451663   0.741790787505
890.000000  267.000000  0.500000  0.100000  -0.363782498319   0.000024819147   0.004323825214   0.002462837169   0.614782227932
900.000000  270.000000  0.500000  0.100000  -0.367122242720   0.000024524302   0.003637785091   0.002124771552   0.633252382289
900.000000  270.000000  0.500000  0.100000  -0.373325568067   0.000024094473   0.003073158702   0.002494261731   0.681243896344
910.000000  273.000000  0.500000  0.100000  -0.371372529545   0.000024183153   0.003130693317   0.002314955148   0.576179470276
910.000000  273.000000  0.500000  0.100000  -0.356894493150   0.000025053245   0.003761332200   0.002454321081   0.644302012863
920.000000  276.000000  0.500000  0.100000  -0.356277421668   0.000031209824   0.005756635293   0.005833608513   2.877562274341
920.000000  276.000000  0.500000  0.100000  -0.355412093547   0.000025393328   0.006876338204   0.003101899866   0.839585030839
930.000000  279.000000  0.500000  0.100000  -0.368409480254   0.000024154792   0.003205618972   0.002186498096   0.655147932119
930.000000  279.000000  0.500000  0.100000  -0.355586713949   0.000024438448   0.003221503542   0.002175152790   0.475455655213
940.000000  282.000000  0.500000  0.100000  -0.356662913807   0.000024659387   0.004160732955   0.002719964447   0.722331871491
940.000000  282.000000  0.500000  0.100000  -0.339588289274   0.000024735147   0.003509353704   0.002535606667   0.694352719817
950.000000  285.000000  0.500000  0.100000  -0.333327837790   0.000025592876   0.005157941808   0.002594860919   0.646132017437
950.000000  285.000000  0.500000  0.100000  -0.345254350733   0.000024316388   0.003330894996   0.002401997257   0.573111656019
960.000000  288.000000  0.500000  0.100000  -0.345142102700   0.000024068868   0.004308806463   0.002317752014   0.798618900265
960.000000  288.000000  0.500000  0.100000  -0.336741991326   0.000025252412   0.004048219000   0.002575207978   0.675464226000
970.000000  291.000000  0.500000  0.100000  -0.352510139996   0.000024611652   0.004300157954   0.002590834453   0.778515948985
970.000000  291.000000  0.500000  0.100000  -0.356118038343   0.000024225097   0.003121487649   0.002452096921   0.527109775583
980.000000  294.000000  0.500000  0.100000  -0.327506864991   0.000024486569   0.004022718180   0.002710667117   0.656586436707
980.000000  294.000000  0.500000  0.100000  -0.348186919932   0.000024218640   0.005052563740   0.002925035019   0.615287516457
990.000000  297.000000  0.500000  0.100000  -0.333314700544   0.000029232850   0.004428513431   0.004443106299   4.724029860196
990.000000  297.000000  0.500000  0.100000  -0.345610956334   0.000025107268   0.004592543070   0.002703529757   0.704074710120
1000.000000  300.000000  0.500000  0.100000  -0.356972748429   0.000024537926   0.003281621295   0.002426599611   0.833700389183
1000.000000  300.000000  0.500000  0.100000  -0.367618685346   0.000024645915   0.005295375748   0.002783452751   0.641662744849
