#n  real_time  lyapunov_exponential
0  0.000000 -inf
1  0.002500 -8.847747283491
2  0.005000 -9.993987820482
3  0.007500 -11.912733436590
4  0.010000 -14.061234166395
5  0.012500 -16.334315905547
6  0.015000 -18.693288410115
7  0.017500 -21.104953830087
8  0.020000 -23.514896844891
9  0.022500 -25.817245344176
10  0.025000 -27.813173558578
11  0.027500 -29.167364022658
12  0.030000 -29.427353277951
13  0.032500 -28.223227846170
14  0.035000 -25.606118368097
15  0.037500 -22.117394420825
16  0.040000 -18.426784883244
17  0.042500 -14.994960373517
18  0.045000 -12.027000194799
19  0.047500 -9.565152906789
20  0.050000 -7.576792200650
21  0.052500 -6.003782523257
22  0.055000 -4.784675216355
23  0.057500 -3.863408258319
24  0.060000 -3.191868892778
25  0.062500 -2.729612603047
26  0.065000 -2.443043266539
27  0.067500 -2.304119613254
28  0.070000 -2.289413758209
29  0.072500 -2.379008472224
30  0.075000 -2.555553505497
31  0.077500 -2.803594237121
32  0.080000 -3.108761616197
33  0.082500 -3.456976815653
34  0.085000 -3.833915154908
35  0.087500 -4.224147154295
36  0.090000 -4.610493194392
37  0.092500 -4.973618864756
38  0.095000 -5.292282920795
39  0.097500 -5.543924403607
40  0.100000 -5.707077643226
41  0.102500 -5.764475354970
42  0.105000 -5.706918991070
43  0.107500 -5.535775808809
44  0.110000 -5.263366945716
45  0.112500 -4.910460859641
46  0.115000 -4.502034090165
47  0.117500 -4.063082441291
48  0.120000 -3.615545552505
49  0.122500 -3.177090152075
50  0.125000 -2.760877400735
51  0.127500 -2.376089045222
52  0.130000 -2.028817917923
53  0.132500 -1.722745881991
54  0.135000 -1.459967268118
55  0.137500 -1.241392369860
56  0.140000 -1.067233390312
57  0.142500 -0.937155950949
58  0.145000 -0.850551662558
59  0.147500 -0.806665917392
60  0.150000 -0.804572184746
61  0.152500 -0.843306341436
62  0.155000 -0.921735388536
63  0.157500 -1.038639373731
64  0.160000 -1.192443301523
65  0.162500 -1.381126229593
66  0.165000 -1.601977714949
67  0.167500 -1.850922876310
68  0.170000 -2.122223792547
69  0.172500 -2.407429743531
70  0.175000 -2.694480140663
71  0.177500 -2.966966842515
72  0.180000 -3.203968039667
73  0.182500 -3.381833063891
74  0.185000 -3.478410309503
75  0.187500 -3.479390819749
76  0.190000 -3.383665951226
77  0.192500 -3.204388727477
78  0.195000 -2.964493883557
79  0.197500 -2.689760200985
80  0.200000 -2.403319281568
81  0.202500 -2.122886262588
82  0.205000 -1.860529436661
83  0.207500 -1.623761555018
84  0.210000 -1.416552665911
85  0.212500 -1.240538671353
86  0.215000 -1.095874616338
87  0.217500 -0.981678565465
88  0.220000 -0.896539061151
89  0.222500 -0.838594037936
90  0.225000 -0.805792771514
91  0.227500 -0.795852621594
92  0.230000 -0.806350165715
93  0.232500 -0.834769319777
94  0.235000 -0.878313323279
95  0.237500 -0.934133469789
96  0.240000 -0.999144269662
97  0.242500 -1.070086391508
98  0.245000 -1.143665799287
99  0.247500 -1.216569486623
100  0.250000 -1.285593744673
101  0.252500 -1.347936547531
102  0.255000 -1.401319336919
103  0.257500 -1.444172590537
104  0.260000 -1.475833797083
105  0.262500 -1.496556742574
106  0.265000 -1.507452522457
107  0.267500 -1.510263896208
108  0.270000 -1.507239587230
109  0.272500 -1.500819841408
110  0.275000 -1.493394461771
111  0.277500 -1.487163491150
112  0.280000 -1.483928250755
113  0.282500 -1.485068849379
114  0.285000 -1.491417643562
115  0.287500 -1.503334297685
116  0.290000 -1.520626191060
117  0.292500 -1.542589103441
118  0.295000 -1.568066017786
119  0.297500 -1.595439614546
120  0.300000 -1.622748872712
121  0.302500 -1.647796275240
122  0.305000 -1.668291632433
123  0.307500 -1.682052241377
124  0.310000 -1.687244995636
125  0.312500 -1.682616780845
126  0.315000 -1.667598942646
127  0.317500 -1.642502010218
128  0.320000 -1.608356197944
129  0.322500 -1.566855747006
130  0.325000 -1.520128870594
131  0.327500 -1.470507536699
132  0.330000 -1.420351228687
133  0.332500 -1.371768175024
134  0.335000 -1.326641022710
135  0.337500 -1.286449440200
136  0.340000 -1.252300426665
137  0.342500 -1.224951206250
138  0.345000 -1.204759157787
139  0.347500 -1.191823687542
140  0.350000 -1.185936615689
141  0.352500 -1.186673076702
142  0.355000 -1.193417657964
143  0.357500 -1.205396367975
144  0.360000 -1.221733745318
145  0.362500 -1.241460284692
146  0.365000 -1.263599413091
147  0.367500 -1.287129394251
148  0.370000 -1.311057205156
149  0.372500 -1.334455248130
150  0.375000 -1.356383297777
151  0.377500 -1.375999489473
152  0.380000 -1.392383619827
153  0.382500 -1.404686499555
154  0.385000 -1.411962205235
155  0.387500 -1.413291406178
156  0.390000 -1.407689905709
157  0.392500 -1.394250959388
158  0.395000 -1.372213088711
159  0.397500 -1.341077031328
160  0.400000 -1.300698627299
161  0.402500 -1.251453073556
162  0.405000 -1.194219573148
163  0.407500 -1.130406400687
164  0.410000 -1.061871049796
165  0.412500 -0.990750463812
166  0.415000 -0.919357324214
167  0.417500 -0.850010659829
168  0.420000 -0.784970880128
169  0.422500 -0.726309626180
170  0.425000 -0.675886955303
171  0.427500 -0.635364420117
172  0.430000 -0.606204307664
173  0.432500 -0.589664225485
174  0.435000 -0.586889078027
175  0.437500 -0.598859361279
176  0.440000 -0.626500222791
177  0.442500 -0.670617746882
178  0.445000 -0.731928718014
179  0.447500 -0.810961088422
180  0.450000 -0.907995995677
181  0.452500 -1.022752633323
182  0.455000 -1.154098442042
183  0.457500 -1.299184755925
184  0.460000 -1.452466709954
185  0.462500 -1.604168767899
186  0.465000 -1.738871555682
187  0.467500 -1.836103195375
188  0.470000 -1.875092565588
189  0.472500 -1.843936468136
190  0.475000 -1.746726509250
191  0.477500 -1.601397131924
192  0.480000 -1.430379100059
193  0.482500 -1.252815915188
194  0.485000 -1.081787865802
195  0.487500 -0.925004037232
196  0.490000 -0.786451090702
197  0.492500 -0.667903783793
198  0.495000 -0.569890798485
199  0.497500 -0.492331473839
200  0.500000 -0.434832286335
201  0.502500 -0.396944625750
202  0.505000 -0.378248725279
203  0.507500 -0.378429091682
204  0.510000 -0.397270907454
205  0.512500 -0.434733042246
206  0.515000 -0.490930026266
207  0.517500 -0.566138940558
208  0.520000 -0.660804140802
209  0.522500 -0.775503611333
210  0.525000 -0.910835939079
211  0.527500 -1.067304218837
212  0.530000 -1.244815478867
213  0.532500 -1.441897821912
214  0.535000 -1.653985223547
215  0.537500 -1.870338632424
216  0.540000 -2.069704282986
217  0.542500 -2.218241399415
218  0.545000 -2.278580355684
219  0.547500 -2.233900869588
220  0.550000 -2.102699272047
221  0.552500 -1.923269568751
222  0.555000 -1.729410717784
223  0.557500 -1.541645816260
224  0.560000 -1.369760842866
225  0.562500 -1.217342516221
226  0.565000 -1.084890658770
227  0.567500 -0.971560892462
228  0.570000 -0.876024607245
229  0.572500 -0.796834331618
230  0.575000 -0.732630005556
231  0.577500 -0.682176260999
232  0.580000 -0.644399162236
233  0.582500 -0.618393694422
234  0.585000 -0.603359517688
235  0.587500 -0.598647465198
236  0.590000 -0.603677983095
237  0.592500 -0.617964791409
238  0.595000 -0.641019479235
239  0.597500 -0.672349574665
240  0.600000 -0.711376216283
241  0.602500 -0.757357573374
242  0.605000 -0.809313632250
243  0.607500 -0.865835833513
244  0.610000 -0.925011482779
245  0.612500 -0.984256914580
246  0.615000 -1.040218325707
247  0.617500 -1.088845760529
248  0.620000 -1.125685061607
249  0.622500 -1.146547541567
250  0.625000 -1.148389540179
251  0.627500 -1.130083431279
252  0.630000 -1.092852693249
253  0.632500 -1.039967853347
254  0.635000 -0.975926867573
255  0.637500 -0.905564611923
256  0.640000 -0.833301973982
257  0.642500 -0.762826037495
258  0.645000 -0.697005053604
259  0.647500 -0.637930501923
260  0.650000 -0.587103286032
261  0.652500 -0.545574465822
262  0.655000 -0.514078092582
263  0.657500 -0.493148768643
264  0.660000 -0.483185785797
265  0.662500 -0.484547486634
266  0.665000 -0.497551797573
267  0.667500 -0.522544794935
268  0.670000 -0.559897197760
269  0.672500 -0.610032867518
270  0.675000 -0.673394867135
271  0.677500 -0.750453936480
272  0.680000 -0.841570948328
273  0.682500 -0.946868436964
274  0.685000 -1.065866142774
275  0.687500 -1.196820861386
276  0.690000 -1.335541134784
277  0.692500 -1.473591250319
278  0.695000 -1.596288146049
279  0.697500 -1.682822926906
280  0.700000 -1.712544735555
281  0.702500 -1.677000512144
282  0.705000 -1.586451741452
283  0.707500 -1.462522908786
284  0.710000 -1.326061888566
285  0.712500 -1.191316389571
286  0.715000 -1.066219303781
287  0.717500 -0.954501748727
288  0.720000 -0.857530322216
289  0.722500 -0.775473395193
290  0.725000 -0.707953348442
291  0.727500 -0.654376130707
292  0.730000 -0.614097080136
293  0.732500 -0.586498403975
294  0.735000 -0.570992328223
295  0.737500 -0.567058994713
296  0.740000 -0.574212650336
297  0.742500 -0.591955988464
298  0.745000 -0.619761124033
299  0.747500 -0.656976167507
300  0.750000 -0.702755837075
301  0.752500 -0.755914728169
302  0.755000 -0.814745648409
303  0.757500 -0.876850018169
304  0.760000 -0.938904558450
305  0.762500 -0.996606955997
306  0.765000 -1.044849319024
307  0.767500 -1.078395419651
308  0.770000 -1.092985218242
309  0.772500 -1.086661544316
310  0.775000 -1.060369301759
311  0.777500 -1.017674585560
312  0.780000 -0.963620196479
313  0.782500 -0.903424344514
314  0.785000 -0.841620559504
315  0.787500 -0.781701335038
316  0.790000 -0.726136144635
317  0.792500 -0.676516905226
318  0.795000 -0.633800554860
319  0.797500 -0.598492181488
320  0.800000 -0.570777706700
321  0.802500 -0.550639522240
322  0.805000 -0.537889920661
323  0.807500 -0.532245588823
324  0.810000 -0.533317043163
325  0.812500 -0.540628832787
326  0.815000 -0.553586700156
327  0.817500 -0.571486092839
328  0.820000 -0.593488925019
329  0.822500 -0.618589595199
330  0.825000 -0.645589633402
331  0.827500 -0.673104637122
332  0.830000 -0.699583526447
333  0.832500 -0.723351205773
334  0.835000 -0.742725862245
335  0.837500 -0.756200757307
336  0.840000 -0.762585228166
337  0.842500 -0.761206110797
338  0.845000 -0.752002462766
339  0.847500 -0.735526799525
340  0.850000 -0.712841990301
341  0.852500 -0.685369215946
342  0.855000 -0.654673486191
343  0.857500 -0.622323299196
344  0.860000 -0.589768855920
345  0.862500 -0.558278641706
346  0.865000 -0.528929923860
347  0.867500 -0.502603920802
348  0.870000 -0.480003277067
349  0.872500 -0.461722715859
350  0.875000 -0.448221019993
351  0.877500 -0.439872371358
352  0.880000 -0.436984384274
353  0.882500 -0.439787523914
354  0.885000 -0.448474096657
355  0.887500 -0.463154527277
356  0.890000 -0.483871313717
357  0.892500 -0.510542257854
358  0.895000 -0.542939665651
359  0.897500 -0.580616243163
360  0.900000 -0.622790440362
361  0.902500 -0.668242176858
362  0.905000 -0.715192969265
363  0.907500 -0.761189356527
364  0.910000 -0.803055792467
365  0.912500 -0.837151375897
366  0.915000 -0.859869957637
367  0.917500 -0.868428186418
368  0.920000 -0.861700913972
369  0.922500 -0.840629238717
370  0.925000 -0.807931164269
371  0.927500 -0.767386897549
372  0.930000 -0.722959414174
373  0.932500 -0.678203053423
374  0.935000 -0.635961963321
375  0.937500 -0.598371741736
376  0.940000 -0.566943278544
377  0.942500 -0.542729011660
378  0.945000 -0.526430323048
379  0.947500 -0.518509307680
380  0.950000 -0.519269417384
381  0.952500 -0.528864243133
382  0.955000 -0.547339413165
383  0.957500 -0.574577068650
384  0.960000 -0.610261342815
385  0.962500 -0.653723081977
386  0.965000 -0.703776579556
387  0.967500 -0.758423111268
388  0.970000 -0.814519761943
389  0.972500 -0.867479904379
390  0.975000 -0.911300516167
391  0.977500 -0.939419584053
392  0.980000 -0.946451201663
393  0.982500 -0.930337255030
394  0.985000 -0.893279574029
395  0.987500 -0.840808914694
396  0.990000 -0.779583584675
397  0.992500 -0.715624957686
398  0.995000 -0.653476486462
399  0.997500 -0.596201684866
400  1.000000 -0.545697054523
401  1.002500 -0.503048369450
402  1.005000 -0.468813204110
403  1.007500 -0.443247167963
404  1.010000 -0.426436793005
405  1.012500 -0.418366111998
406  1.015000 -0.418976140235
407  1.017500 -0.428194272056
408  1.020000 -0.445949311387
409  1.022500 -0.472141210177
410  1.025000 -0.506641918446
411  1.027500 -0.549245754402
412  1.030000 -0.599598875813
413  1.032500 -0.657068122388
414  1.035000 -0.720561663643
415  1.037500 -0.788244538388
416  1.040000 -0.857194284807
417  1.042500 -0.923061970061
418  1.045000 -0.979991532292
419  1.047500 -1.021299158579
420  1.050000 -1.041213809342
421  1.052500 -1.037109961923
422  1.055000 -1.010742158944
423  1.057500 -0.967371632985
424  1.060000 -0.913547496343
425  1.062500 -0.855194337044
426  1.065000 -0.796747478825
427  1.067500 -0.741093538758
428  1.070000 -0.689950817711
429  1.072500 -0.644204189698
430  1.075000 -0.604241286268
431  1.077500 -0.570144794594
432  1.080000 -0.541841913434
433  1.082500 -0.519169253045
434  1.085000 -0.501946067930
435  1.087500 -0.489982527485
436  1.090000 -0.483106512975
437  1.092500 -0.481179931744
438  1.095000 -0.484087070850
439  1.097500 -0.491725579124
440  1.100000 -0.504001975886
441  1.102500 -0.520802466234
442  1.105000 -0.541977190103
443  1.107500 -0.567295256730
444  1.110000 -0.596384943634
445  1.112500 -0.628651931960
446  1.115000 -0.663203893376
447  1.117500 -0.698707003190
448  1.120000 -0.733312214319
449  1.122500 -0.764616124384
450  1.125000 -0.789750236269
451  1.127500 -0.805746088981
452  1.130000 -0.810124358498
453  1.132500 -0.801584301876
454  1.135000 -0.780435774431
455  1.137500 -0.748519043515
456  1.140000 -0.708717369836
457  1.142500 -0.664227832987
458  1.145000 -0.618010376230
459  1.147500 -0.572501244516
460  1.150000 -0.529549898318
461  1.152500 -0.490501186854
462  1.155000 -0.456272764610
463  1.157500 -0.427500228693
464  1.160000 -0.404616565060
465  1.162500 -0.387925137486
466  1.165000 -0.377667759774
467  1.167500 -0.374044512872
468  1.170000 -0.377267849256
469  1.172500 -0.387564270421
470  1.175000 -0.405215261453
471  1.177500 -0.430552886447
472  1.180000 -0.463987057986
473  1.182500 -0.506020956950
474  1.185000 -0.557267660602
475  1.187500 -0.618420902261
476  1.190000 -0.690205067780
477  1.192500 -0.773251185993
478  1.195000 -0.867700385222
479  1.197500 -0.972313281389
480  1.200000 -1.082494101929
481  1.202500 -1.186771727504
482  1.205000 -1.263542834407
483  1.207500 -1.286542377574
484  1.210000 -1.245655999400
485  1.212500 -1.157831644202
486  1.215000 -1.049805641466
487  1.217500 -0.940524907503
488  1.220000 -0.839125901204
489  1.222500 -0.748894714003
490  1.225000 -0.670430306915
491  1.227500 -0.603259461890
492  1.230000 -0.546594982842
493  1.232500 -0.499603014943
494  1.235000 -0.461527250452
495  1.237500 -0.431717428724
496  1.240000 -0.409642738455
497  1.242500 -0.394857768303
498  1.245000 -0.387016188035
499  1.247500 -0.385853739991
500  1.250000 -0.391140225824
501  1.252500 -0.402714441119
502  1.255000 -0.420424991729
503  1.257500 -0.444117843557
504  1.260000 -0.473609974901
505  1.262500 -0.508634864445
506  1.265000 -0.548741682612
507  1.267500 -0.593184553326
508  1.270000 -0.640777587224
509  1.272500 -0.689635494626
510  1.275000 -0.736982917828
511  1.277500 -0.779056485919
512  1.280000 -0.811381196561
513  1.282500 -0.829632618113
514  1.285000 -0.831010021401
515  1.287500 -0.815392420144
516  1.290000 -0.785382676279
517  1.292500 -0.745256017226
518  1.295000 -0.699558103166
519  1.297500 -0.652131356462
520  1.300000 -0.605816660299
521  1.302500 -0.562506051350
522  1.305000 -0.523374119398
523  1.307500 -0.489086740825
524  1.310000 -0.459999863930
525  1.312500 -0.436287471611
526  1.315000 -0.417996474160
527  1.317500 -0.405134378775
528  1.320000 -0.397676962033
529  1.322500 -0.395602846526
530  1.325000 -0.398894957584
531  1.327500 -0.407551949311
532  1.330000 -0.421593032288
533  1.332500 -0.441036409771
534  1.335000 -0.465894328075
535  1.337500 -0.496152861863
536  1.340000 -0.531721271680
537  1.342500 -0.572385151120
538  1.345000 -0.617654104318
539  1.347500 -0.666648606469
540  1.350000 -0.717803166851
541  1.352500 -0.768613340014
542  1.355000 -0.815363381556
543  1.357500 -0.853247584259
544  1.360000 -0.877140308397
545  1.362500 -0.883193139190
546  1.365000 -0.870576072102
547  1.367500 -0.841876288672
548  1.370000 -0.801940021683
549  1.372500 -0.756035921191
550  1.375000 -0.708592698909
551  1.377500 -0.662779548317
552  1.380000 -0.620651197575
553  1.382500 -0.583433988638
554  1.385000 -0.551824175472
555  1.387500 -0.526161511150
556  1.390000 -0.506606370265
557  1.392500 -0.493216476541
558  1.395000 -0.485973583774
559  1.397500 -0.484852117631
560  1.400000 -0.489804298221
561  1.402500 -0.500763533833
562  1.405000 -0.517604818099
563  1.407500 -0.540142791132
564  1.410000 -0.568048723383
565  1.412500 -0.600767707897
566  1.415000 -0.637378190411
567  1.417500 -0.676407478538
568  1.420000 -0.715636658614
569  1.422500 -0.751950548578
570  1.425000 -0.781485584336
571  1.427500 -0.800217983195
572  1.430000 -0.805106242808
573  1.432500 -0.795266993363
574  1.435000 -0.772360757289
575  1.437500 -0.739911738025
576  1.440000 -0.702021524973
577  1.442500 -0.662382320867
578  1.445000 -0.623814356635
579  1.447500 -0.588234751956
580  1.450000 -0.556850345070
581  1.452500 -0.530352815933
582  1.455000 -0.509086567051
583  1.457500 -0.493171046837
584  1.460000 -0.482576415640
585  1.462500 -0.477159866364
586  1.465000 -0.476684505495
587  1.467500 -0.480825369631
588  1.470000 -0.489138183671
589  1.472500 -0.501044330647
590  1.475000 -0.515778866717
591  1.477500 -0.532352889239
592  1.480000 -0.549530098158
593  1.482500 -0.565840785982
594  1.485000 -0.579644608028
595  1.487500 -0.589312482557
596  1.490000 -0.593468723365
597  1.492500 -0.591262672630
598  1.495000 -0.582570733140
599  1.497500 -0.568013755260
600  1.500000 -0.548783169068
601  1.502500 -0.526401189835
602  1.505000 -0.502418695715
603  1.507500 -0.478239075298
604  1.510000 -0.455033747786
605  1.512500 -0.433695265521
606  1.515000 -0.414885172837
607  1.517500 -0.399070405144
608  1.520000 -0.386562098791
609  1.522500 -0.377551573787
610  1.525000 -0.372166965254
611  1.527500 -0.370480214940
612  1.530000 -0.372515972149
613  1.532500 -0.378285504255
614  1.535000 -0.387770484891
615  1.537500 -0.400958188058
616  1.540000 -0.417805571030
617  1.542500 -0.438253308155
618  1.545000 -0.462213511500
619  1.547500 -0.489538609107
620  1.550000 -0.519991977614
621  1.552500 -0.553186013741
622  1.555000 -0.588526473605
623  1.557500 -0.625066798320
624  1.560000 -0.661470928210
625  1.562500 -0.695830064864
626  1.565000 -0.725704028013
627  1.567500 -0.748317992794
628  1.570000 -0.761047878012
629  1.572500 -0.762172523805
630  1.575000 -0.751433222378
631  1.577500 -0.730191341373
632  1.580000 -0.700937026405
633  1.582500 -0.666567925210
634  1.585000 -0.629769246951
635  1.587500 -0.592718371361
636  1.590000 -0.557007579811
637  1.592500 -0.523750687175
638  1.595000 -0.493669233188
639  1.597500 -0.467232172520
640  1.600000 -0.444731412366
641  1.602500 -0.426356299531
642  1.605000 -0.412219685618
643  1.607500 -0.402394145500
644  1.610000 -0.396938187431
645  1.612500 -0.395907537145
646  1.615000 -0.399338621163
647  1.617500 -0.407260159602
648  1.620000 -0.419696466049
649  1.622500 -0.436636484973
650  1.625000 -0.458007366621
651  1.627500 -0.483631682044
652  1.630000 -0.513167711124
653  1.632500 -0.545977070798
654  1.635000 -0.580986303939
655  1.637500 -0.616527826377
656  1.640000 -0.650149993961
657  1.642500 -0.678627318031
658  1.645000 -0.698357583447
659  1.647500 -0.706232700021
660  1.650000 -0.700785724692
661  1.652500 -0.682822946832
662  1.655000 -0.655097678642
663  1.657500 -0.621240737800
664  1.660000 -0.584723612494
665  1.662500 -0.548323445748
666  1.665000 -0.513985257270
667  1.667500 -0.482989839797
668  1.670000 -0.456116382606
669  1.672500 -0.433830439651
670  1.675000 -0.416378890433
671  1.677500 -0.403915522506
672  1.680000 -0.396533141457
673  1.682500 -0.394294901081
674  1.685000 -0.397278286684
675  1.687500 -0.405563523994
676  1.690000 -0.419261792396
677  1.692500 -0.438507895652
678  1.695000 -0.463434776178
679  1.697500 -0.494185099944
680  1.700000 -0.530812507263
681  1.702500 -0.573206589846
682  1.705000 -0.620883823744
683  1.707500 -0.672621863538
684  1.710000 -0.725894574585
685  1.712500 -0.776096140034
686  1.715000 -0.816189389763
687  1.717500 -0.837860089894
688  1.720000 -0.835257218084
689  1.722500 -0.808867980500
690  1.725000 -0.765200218079
691  1.727500 -0.712634399024
692  1.730000 -0.657956185888
693  1.732500 -0.605441908281
694  1.735000 -0.557377893658
695  1.737500 -0.514825924548
696  1.740000 -0.478156135602
697  1.742500 -0.447403670253
698  1.745000 -0.422451756631
699  1.747500 -0.403143719007
700  1.750000 -0.389300996715
701  1.752500 -0.380788046140
702  1.755000 -0.377487607234
703  1.757500 -0.379332567818
704  1.760000 -0.386297848905
705  1.762500 -0.398389318553
706  1.765000 -0.415647384526
707  1.767500 -0.438123320688
708  1.770000 -0.465873071582
709  1.772500 -0.498895886162
710  1.775000 -0.537055091790
711  1.777500 -0.579939196564
712  1.780000 -0.626603102601
713  1.782500 -0.675164949429
714  1.785000 -0.722291588545
715  1.787500 -0.762795375592
716  1.790000 -0.790092244621
717  1.792500 -0.798346745286
718  1.795000 -0.785599337715
719  1.797500 -0.755077108014
720  1.800000 -0.713148858995
721  1.802500 -0.666193760620
722  1.805000 -0.618929810808
723  1.807500 -0.574241812299
724  1.810000 -0.533675758287
725  1.812500 -0.497962445897
726  1.815000 -0.467377141069
727  1.817500 -0.441947465373
728  1.820000 -0.421604528252
729  1.822500 -0.406249879830
730  1.825000 -0.395782479087
731  1.827500 -0.390126026638
732  1.830000 -0.389247431085
733  1.832500 -0.393142037770
734  1.835000 -0.401866252954
735  1.837500 -0.415511812810
736  1.840000 -0.434224547695
737  1.842500 -0.458185582274
738  1.845000 -0.487596665902
739  1.847500 -0.522631962507
740  1.850000 -0.563377895520
741  1.852500 -0.609629564290
742  1.855000 -0.660563740925
743  1.857500 -0.714117995562
744  1.860000 -0.766047045641
745  1.862500 -0.809012381006
746  1.865000 -0.833315994394
747  1.867500 -0.831217953501
748  1.870000 -0.802549263131
749  1.872500 -0.754895577988
750  1.875000 -0.698080001633
751  1.877500 -0.639647843399
752  1.880000 -0.583991495229
753  1.882500 -0.533248202883
754  1.885000 -0.488250513944
755  1.887500 -0.449190671639
756  1.890000 -0.415962806781
757  1.892500 -0.388358319998
758  1.895000 -0.366142744465
759  1.897500 -0.349091724068
760  1.900000 -0.337024332987
761  1.902500 -0.329789662013
762  1.905000 -0.327279903206
763  1.907500 -0.329424887654
764  1.910000 -0.336180743347
765  1.912500 -0.347535441351
766  1.915000 -0.363492115059
767  1.917500 -0.384038302100
768  1.920000 -0.409133275581
769  1.922500 -0.438641525860
770  1.925000 -0.472250912980
771  1.927500 -0.509328380199
772  1.930000 -0.548713955460
773  1.932500 -0.588427468517
774  1.935000 -0.625418809867
775  1.937500 -0.655568836765
776  1.940000 -0.674401291358
777  1.942500 -0.678672462773
778  1.945000 -0.667962677470
779  1.947500 -0.644933105040
780  1.950000 -0.613922875724
781  1.952500 -0.579236852985
782  1.955000 -0.544205971234
783  1.957500 -0.511000519182
784  1.960000 -0.480892650867
785  1.962500 -0.454533941806
786  1.965000 -0.432205174483
787  1.967500 -0.413967632240
788  1.970000 -0.399745648453
789  1.972500 -0.389396748632
790  1.975000 -0.382755981129
791  1.977500 -0.379625504747
792  1.980000 -0.379793870983
793  1.982500 -0.383038597233
794  1.985000 -0.389120183539
795  1.987500 -0.397768562524
796  1.990000 -0.408700358865
797  1.992500 -0.421568428242
798  1.995000 -0.435998798067
799  1.997500 -0.451551163287
800  2.000000 -0.467736607142
801  2.002500 -0.484009233726
802  2.005000 -0.499776482188
803  2.007500 -0.514435514214
804  2.010000 -0.527406297434
805  2.012500 -0.538194307508
806  2.015000 -0.546392634924
807  2.017500 -0.551774155297
808  2.020000 -0.554287899941
809  2.022500 -0.554074604881
810  2.025000 -0.551400859030
811  2.027500 -0.546664130408
812  2.030000 -0.540301637027
813  2.032500 -0.532785660635
814  2.035000 -0.524568047628
815  2.037500 -0.516072012292
816  2.040000 -0.507670384520
817  2.042500 -0.499713066514
818  2.045000 -0.492474657583
819  2.047500 -0.486227672006
820  2.050000 -0.481183366708
821  2.052500 -0.477528331720
822  2.055000 -0.475423766425
823  2.057500 -0.474980452233
824  2.060000 -0.476289350947
825  2.062500 -0.479385090127
826  2.065000 -0.484255000711
827  2.067500 -0.490811351490
828  2.070000 -0.498890247522
829  2.072500 -0.508225511619
830  2.075000 -0.518421970701
831  2.077500 -0.528947276524
832  2.080000 -0.539117625666
833  2.082500 -0.548129691374
834  2.085000 -0.555109789177
835  2.087500 -0.559223375409
836  2.090000 -0.559802456496
837  2.092500 -0.556490817632
838  2.095000 -0.549322875671
839  2.097500 -0.538724106527
840  2.100000 -0.525437567854
841  2.102500 -0.510382072037
842  2.105000 -0.494504178175
843  2.107500 -0.478701832906
844  2.110000 -0.463744310099
845  2.112500 -0.450256722916
846  2.115000 -0.438724006435
847  2.117500 -0.429514690941
848  2.120000 -0.422895564087
849  2.122500 -0.419043472291
850  2.125000 -0.418086035660
851  2.127500 -0.420074952656
852  2.130000 -0.425003527111
853  2.132500 -0.432797047829
854  2.135000 -0.443286073067
855  2.137500 -0.456198946017
856  2.140000 -0.471092380651
857  2.142500 -0.487328407975
858  2.145000 -0.504010408844
859  2.147500 -0.519952481088
860  2.150000 -0.533730189578
861  2.152500 -0.543798985088
862  2.155000 -0.548759941447
863  2.157500 -0.547693043065
864  2.160000 -0.540423315435
865  2.162500 -0.527591875946
866  2.165000 -0.510434721349
867  2.167500 -0.490495415681
868  2.170000 -0.469290124395
869  2.172500 -0.448136393421
870  2.175000 -0.428066739393
871  2.177500 -0.409840682063
872  2.180000 -0.394010747769
873  2.182500 -0.380952603124
874  2.185000 -0.370930181968
875  2.187500 -0.364128504072
876  2.190000 -0.360696112294
877  2.192500 -0.360753557786
878  2.195000 -0.364413751341
879  2.197500 -0.371801611007
880  2.200000 -0.383052397733
881  2.202500 -0.398317004763
882  2.205000 -0.417761376553
883  2.207500 -0.441552732146
884  2.210000 -0.469842567846
885  2.212500 -0.502687760811
886  2.215000 -0.539947781330
887  2.217500 -0.581041000691
888  2.220000 -0.624532263949
889  2.222500 -0.667476673836
890  2.225000 -0.704790242579
891  2.227500 -0.729376393606
892  2.230000 -0.734638473999
893  2.232500 -0.718640014094
894  2.235000 -0.685614404047
895  2.237500 -0.642856372115
896  2.240000 -0.596858805047
897  2.242500 -0.551816501624
898  2.245000 -0.509986690626
899  2.247500 -0.472379157303
900  2.250000 -0.439339182655
901  2.252500 -0.410897563331
902  2.255000 -0.386921613157
903  2.257500 -0.367240243875
904  2.260000 -0.351682076542
905  2.262500 -0.340082995927
906  2.265000 -0.332326915034
907  2.267500 -0.328317729758
908  2.270000 -0.327991840485
909  2.272500 -0.331318802576
910  2.275000 -0.338312528777
911  2.277500 -0.348995967361
912  2.280000 -0.363426737787
913  2.282500 -0.381678676455
914  2.285000 -0.403829447501
915  2.287500 -0.429917855162
916  2.290000 -0.459911700963
917  2.292500 -0.493604983870
918  2.295000 -0.530443884011
919  2.297500 -0.569250970234
920  2.300000 -0.607840779957
921  2.302500 -0.642597920460
922  2.305000 -0.668557797181
923  2.307500 -0.680682748185
924  2.310000 -0.676275215669
925  2.312500 -0.656745635652
926  2.315000 -0.626661833705
927  2.317500 -0.591284814395
928  2.320000 -0.554772865199
929  2.322500 -0.519800919682
930  2.325000 -0.487849290662
931  2.327500 -0.459646714460
932  2.330000 -0.435499621185
933  2.332500 -0.415486208118
934  2.335000 -0.399584390874
935  2.337500 -0.387734134382
936  2.340000 -0.379870725628
937  2.342500 -0.375943242625
938  2.345000 -0.375917420441
939  2.347500 -0.379808972999
940  2.350000 -0.387638342383
941  2.352500 -0.399468383064
942  2.355000 -0.415369725239
943  2.357500 -0.435409401275
944  2.360000 -0.459627022526
945  2.362500 -0.487949549155
946  2.365000 -0.520080119247
947  2.367500 -0.555283527118
948  2.370000 -0.592008465220
949  2.372500 -0.627438811127
950  2.375000 -0.657122392037
951  2.377500 -0.675487062632
952  2.380000 -0.677900982986
953  2.382500 -0.663454031654
954  2.385000 -0.635617671837
955  2.387500 -0.599952916718
956  2.390000 -0.561539675983
957  2.392500 -0.523844774555
958  2.395000 -0.488861451971
959  2.397500 -0.457593187985
960  2.400000 -0.430465085980
961  2.402500 -0.407597538601
962  2.405000 -0.388969749171
963  2.407500 -0.374510475041
964  2.410000 -0.364124500971
965  2.412500 -0.357734421535
966  2.415000 -0.355290629875
967  2.417500 -0.356771578410
968  2.420000 -0.362193136093
969  2.422500 -0.371605085933
970  2.425000 -0.385095864037
971  2.427500 -0.402790598831
972  2.430000 -0.424850744575
973  2.432500 -0.451429360431
974  2.435000 -0.482664904499
975  2.437500 -0.518575700910
976  2.440000 -0.558885601280
977  2.442500 -0.602689232041
978  2.445000 -0.647824759042
979  2.447500 -0.690014786310
980  2.450000 -0.722388142899
981  2.452500 -0.737084704012
982  2.455000 -0.729877913682
983  2.457500 -0.703645194687
984  2.460000 -0.665965028179
985  2.462500 -0.624165967024
986  2.465000 -0.583040802411
987  2.467500 -0.545076585270
988  2.470000 -0.511333906023
989  2.472500 -0.482122046181
990  2.475000 -0.457408353625
991  2.477500 -0.437020687881
992  2.480000 -0.420728382682
993  2.482500 -0.408327922423
994  2.485000 -0.399610537006
995  2.487500 -0.394416941289
996  2.490000 -0.392610426864
997  2.492500 -0.394078103669
998  2.495000 -0.398744595190
999  2.497500 -0.406537094475
1000  2.500000 -0.417402699864
1001  2.502500 -0.431274659089
1002  2.505000 -0.448063890814
1003  2.507500 -0.467621027148
1004  2.510000 -0.489678042180
1005  2.512500 -0.513768427108
1006  2.515000 -0.539104887567
1007  2.517500 -0.564452498602
1008  2.520000 -0.587978353365
1009  2.522500 -0.607267441876
1010  2.525000 -0.619662323101
1011  2.527500 -0.622980138296
1012  2.530000 -0.616418734849
1013  2.532500 -0.600911192786
1014  2.535000 -0.578706543651
1015  2.537500 -0.552497827161
1016  2.540000 -0.524681097001
1017  2.542500 -0.497059532912
1018  2.545000 -0.470831537807
1019  2.547500 -0.446749256646
1020  2.550000 -0.425240287777
1021  2.552500 -0.406530516047
1022  2.555000 -0.390737061961
1023  2.557500 -0.377899889422
1024  2.560000 -0.368028555518
1025  2.562500 -0.361118115558
1026  2.565000 -0.357154411869
1027  2.567500 -0.356125850205
1028  2.570000 -0.358021324313
1029  2.572500 -0.362823880109
1030  2.575000 -0.370504841893
1031  2.577500 -0.381013118057
1032  2.580000 -0.394254552755
1033  2.582500 -0.410047180961
1034  2.585000 -0.428083825108
1035  2.587500 -0.447851385718
1036  2.590000 -0.468541650356
1037  2.592500 -0.488951961080
1038  2.595000 -0.507434792548
1039  2.597500 -0.522009896926
1040  2.600000 -0.530670762637
1041  2.602500 -0.531955611932
1042  2.605000 -0.525497898054
1043  2.607500 -0.512194861808
1044  2.610000 -0.493823429584
1045  2.612500 -0.472466739749
1046  2.615000 -0.450017491757
1047  2.617500 -0.427939133276
1048  2.620000 -0.407268713885
1049  2.622500 -0.388688502425
1050  2.625000 -0.372618880647
1051  2.627500 -0.359304059997
1052  2.630000 -0.348883335388
1053  2.632500 -0.341433420895
1054  2.635000 -0.337004211232
1055  2.637500 -0.335616138565
1056  2.640000 -0.337297609771
1057  2.642500 -0.342068083425
1058  2.645000 -0.349956790752
1059  2.647500 -0.360987136722
1060  2.650000 -0.375179191831
1061  2.652500 -0.392527096145
1062  2.655000 -0.412966984704
1063  2.657500 -0.436327642353
1064  2.660000 -0.462260612644
1065  2.662500 -0.490090144551
1066  2.665000 -0.518654567313
1067  2.667500 -0.546109514656
1068  2.670000 -0.569840676843
1069  2.672500 -0.586763885444
1070  2.675000 -0.594187405980
1071  2.677500 -0.590993673636
1072  2.680000 -0.578224367326
1073  2.682500 -0.558558284715
1074  2.685000 -0.535096060559
1075  2.687500 -0.510494487682
1076  2.690000 -0.486651099478
1077  2.692500 -0.464745860280
1078  2.695000 -0.445458576206
1079  2.697500 -0.429145423040
1080  2.700000 -0.415969349522
1081  2.702500 -0.405975283996
1082  2.705000 -0.399152517884
1083  2.707500 -0.395461943009
1084  2.710000 -0.394848141864
1085  2.712500 -0.397238845527
1086  2.715000 -0.402549949765
1087  2.717500 -0.410670861904
1088  2.720000 -0.421436879225
1089  2.722500 -0.434614110853
1090  2.725000 -0.449838562921
1091  2.727500 -0.466560287802
1092  2.730000 -0.483977880644
1093  2.732500 -0.500967244439
1094  2.735000 -0.516066623856
1095  2.737500 -0.527592711181
1096  2.740000 -0.533934703452
1097  2.742500 -0.533971765295
1098  2.745000 -0.527494329875
1099  2.747500 -0.515250190414
1100  2.750000 -0.498668566712
1101  2.752500 -0.479460985978
1102  2.755000 -0.459173937262
1103  2.757500 -0.439055510716
1104  2.760000 -0.420015787979
1105  2.762500 -0.402659589619
1106  2.765000 -0.387379959137
1107  2.767500 -0.374414765057
1108  2.770000 -0.363909977472
1109  2.772500 -0.355944684531
1110  2.775000 -0.350561549414
1111  2.777500 -0.347784348740
1112  2.780000 -0.347635574090
1113  2.782500 -0.350124266176
1114  2.785000 -0.355272312600
1115  2.787500 -0.363102089625
1116  2.790000 -0.373613850282
1117  2.792500 -0.386812231076
1118  2.795000 -0.402660003081
1119  2.797500 -0.421049990266
1120  2.800000 -0.441780804174
1121  2.802500 -0.464443422039
1122  2.805000 -0.488334371300
1123  2.807500 -0.512312794339
1124  2.810000 -0.534672135198
1125  2.812500 -0.553165210388
1126  2.815000 -0.565305281144
1127  2.817500 -0.569118811553
1128  2.820000 -0.563941846937
1129  2.822500 -0.550787698121
1130  2.825000 -0.531832861111
1131  2.827500 -0.509601393814
1132  2.830000 -0.486273859511
1133  2.832500 -0.463461917935
1134  2.835000 -0.442230692256
1135  2.837500 -0.423228087184
1136  2.840000 -0.406830624799
1137  2.842500 -0.393252547930
1138  2.845000 -0.382595784750
1139  2.847500 -0.374934247863
1140  2.850000 -0.370314863063
1141  2.852500 -0.368776242724
1142  2.855000 -0.370369877428
1143  2.857500 -0.375184378629
1144  2.860000 -0.383312081525
1145  2.862500 -0.394883788814
1146  2.865000 -0.410038313729
1147  2.867500 -0.428943658351
1148  2.870000 -0.451740637609
1149  2.872500 -0.478497326860
1150  2.875000 -0.509067236861
1151  2.877500 -0.542856946966
1152  2.880000 -0.578300222159
1153  2.882500 -0.612188947568
1154  2.885000 -0.639032559380
1155  2.887500 -0.651947088506
1156  2.890000 -0.646267192709
1157  2.892500 -0.623275103868
1158  2.895000 -0.589108462318
1159  2.897500 -0.550390240239
1160  2.900000 -0.511723754708
1161  2.902500 -0.475549771813
1162  2.905000 -0.442959825069
1163  2.907500 -0.414312595952
1164  2.910000 -0.389619253706
1165  2.912500 -0.368747321693
1166  2.915000 -0.351524742690
1167  2.917500 -0.337763751201
1168  2.920000 -0.327315594522
1169  2.922500 -0.320038587638
1170  2.925000 -0.315832060249
1171  2.927500 -0.314619417557
1172  2.930000 -0.316350986269
1173  2.932500 -0.321004350770
1174  2.935000 -0.328579417173
1175  2.937500 -0.339086054395
1176  2.940000 -0.352554189733
1177  2.942500 -0.369010637705
1178  2.945000 -0.388455930930
1179  2.947500 -0.410834975661
1180  2.950000 -0.435971601030
1181  2.952500 -0.463446796854
1182  2.955000 -0.492425899889
1183  2.957500 -0.521410552293
1184  2.960000 -0.547983672666
1185  2.962500 -0.568814923763
1186  2.965000 -0.580330137733
1187  2.967500 -0.580248490295
1188  2.970000 -0.568854589968
1189  2.972500 -0.548836983518
1190  2.975000 -0.523813181440
1191  2.977500 -0.496945990656
1192  2.980000 -0.470435108068
1193  2.982500 -0.445595867764
1194  2.985000 -0.423132604950
1195  2.987500 -0.403371652751
1196  2.990000 -0.386424962278
1197  2.992500 -0.372310989239
1198  2.995000 -0.360989617485
1199  2.997500 -0.352409625969
1200  3.000000 -0.346526334608
1201  3.002500 -0.343298502058
1202  3.005000 -0.342713075934
1203  3.007500 -0.344772957439
1204  3.010000 -0.349510462836
1205  3.012500 -0.356972951005
1206  3.015000 -0.367238300500
1207  3.017500 -0.380393003887
1208  3.020000 -0.396539301975
1209  3.022500 -0.415759844454
1210  3.025000 -0.438103519153
1211  3.027500 -0.463495057917
1212  3.030000 -0.491609562070
1213  3.032500 -0.521635842004
1214  3.035000 -0.551917540961
1215  3.037500 -0.579517968557
1216  3.040000 -0.600134209023
1217  3.042500 -0.609123506917
1218  3.045000 -0.603899234979
1219  3.047500 -0.585740403146
1220  3.050000 -0.558898491299
1221  3.052500 -0.528055478237
1222  3.055000 -0.496734929297
1223  3.057500 -0.467056442137
1224  3.060000 -0.440119890927
1225  3.062500 -0.416420908457
1226  3.065000 -0.396125044956
1227  3.067500 -0.379249604761
1228  3.070000 -0.365746007147
1229  3.072500 -0.355543556736
1230  3.075000 -0.348586338032
1231  3.077500 -0.344836053247
1232  3.080000 -0.344281787584
1233  3.082500 -0.346950574574
1234  3.085000 -0.352900457306
1235  3.087500 -0.362233285898
1236  3.090000 -0.375098682798
1237  3.092500 -0.391684791833
1238  3.095000 -0.412232634354
1239  3.097500 -0.437002423235
1240  3.100000 -0.466263462995
1241  3.102500 -0.500161715465
1242  3.105000 -0.538491415942
1243  3.107500 -0.580144562011
1244  3.110000 -0.621990267147
1245  3.112500 -0.657381178395
1246  3.115000 -0.676344103926
1247  3.117500 -0.671356543300
1248  3.120000 -0.644802889895
1249  3.122500 -0.606380634861
1250  3.125000 -0.564961457581
1251  3.127500 -0.525521428514
1252  3.130000 -0.490127941914
1253  3.132500 -0.459383544766
1254  3.135000 -0.433271104553
1255  3.137500 -0.411556084612
1256  3.140000 -0.393942060486
1257  3.142500 -0.380161576494
1258  3.145000 -0.369968722431
1259  3.147500 -0.363180275104
1260  3.150000 -0.359648659876
1261  3.152500 -0.359267554532
1262  3.155000 -0.361956961203
1263  3.157500 -0.367673453823
1264  3.160000 -0.376380829856
1265  3.162500 -0.388066132162
1266  3.165000 -0.402687286594
1267  3.167500 -0.420168930354
1268  3.170000 -0.440332620148
1269  3.172500 -0.462809283067
1270  3.175000 -0.486912635063
1271  3.177500 -0.511428380474
1272  3.180000 -0.534414014601
1273  3.182500 -0.553178790895
1274  3.185000 -0.564702097404
1275  3.187500 -0.566717588377
1276  3.190000 -0.558866482557
1277  3.192500 -0.542947156598
1278  3.195000 -0.521882924333
1279  3.197500 -0.498543382563
1280  3.200000 -0.475085751106
1281  3.202500 -0.452897493035
1282  3.205000 -0.432782571214
1283  3.207500 -0.415144201774
1284  3.210000 -0.400160504066
1285  3.212500 -0.387885297316
1286  3.215000 -0.378296690118
1287  3.217500 -0.371351590657
1288  3.220000 -0.366991553121
1289  3.222500 -0.365147968520
1290  3.225000 -0.365754802099
1291  3.227500 -0.368735753055
1292  3.230000 -0.374005946292
1293  3.232500 -0.381452021938
1294  3.235000 -0.390916678290
1295  3.237500 -0.402163622234
1296  3.240000 -0.414847228845
1297  3.242500 -0.428455957847
1298  3.245000 -0.442267592971
1299  3.247500 -0.455311603486
1300  3.250000 -0.466381437189
1301  3.252500 -0.474187981014
1302  3.255000 -0.477588980692
1303  3.257500 -0.475942419048
1304  3.260000 -0.469286433636
1305  3.262500 -0.458368217519
1306  3.265000 -0.444358499618
1307  3.267500 -0.428550891119
1308  3.270000 -0.412102787852
1309  3.272500 -0.395946675896
1310  3.275000 -0.380762000049
1311  3.277500 -0.367012574749
1312  3.280000 -0.355004657104
1313  3.282500 -0.344944063667
1314  3.285000 -0.336961576984
1315  3.287500 -0.331139947964
1316  3.290000 -0.327549644234
1317  3.292500 -0.326236606992
1318  3.295000 -0.327260228133
1319  3.297500 -0.330688813591
1320  3.300000 -0.336590393439
1321  3.302500 -0.345058526745
1322  3.305000 -0.356208794697
1323  3.307500 -0.370159679137
1324  3.310000 -0.387051537523
1325  3.312500 -0.407013349932
1326  3.315000 -0.430143044869
1327  3.317500 -0.456420475353
1328  3.320000 -0.485575604895
1329  3.322500 -0.516806657041
1330  3.325000 -0.548317276462
1331  3.327500 -0.576730063446
1332  3.330000 -0.597001193062
1333  3.332500 -0.603931129658
1334  3.335000 -0.595395217647
1335  3.337500 -0.574130089164
1336  3.340000 -0.545519530437
1337  3.342500 -0.514459971619
1338  3.345000 -0.484101691618
1339  3.347500 -0.456084662990
1340  3.350000 -0.431118171339
1341  3.352500 -0.409433196329
1342  3.355000 -0.391018657266
1343  3.357500 -0.375777262595
1344  3.360000 -0.363576989442
1345  3.362500 -0.354287574745
1346  3.365000 -0.347789342238
1347  3.367500 -0.343987496607
1348  3.370000 -0.342796176387
1349  3.372500 -0.344153256746
1350  3.375000 -0.348002558724
1351  3.377500 -0.354294444504
1352  3.380000 -0.362968348988
1353  3.382500 -0.373941995131
1354  3.385000 -0.387072221907
1355  3.387500 -0.402133285320
1356  3.390000 -0.418745992593
1357  3.392500 -0.436298949152
1358  3.395000 -0.453870977916
1359  3.397500 -0.470149888152
1360  3.400000 -0.483496967226
1361  3.402500 -0.492185619954
1362  3.405000 -0.494872762135
1363  3.407500 -0.491138121946
1364  3.410000 -0.481636550205
1365  3.412500 -0.467840583760
1366  3.415000 -0.451489164147
1367  3.417500 -0.434160101208
1368  3.420000 -0.417063555185
1369  3.422500 -0.401032049006
1370  3.425000 -0.386597781183
1371  3.427500 -0.374081980091
1372  3.430000 -0.363661495891
1373  3.432500 -0.355437759300
1374  3.435000 -0.349453518620
1375  3.437500 -0.345730943145
1376  3.440000 -0.344283789807
1377  3.442500 -0.345117833946
1378  3.445000 -0.348251647189
1379  3.447500 -0.353706751260
1380  3.450000 -0.361506707345
1381  3.452500 -0.371681378289
1382  3.455000 -0.384248263828
1383  3.457500 -0.399212162525
1384  3.460000 -0.416517670878
1385  3.462500 -0.436009317187
1386  3.465000 -0.457340424442
1387  3.467500 -0.479844838693
1388  3.470000 -0.502353920880
1389  3.472500 -0.523024443048
1390  3.475000 -0.539352724731
1391  3.477500 -0.548635791758
1392  3.480000 -0.549000593728
1393  3.482500 -0.540391945513
1394  3.485000 -0.524616305928
1395  3.487500 -0.504397427739
1396  3.490000 -0.482282453308
1397  3.492500 -0.460176240815
1398  3.495000 -0.439276301917
1399  3.497500 -0.420277143789
1400  3.500000 -0.403557611892
1401  3.502500 -0.389276420619
1402  3.505000 -0.377505067230
1403  3.507500 -0.368262908930
1404  3.510000 -0.361545276991
1405  3.512500 -0.357353380088
1406  3.515000 -0.355698248799
1407  3.517500 -0.356608151882
1408  3.520000 -0.360135807941
1409  3.522500 -0.366351406860
1410  3.525000 -0.375361018171
1411  3.527500 -0.387285796088
1412  3.530000 -0.402274255396
1413  3.532500 -0.420471885934
1414  3.535000 -0.441986637137
1415  3.537500 -0.466801933048
1416  3.540000 -0.494585233668
1417  3.542500 -0.524353438783
1418  3.545000 -0.553838045390
1419  3.547500 -0.578818502327
1420  3.550000 -0.593316830216
1421  3.552500 -0.592305669222
1422  3.555000 -0.575624350378
1423  3.557500 -0.548158714934
1424  3.560000 -0.515942571423
1425  3.562500 -0.483346886533
1426  3.565000 -0.452746682412
1427  3.567500 -0.425191793320
1428  3.570000 -0.401030211547
1429  3.572500 -0.380295567811
1430  3.575000 -0.362881717941
1431  3.577500 -0.348651808713
1432  3.580000 -0.337465406659
1433  3.582500 -0.329208896007
1434  3.585000 -0.323795165490
1435  3.587500 -0.321171227473
1436  3.590000 -0.321313406499
1437  3.592500 -0.324240327516
1438  3.595000 -0.330001881018
1439  3.597500 -0.338688081212
1440  3.600000 -0.350426558507
1441  3.602500 -0.365389023171
1442  3.605000 -0.383776528155
1443  3.607500 -0.405823957824
1444  3.610000 -0.431726629751
1445  3.612500 -0.461556613558
1446  3.615000 -0.494963105768
1447  3.617500 -0.530602019555
1448  3.620000 -0.565047086168
1449  3.622500 -0.591636167291
1450  3.625000 -0.601733749210
1451  3.627500 -0.590952067886
1452  3.630000 -0.563719604565
1453  3.632500 -0.528700647929
1454  3.635000 -0.492549567567
1455  3.637500 -0.458688279134
1456  3.640000 -0.428421667562
1457  3.642500 -0.402080702288
1458  3.645000 -0.379571942694
1459  3.647500 -0.360674043599
1460  3.650000 -0.345138701006
1461  3.652500 -0.332737369335
1462  3.655000 -0.323277240360
1463  3.657500 -0.316606314773
1464  3.660000 -0.312608177623
1465  3.662500 -0.311207443342
1466  3.665000 -0.312357235636
1467  3.667500 -0.316038616461
1468  3.670000 -0.322272605552
1469  3.672500 -0.331093409060
1470  3.675000 -0.342573740458
1471  3.677500 -0.356791992479
1472  3.680000 -0.373840869046
1473  3.682500 -0.393797612605
1474  3.685000 -0.416662735982
1475  3.687500 -0.442268247307
1476  3.690000 -0.470081860796
1477  3.692500 -0.498860668285
1478  3.695000 -0.526173582585
1479  3.697500 -0.548062573244
1480  3.700000 -0.559762445948
1481  3.702500 -0.558105798982
1482  3.705000 -0.543900191861
1483  3.707500 -0.521304322122
1484  3.710000 -0.494978478406
1485  3.712500 -0.468308900743
1486  3.715000 -0.443221952309
1487  3.717500 -0.420622883303
1488  3.720000 -0.400860693843
1489  3.722500 -0.384006784601
1490  3.725000 -0.369998551774
1491  3.727500 -0.358738420714
1492  3.730000 -0.350112508686
1493  3.732500 -0.344018043631
1494  3.735000 -0.340369307695
1495  3.737500 -0.339102531067
1496  3.740000 -0.340171235111
1497  3.742500 -0.343547841448
1498  3.745000 -0.349221621222
1499  3.747500 -0.357189456195
1500  3.750000 -0.367452387892
1501  3.752500 -0.379993114199
1502  3.755000 -0.394767438455
1503  3.757500 -0.411647975646
1504  3.760000 -0.430367447719
1505  3.762500 -0.450420848805
1506  3.765000 -0.470909457492
1507  3.767500 -0.490392607034
1508  3.770000 -0.506818773720
1509  3.772500 -0.517800919365
1510  3.775000 -0.521346307818
1511  3.777500 -0.516812629642
1512  3.780000 -0.505257618920
1513  3.782500 -0.488874690916
1514  3.785000 -0.470028568967
1515  3.787500 -0.450625856861
1516  3.790000 -0.431961186094
1517  3.792500 -0.414807025793
1518  3.795000 -0.399600457902
1519  3.797500 -0.386546523718
1520  3.800000 -0.375733480433
1521  3.802500 -0.367178767944
1522  3.805000 -0.360872440715
1523  3.807500 -0.356787203964
1524  3.810000 -0.354895621775
1525  3.812500 -0.355169875907
1526  3.815000 -0.357587264098
1527  3.817500 -0.362123931508
1528  3.820000 -0.368746263503
1529  3.822500 -0.377405930724
1530  3.825000 -0.388010231352
1531  3.827500 -0.400397403502
1532  3.830000 -0.414293767226
1533  3.832500 -0.429251149074
1534  3.835000 -0.444560502709
1535  3.837500 -0.459181237902
1536  3.840000 -0.471732578426
1537  3.842500 -0.480662862898
1538  3.845000 -0.484581052714
1539  3.847500 -0.482773688157
1540  3.850000 -0.475508750340
1541  3.852500 -0.463910527236
1542  3.855000 -0.449523205298
1543  3.857500 -0.433852484602
1544  3.860000 -0.418103945051
1545  3.862500 -0.403139870621
1546  3.865000 -0.389514448673
1547  3.867500 -0.377573441243
1548  3.870000 -0.367517128801
1549  3.872500 -0.359449573962
1550  3.875000 -0.353418511098
1551  3.877500 -0.349451458029
1552  3.880000 -0.347546165811
1553  3.882500 -0.347701431801
1554  3.885000 -0.349905352840
1555  3.887500 -0.354140411622
1556  3.890000 -0.360377052705
1557  3.892500 -0.368558199443
1558  3.895000 -0.378588402537
1559  3.897500 -0.390295354314
1560  3.900000 -0.403404618536
1561  3.902500 -0.417449395232
1562  3.905000 -0.431735126505
1563  3.907500 -0.445258724951
1564  3.910000 -0.456712886138
1565  3.912500 -0.464659676154
1566  3.915000 -0.467850384861
1567  3.917500 -0.465665818253
1568  3.920000 -0.458371365798
1569  3.922500 -0.447002108935
1570  3.925000 -0.432974686588
1571  3.927500 -0.417669500975
1572  3.930000 -0.402216125986
1573  3.932500 -0.387438231242
1574  3.935000 -0.373862014494
1575  3.937500 -0.361840877331
1576  3.940000 -0.351567327994
1577  3.942500 -0.343166984559
1578  3.945000 -0.336710130586
1579  3.947500 -0.332242679861
1580  3.950000 -0.329800058113
1581  3.952500 -0.329421535127
1582  3.955000 -0.331159090831
1583  3.957500 -0.335078405517
1584  3.960000 -0.341269574771
1585  3.962500 -0.349851797966
1586  3.965000 -0.360973572257
1587  3.967500 -0.374815964781
1588  3.970000 -0.391605873117
1589  3.972500 -0.411603645506
1590  3.975000 -0.435075605477
1591  3.977500 -0.462215481676
1592  3.980000 -0.492960567619
1593  3.982500 -0.526508571135
1594  3.985000 -0.560313529770
1595  3.987500 -0.588654465416
1596  3.990000 -0.602574184820
1597  3.992500 -0.595499793756
1598  3.995000 -0.570256452274
1599  3.997500 -0.535821584597
1600  4.000000 -0.499658630998
1601  4.002500 -0.465549089981
1602  4.005000 -0.434917325272
1603  4.007500 -0.408058356419
1604  4.010000 -0.384858613977
1605  4.012500 -0.365066258147
1606  4.015000 -0.348415101389
1607  4.017500 -0.334665002105
1608  4.020000 -0.323616781764
1609  4.022500 -0.315110011740
1610  4.025000 -0.309021049597
1611  4.027500 -0.305262131499
1612  4.030000 -0.303769023612
1613  4.032500 -0.304510700280
1614  4.035000 -0.307471265230
1615  4.037500 -0.312655521085
1616  4.040000 -0.320089375463
1617  4.042500 -0.329799407812
1618  4.045000 -0.341813968388
1619  4.047500 -0.356133028792
1620  4.050000 -0.372695130229
1621  4.052500 -0.391308482707
1622  4.055000 -0.411556210524
1623  4.057500 -0.432591915514
1624  4.060000 -0.452969308573
1625  4.062500 -0.470459312886
1626  4.065000 -0.482311762866
1627  4.067500 -0.486122363129
1628  4.070000 -0.481143364878
1629  4.072500 -0.468740189243
1630  4.075000 -0.451564229472
1631  4.077500 -0.432304216305
1632  4.080000 -0.412976371502
1633  4.082500 -0.394829324111
1634  4.085000 -0.378573339846
1635  4.087500 -0.364561376722
1636  4.090000 -0.352933608741
1637  4.092500 -0.343747099596
1638  4.095000 -0.337007337239
1639  4.097500 -0.332702509818
1640  4.100000 -0.330832595951
1641  4.102500 -0.331404679115
1642  4.105000 -0.334459247781
1643  4.107500 -0.340057037218
1644  4.110000 -0.348298397057
1645  4.112500 -0.359320156477
1646  4.115000 -0.373298652737
1647  4.117500 -0.390471602861
1648  4.120000 -0.411109428909
1649  4.122500 -0.435506192439
1650  4.125000 -0.463893315905
1651  4.127500 -0.496215484033
1652  4.130000 -0.531578521138
1653  4.132500 -0.567008892128
1654  4.135000 -0.595672648138
1655  4.137500 -0.607377523080
1656  4.140000 -0.596443603309
1657  4.142500 -0.568459568355
1658  4.145000 -0.533621417099
1659  4.147500 -0.498848661865
1660  4.150000 -0.467136207586
1661  4.152500 -0.439379165682
1662  4.155000 -0.415614375117
1663  4.157500 -0.395604645582
1664  4.160000 -0.379045162199
1665  4.162500 -0.365647573978
1666  4.165000 -0.355172564173
1667  4.167500 -0.347433248060
1668  4.170000 -0.342282323237
1669  4.172500 -0.339623774932
1670  4.175000 -0.339396396402
1671  4.177500 -0.341577119947
1672  4.180000 -0.346180999225
1673  4.182500 -0.353253174184
1674  4.185000 -0.362868371098
1675  4.187500 -0.375138358581
1676  4.190000 -0.390193507688
1677  4.192500 -0.408164096697
1678  4.195000 -0.429147252881
1679  4.197500 -0.453099047954
1680  4.200000 -0.479623260867
1681  4.202500 -0.507528996818
1682  4.205000 -0.534148051720
1683  4.207500 -0.554694990926
1684  4.210000 -0.563225843615
1685  4.212500 -0.556404008505
1686  4.215000 -0.536633052378
1687  4.217500 -0.509742706925
1688  4.220000 -0.480897093130
1689  4.222500 -0.453112191842
1690  4.225000 -0.427769514016
1691  4.227500 -0.405358282002
1692  4.230000 -0.385944021652
1693  4.232500 -0.369426894664
1694  4.235000 -0.355653881158
1695  4.237500 -0.344469591175
1696  4.240000 -0.335740968446
1697  4.242500 -0.329349625891
1698  4.245000 -0.325217260310
1699  4.247500 -0.323280816224
1700  4.250000 -0.323514138813
1701  4.252500 -0.325911162738
1702  4.255000 -0.330491337898
1703  4.257500 -0.337296439031
1704  4.260000 -0.346391707685
1705  4.262500 -0.357855927987
1706  4.265000 -0.371773274666
1707  4.267500 -0.388216234328
1708  4.270000 -0.407190720524
1709  4.272500 -0.428554443902
1710  4.275000 -0.451838671996
1711  4.277500 -0.475929772824
1712  4.280000 -0.498647947099
1713  4.282500 -0.516468182953
1714  4.285000 -0.525173570106
1715  4.287500 -0.522092246806
1716  4.290000 -0.508163736449
1717  4.292500 -0.487143305680
1718  4.295000 -0.463124372235
1719  4.297500 -0.438994727629
1720  4.300000 -0.416360715507
1721  4.302500 -0.395969963060
1722  4.305000 -0.378094257715
1723  4.307500 -0.362793862049
1724  4.310000 -0.350004339196
1725  4.312500 -0.339638970811
1726  4.315000 -0.331614318875
1727  4.317500 -0.325844801130
1728  4.320000 -0.322266970832
1729  4.322500 -0.320840168620
1730  4.325000 -0.321545029361
1731  4.327500 -0.324379278014
1732  4.330000 -0.329369221531
1733  4.332500 -0.336553481083
1734  4.335000 -0.345984506810
1735  4.337500 -0.357729339655
1736  4.340000 -0.371840965530
1737  4.342500 -0.388338657395
1738  4.345000 -0.407134813149
1739  4.347500 -0.427942805977
1740  4.350000 -0.450065515895
1741  4.352500 -0.472073332565
1742  4.355000 -0.491512820894
1743  4.357500 -0.504940033362
1744  4.360000 -0.509047468230
1745  4.362500 -0.502636625946
1746  4.365000 -0.487532599020
1747  4.367500 -0.467244493996
1748  4.370000 -0.445051790262
1749  4.372500 -0.423165774734
1750  4.375000 -0.402816121905
1751  4.377500 -0.384577899694
1752  4.380000 -0.368673683491
1753  4.382500 -0.355144729345
1754  4.385000 -0.343949492162
1755  4.387500 -0.335014655594
1756  4.390000 -0.328264915358
1757  4.392500 -0.323627081131
1758  4.395000 -0.321055569564
1759  4.397500 -0.320512498883
1760  4.400000 -0.321973064300
1761  4.402500 -0.325436293300
1762  4.405000 -0.330913845320
1763  4.407500 -0.338429230358
1764  4.410000 -0.348010178176
1765  4.412500 -0.359679475254
1766  4.415000 -0.373440731564
1767  4.417500 -0.389240847767
1768  4.420000 -0.406892298605
1769  4.422500 -0.425988432045
1770  4.425000 -0.445727594009
1771  4.427500 -0.464700187444
1772  4.430000 -0.480761635814
1773  4.432500 -0.491288485019
1774  4.435000 -0.494053102224
1775  4.437500 -0.488499061261
1776  4.440000 -0.476075118846
1777  4.442500 -0.459348306798
1778  4.445000 -0.440813007306
1779  4.447500 -0.422275247240
1780  4.450000 -0.404849958557
1781  4.452500 -0.389130816546
1782  4.455000 -0.375410163069
1783  4.457500 -0.363793558698
1784  4.460000 -0.354303465700
1785  4.462500 -0.346928515510
1786  4.465000 -0.341627008736
1787  4.467500 -0.338379505732
1788  4.470000 -0.337157146938
1789  4.472500 -0.337952292435
1790  4.475000 -0.340756603631
1791  4.477500 -0.345585434375
1792  4.480000 -0.352448562978
1793  4.482500 -0.361356642764
1794  4.485000 -0.372304561594
1795  4.487500 -0.385223939025
1796  4.490000 -0.399947342610
1797  4.492500 -0.416124428333
1798  4.495000 -0.433079699051
1799  4.497500 -0.449646207724
1800  4.500000 -0.464053240684
1801  4.502500 -0.474035668659
1802  4.505000 -0.477496003612
1803  4.507500 -0.473483692199
1804  4.510000 -0.462779567931
1805  4.512500 -0.447416633132
1806  4.515000 -0.429689549483
1807  4.517500 -0.411443001488
1808  4.520000 -0.393913785460
1809  4.522500 -0.377821627739
1810  4.525000 -0.363547468391
1811  4.527500 -0.351274303478
1812  4.530000 -0.341062608230
1813  4.532500 -0.332930306089
1814  4.535000 -0.326859952982
1815  4.537500 -0.322842018603
1816  4.540000 -0.320861889294
1817  4.542500 -0.320919557792
1818  4.545000 -0.323029403727
1819  4.547500 -0.327219886416
1820  4.550000 -0.333531487232
1821  4.552500 -0.342022282242
1822  4.555000 -0.352749521371
1823  4.557500 -0.365765738611
1824  4.560000 -0.381081268441
1825  4.562500 -0.398615200021
1826  4.565000 -0.418082088075
1827  4.567500 -0.438809690111
1828  4.570000 -0.459448067526
1829  4.572500 -0.477676556007
1830  4.575000 -0.490292213501
1831  4.577500 -0.494228891801
1832  4.580000 -0.488381738258
1833  4.582500 -0.474437483399
1834  4.585000 -0.455673972049
1835  4.587500 -0.435159711143
1836  4.590000 -0.414982862545
1837  4.592500 -0.396317021090
1838  4.595000 -0.379732814997
1839  4.597500 -0.365453033812
1840  4.600000 -0.353540296417
1841  4.602500 -0.343976820266
1842  4.605000 -0.336718604688
1843  4.607500 -0.331717237075
1844  4.610000 -0.328946890425
1845  4.612500 -0.328396808197
1846  4.615000 -0.330083852003
1847  4.617500 -0.334050837716
1848  4.620000 -0.340384281073
1849  4.622500 -0.349198288342
1850  4.625000 -0.360671717872
1851  4.627500 -0.375016418503
1852  4.630000 -0.392510573794
1853  4.632500 -0.413472210086
1854  4.635000 -0.438229169508
1855  4.637500 -0.466962796013
1856  4.640000 -0.499285920320
1857  4.642500 -0.533150889825
1858  4.645000 -0.562764524506
1859  4.647500 -0.577498902974
1860  4.650000 -0.569037939186
1861  4.652500 -0.541710636642
1862  4.655000 -0.506737869509
1863  4.657500 -0.471794346438
1864  4.660000 -0.439982927544
1865  4.662500 -0.412094255426
1866  4.665000 -0.388056673568
1867  4.667500 -0.367537331734
1868  4.670000 -0.350190951522
1869  4.672500 -0.335686606781
1870  4.675000 -0.323771831312
1871  4.677500 -0.314222507309
1872  4.680000 -0.306872091128
1873  4.682500 -0.301592154131
1874  4.685000 -0.298284055010
1875  4.687500 -0.296881230353
1876  4.690000 -0.297337636315
1877  4.692500 -0.299630173364
1878  4.695000 -0.303752195839
1879  4.697500 -0.309710920682
1880  4.700000 -0.317524019837
1881  4.702500 -0.327211084436
1882  4.705000 -0.338771323694
1883  4.707500 -0.352180612245
1884  4.710000 -0.367325884832
1885  4.712500 -0.383961161495
1886  4.715000 -0.401572477874
1887  4.717500 -0.419239912392
1888  4.720000 -0.435469549777
1889  4.722500 -0.448191525055
1890  4.725000 -0.455206022231
1891  4.727500 -0.455059751751
1892  4.730000 -0.447910167246
1893  4.732500 -0.435405889361
1894  4.735000 -0.419806884974
1895  4.737500 -0.403102609033
1896  4.740000 -0.386690996418
1897  4.742500 -0.371427377008
1898  4.745000 -0.357765163245
1899  4.747500 -0.345932480715
1900  4.750000 -0.336021336962
1901  4.752500 -0.328058714556
1902  4.755000 -0.322045054141
1903  4.757500 -0.317968314146
1904  4.760000 -0.315822274630
1905  4.762500 -0.315613963243
1906  4.765000 -0.317370533362
1907  4.767500 -0.321138281957
1908  4.770000 -0.326996444572
1909  4.772500 -0.335041858542
1910  4.775000 -0.345421789809
1911  4.777500 -0.358318443354
1912  4.780000 -0.373952153693
1913  4.782500 -0.392600893401
1914  4.785000 -0.414553949843
1915  4.787500 -0.440065528195
1916  4.790000 -0.469133348340
1917  4.792500 -0.500977648648
1918  4.795000 -0.532807067635
1919  4.797500 -0.557968017351
1920  4.800000 -0.566748969555
1921  4.802500 -0.554601155813
1922  4.805000 -0.527879032589
1923  4.807500 -0.496181987470
1924  4.810000 -0.465308009415
1925  4.812500 -0.437544777393
1926  4.815000 -0.413458418554
1927  4.817500 -0.392962988254
1928  4.820000 -0.375796546220
1929  4.822500 -0.361674487939
1930  4.825000 -0.350344475662
1931  4.827500 -0.341590042105
1932  4.830000 -0.335261975203
1933  4.832500 -0.331242464809
1934  4.835000 -0.329464957311
1935  4.837500 -0.329892940207
1936  4.840000 -0.332517825022
1937  4.842500 -0.337393188572
1938  4.845000 -0.344581222654
1939  4.847500 -0.354213381242
1940  4.850000 -0.366429202972
1941  4.852500 -0.381436178086
1942  4.855000 -0.399473568600
1943  4.857500 -0.420753432325
1944  4.860000 -0.445416031083
1945  4.862500 -0.473213203130
1946  4.865000 -0.502888530157
1947  4.867500 -0.530907678504
1948  4.870000 -0.550240266361
1949  4.872500 -0.552733877623
1950  4.875000 -0.536947335190
1951  4.877500 -0.509909094508
1952  4.880000 -0.479535978956
1953  4.882500 -0.450324439164
1954  4.885000 -0.424026084336
1955  4.887500 -0.401076185021
1956  4.890000 -0.381403464053
1957  4.892500 -0.364769933126
1958  4.895000 -0.350914115054
1959  4.897500 -0.339612574936
1960  4.900000 -0.330665964454
1961  4.902500 -0.323918098103
1962  4.905000 -0.319250538871
1963  4.907500 -0.316577102886
1964  4.910000 -0.315834797790
1965  4.912500 -0.316986727786
1966  4.915000 -0.320018410004
1967  4.917500 -0.324932445398
1968  4.920000 -0.331750475568
1969  4.922500 -0.340500319382
1970  4.925000 -0.351202334207
1971  4.927500 -0.363854231037
1972  4.930000 -0.378406877536
1973  4.932500 -0.394666016900
1974  4.935000 -0.412216004504
1975  4.937500 -0.430230481661
1976  4.940000 -0.447246062612
1977  4.942500 -0.461091054464
1978  4.945000 -0.469203745232
1979  4.947500 -0.469698617080
1980  4.950000 -0.462502012656
1981  4.952500 -0.449421183717
1982  4.955000 -0.433016258050
1983  4.957500 -0.415522948334
1984  4.960000 -0.398454049015
1985  4.962500 -0.382683947290
1986  4.965000 -0.368655872878
1987  4.967500 -0.356561371797
1988  4.970000 -0.346466218563
1989  4.972500 -0.338374701272
1990  4.975000 -0.332261474630
1991  4.977500 -0.328106656215
1992  4.980000 -0.325888319013
1993  4.982500 -0.325608997507
1994  4.985000 -0.327276287052
1995  4.987500 -0.330924688864
1996  4.990000 -0.336604153040
1997  4.992500 -0.344390378257
1998  4.995000 -0.354365460034
1999  4.997500 -0.366619320110
2000  5.000000 -0.381226375431
2001  5.002500 -0.398192573848
2002  5.005000 -0.417354382350
2003  5.007500 -0.438162735512
2004  5.010000 -0.459326021311
2005  5.012500 -0.478332974465
2006  5.015000 -0.491325268887
2007  5.017500 -0.494406449828
2008  5.020000 -0.486316429720
2009  5.022500 -0.469532873430
2010  5.025000 -0.448216958988
2011  5.027500 -0.425820034902
2012  5.030000 -0.404363386416
2013  5.032500 -0.384831326288
2014  5.035000 -0.367602827855
2015  5.037500 -0.352756185950
2016  5.040000 -0.340236349102
2017  5.042500 -0.329967897364
2018  5.045000 -0.321839808377
2019  5.047500 -0.315771597793
2020  5.050000 -0.311695654033
2021  5.052500 -0.309561710819
2022  5.055000 -0.309338843625
2023  5.057500 -0.311025212571
2024  5.060000 -0.314637156226
2025  5.062500 -0.320207324317
2026  5.065000 -0.327796629453
2027  5.067500 -0.337487253773
2028  5.070000 -0.349365563544
2029  5.072500 -0.363523281709
2030  5.075000 -0.380016398810
2031  5.077500 -0.398798130496
2032  5.080000 -0.419582590198
2033  5.082500 -0.441577397533
2034  5.085000 -0.463026430254
2035  5.087500 -0.480801293451
2036  5.090000 -0.490726272129
2037  5.092500 -0.489679731272
2038  5.095000 -0.478094443567
2039  5.097500 -0.459587283970
2040  5.100000 -0.438235749386
2041  5.102500 -0.416836799885
2042  5.105000 -0.396886069683
2043  5.107500 -0.379022574446
2044  5.110000 -0.363451689527
2045  5.112500 -0.350170906828
2046  5.115000 -0.339096717539
2047  5.117500 -0.330122864686
2048  5.120000 -0.323145406571
2049  5.122500 -0.318076133436
2050  5.125000 -0.314829550799
2051  5.127500 -0.313356766360
2052  5.130000 -0.313616418396
2053  5.132500 -0.315579959970
2054  5.135000 -0.319234399526
2055  5.137500 -0.324578714585
2056  5.140000 -0.331612949841
2057  5.142500 -0.340332092612
2058  5.145000 -0.350705991408
2059  5.147500 -0.362660230178
2060  5.150000 -0.376033954673
2061  5.152500 -0.390499559359
2062  5.155000 -0.405466627814
2063  5.157500 -0.419967256787
2064  5.160000 -0.432565323262
2065  5.162500 -0.441510210513
2066  5.165000 -0.445205448207
2067  5.167500 -0.442918718185
2068  5.170000 -0.435212061504
2069  5.172500 -0.423595471106
2070  5.175000 -0.409851521684
2071  5.177500 -0.395479421316
2072  5.180000 -0.381517267576
2073  5.182500 -0.368603061761
2074  5.185000 -0.357096949658
2075  5.187500 -0.347180733481
2076  5.190000 -0.338935875316
2077  5.192500 -0.332396063656
2078  5.195000 -0.327568528853
2079  5.197500 -0.324448651495
2080  5.200000 -0.323037323073
2081  5.202500 -0.323351348438
2082  5.205000 -0.325411212561
2083  5.207500 -0.329253971288
2084  5.210000 -0.334936860895
2085  5.212500 -0.342534877653
2086  5.215000 -0.352135916653
2087  5.217500 -0.363840919855
2088  5.220000 -0.377738351115
2089  5.222500 -0.393886950889
2090  5.225000 -0.412236393733
2091  5.227500 -0.432459646447
2092  5.230000 -0.453686962398
2093  5.232500 -0.474049099759
2094  5.235000 -0.490274082976
2095  5.237500 -0.498252134835
2096  5.240000 -0.495300988982
2097  5.242500 -0.482427684088
2098  5.245000 -0.463443720456
2099  5.247500 -0.442225895813
2100  5.250000 -0.421297069158
2101  5.252500 -0.401970865304
2102  5.255000 -0.384792773557
2103  5.257500 -0.369920093759
2104  5.260000 -0.357351778768
2105  5.262500 -0.347011724435
2106  5.265000 -0.338805712197
2107  5.267500 -0.332656314375
2108  5.270000 -0.328489382995
2109  5.272500 -0.326269085845
2110  5.275000 -0.325967039388
2111  5.277500 -0.327592802430
2112  5.280000 -0.331172397964
2113  5.282500 -0.336754512546
2114  5.285000 -0.344419914669
2115  5.287500 -0.354261743924
2116  5.290000 -0.366386775659
2117  5.292500 -0.380896498775
2118  5.295000 -0.397826959020
2119  5.297500 -0.417044145472
2120  5.300000 -0.437997277780
2121  5.302500 -0.459283077011
2122  5.305000 -0.478041050530
2123  5.307500 -0.489851409072
2124  5.310000 -0.490520752208
2125  5.312500 -0.479423592129
2126  5.315000 -0.460118509055
2127  5.317500 -0.437269238414
2128  5.320000 -0.414185722188
2129  5.322500 -0.392582603701
2130  5.325000 -0.373171206798
2131  5.327500 -0.356147524623
2132  5.330000 -0.341503229051
2133  5.332500 -0.329122617677
2134  5.335000 -0.318894659699
2135  5.337500 -0.310700499549
2136  5.340000 -0.304443411952
2137  5.342500 -0.300046562680
2138  5.345000 -0.297455543692
2139  5.347500 -0.296644554912
2140  5.350000 -0.297603166419
2141  5.352500 -0.300350338237
2142  5.355000 -0.304922810505
2143  5.357500 -0.311382435600
2144  5.360000 -0.319818161488
2145  5.362500 -0.330341153360
2146  5.365000 -0.343092050953
2147  5.367500 -0.358206092058
2148  5.370000 -0.375805915471
2149  5.372500 -0.395911060958
2150  5.375000 -0.418256584889
2151  5.377500 -0.441900981201
2152  5.380000 -0.464577047594
2153  5.382500 -0.481999304059
2154  5.385000 -0.488774430043
2155  5.387500 -0.482164308126
2156  5.390000 -0.464892153059
2157  5.392500 -0.442366270208
2158  5.395000 -0.418886710385
2159  5.397500 -0.396741777299
2160  5.400000 -0.376868304494
2161  5.402500 -0.359531383678
2162  5.405000 -0.344713121824
2163  5.407500 -0.332289067855
2164  5.410000 -0.322119165290
2165  5.412500 -0.314069949309
2166  5.415000 -0.308032911498
2167  5.417500 -0.303922455791
2168  5.420000 -0.301686609123
2169  5.422500 -0.301295147648
2170  5.425000 -0.302754250187
2171  5.427500 -0.306090762765
2172  5.430000 -0.311371361778
2173  5.432500 -0.318692142246
2174  5.435000 -0.328192759378
2175  5.437500 -0.340079065344
2176  5.440000 -0.354605397708
2177  5.442500 -0.372121262401
2178  5.445000 -0.393054328608
2179  5.447500 -0.417921748615
2180  5.450000 -0.447255275720
2181  5.452500 -0.481193145626
2182  5.455000 -0.518114859338
2183  5.457500 -0.551081785981
2184  5.460000 -0.564778743061
2185  5.462500 -0.549312506110
2186  5.465000 -0.516117517231
2187  5.467500 -0.479984808609
2188  5.470000 -0.447190664325
2189  5.472500 -0.419079615686
2190  5.475000 -0.395450905483
2191  5.477500 -0.375769081541
2192  5.480000 -0.359519702931
2193  5.482500 -0.346275801951
2194  5.485000 -0.335707534431
2195  5.487500 -0.327563332849
2196  5.490000 -0.321659306612
2197  5.492500 -0.317860497559
2198  5.495000 -0.316084560237
2199  5.497500 -0.316279602526
2200  5.500000 -0.318429946450
2201  5.502500 -0.322552994158
2202  5.505000 -0.328703365120
2203  5.507500 -0.336946744316
2204  5.510000 -0.347399637742
2205  5.512500 -0.360181700963
2206  5.515000 -0.375430631117
2207  5.517500 -0.393229875748
2208  5.520000 -0.413517531542
2209  5.522500 -0.435832304352
2210  5.525000 -0.458800348584
2211  5.527500 -0.479417933881
2212  5.530000 -0.492683592055
2213  5.532500 -0.493732432475
2214  5.535000 -0.482091816384
2215  5.537500 -0.462176228713
2216  5.540000 -0.439204337673
2217  5.542500 -0.416537223997
2218  5.545000 -0.395758556863
2219  5.547500 -0.377418538413
2220  5.550000 -0.361610229577
2221  5.552500 -0.348247709104
2222  5.555000 -0.337178198026
2223  5.557500 -0.328262639936
2224  5.560000 -0.321363952789
2225  5.562500 -0.316377772816
2226  5.565000 -0.313217774403
2227  5.567500 -0.311826062905
2228  5.570000 -0.312154909834
2229  5.572500 -0.314189290238
2230  5.575000 -0.317926695466
2231  5.577500 -0.323371250616
2232  5.580000 -0.330542229367
2233  5.582500 -0.339454968611
2234  5.585000 -0.350113282932
2235  5.587500 -0.362473906070
2236  5.590000 -0.376390472673
2237  5.592500 -0.391559097914
2238  5.595000 -0.407335977275
2239  5.597500 -0.422579335850
2240  5.600000 -0.435527865761
2241  5.602500 -0.444002445782
2242  5.605000 -0.446146228983
2243  5.607500 -0.441485369340
2244  5.610000 -0.431262806760
2245  5.612500 -0.417615310321
2246  5.615000 -0.402588036283
2247  5.617500 -0.387659339397
2248  5.620000 -0.373696684487
2249  5.622500 -0.361157242337
2250  5.625000 -0.350268347814
2251  5.627500 -0.341103131651
2252  5.630000 -0.333669546194
2253  5.632500 -0.327952615600
2254  5.635000 -0.323925662083
2255  5.637500 -0.321571948572
2256  5.640000 -0.320872418673
2257  5.642500 -0.321825467077
2258  5.645000 -0.324454770333
2259  5.647500 -0.328782401496
2260  5.650000 -0.334856374404
2261  5.652500 -0.342725360449
2262  5.655000 -0.352442191835
2263  5.657500 -0.364051104086
2264  5.660000 -0.377545214179
2265  5.662500 -0.392805215680
2266  5.665000 -0.409468443369
2267  5.667500 -0.426706331573
2268  5.670000 -0.442936156091
2269  5.672500 -0.455629967610
2270  5.675000 -0.461808810055
2271  5.677500 -0.459527133496
2272  5.680000 -0.449329222147
2273  5.682500 -0.433815625551
2274  5.685000 -0.415919904415
2275  5.687500 -0.397794587355
2276  5.690000 -0.380673681146
2277  5.692500 -0.365161180318
2278  5.695000 -0.351489176640
2279  5.697500 -0.339729361276
2280  5.700000 -0.329849752393
2281  5.702500 -0.321810850867
2282  5.705000 -0.315543290666
2283  5.707500 -0.311004504660
2284  5.710000 -0.308159963348
2285  5.712500 -0.306993046668
2286  5.715000 -0.307507517548
2287  5.717500 -0.309722517698
2288  5.720000 -0.313691579463
2289  5.722500 -0.319488947348
2290  5.725000 -0.327221474455
2291  5.727500 -0.337022960261
2292  5.730000 -0.349070442983
2293  5.732500 -0.363574721247
2294  5.735000 -0.380757011681
2295  5.737500 -0.400811280337
2296  5.740000 -0.423742288539
2297  5.742500 -0.448977216252
2298  5.745000 -0.474472968287
2299  5.747500 -0.495313463010
2300  5.750000 -0.503890843868
2301  5.752500 -0.495631268985
2302  5.755000 -0.474514344022
2303  5.757500 -0.448222336499
2304  5.760000 -0.421949474905
2305  5.762500 -0.397911655008
2306  5.765000 -0.376760254962
2307  5.767500 -0.358502618282
2308  5.770000 -0.342946608944
2309  5.772500 -0.329852932522
2310  5.775000 -0.319010014106
2311  5.777500 -0.310227927005
2312  5.780000 -0.303357492306
2313  5.782500 -0.298286724520
2314  5.785000 -0.294924256854
2315  5.787500 -0.293203448853
2316  5.790000 -0.293092046249
2317  5.792500 -0.294564136140
2318  5.795000 -0.297617059562
2319  5.797500 -0.302262293139
2320  5.800000 -0.308516879136
2321  5.802500 -0.316411823419
2322  5.805000 -0.325975112151
2323  5.807500 -0.337198543175
2324  5.810000 -0.350032987773
2325  5.812500 -0.364311280570
2326  5.815000 -0.379657725605
2327  5.817500 -0.395320063869
2328  5.820000 -0.410017956587
2329  5.822500 -0.421832349748
2330  5.825000 -0.428593851597
2331  5.827500 -0.428790943606
2332  5.830000 -0.422541786602
2333  5.832500 -0.411487525540
2334  5.835000 -0.397824585838
2335  5.837500 -0.383404298984
2336  5.840000 -0.369463682560
2337  5.842500 -0.356698670812
2338  5.845000 -0.345462941885
2339  5.847500 -0.335904350545
2340  5.850000 -0.328078744003
2341  5.852500 -0.321985565304
2342  5.855000 -0.317614211475
2343  5.857500 -0.314952077160
2344  5.860000 -0.313997800241
2345  5.862500 -0.314763683632
2346  5.865000 -0.317281068585
2347  5.867500 -0.321615983643
2348  5.870000 -0.327863831272
2349  5.872500 -0.336149398475
2350  5.875000 -0.346659119997
2351  5.877500 -0.359623566998
2352  5.880000 -0.375361810201
2353  5.882500 -0.394280108137
2354  5.885000 -0.416859127696
2355  5.887500 -0.443610075578
2356  5.890000 -0.474717345487
2357  5.892500 -0.508880361571
2358  5.895000 -0.540038353735
2359  5.897500 -0.554021341514
2360  5.900000 -0.540504948170
2361  5.902500 -0.509579920884
2362  5.905000 -0.475492530989
2363  5.907500 -0.444469038982
2364  5.910000 -0.417839368104
2365  5.912500 -0.395426805177
2366  5.915000 -0.376710252054
2367  5.917500 -0.361210414251
2368  5.920000 -0.348517538766
2369  5.922500 -0.338316294997
2370  5.925000 -0.330374061251
2371  5.927500 -0.324513025989
2372  5.930000 -0.320607233928
2373  5.932500 -0.318577688403
2374  5.935000 -0.318375420287
2375  5.937500 -0.319987353585
2376  5.940000 -0.323433831083
2377  5.942500 -0.328768034311
2378  5.945000 -0.336057882884
2379  5.947500 -0.345416445778
2380  5.950000 -0.356965042784
2381  5.952500 -0.370847050589
2382  5.955000 -0.387157937386
2383  5.957500 -0.405863738497
2384  5.960000 -0.426549900010
2385  5.962500 -0.447917190100
2386  5.965000 -0.466995525296
2387  5.967500 -0.478802194671
2388  5.970000 -0.478538031106
2389  5.972500 -0.466003490479
2390  5.975000 -0.445810045871
2391  5.977500 -0.423065180374
2392  5.980000 -0.400857214551
2393  5.982500 -0.380583316188
2394  5.985000 -0.362678344306
2395  5.987500 -0.347188580051
2396  5.990000 -0.334000898000
2397  5.992500 -0.322964413217
2398  5.995000 -0.313930791053
2399  5.997500 -0.306775864161
2400  6.000000 -0.301400078762
2401  6.002500 -0.297729662345
2402  6.005000 -0.295707992865
2403  6.007500 -0.295309135197
2404  6.010000 -0.296525806438
2405  6.012500 -0.299375401107
2406  6.015000 -0.303893956241
2407  6.017500 -0.310142942051
2408  6.020000 -0.318207538268
2409  6.022500 -0.328198323004
2410  6.025000 -0.340247399660
2411  6.027500 -0.354491139925
2412  6.030000 -0.371036997820
2413  6.032500 -0.389888676168
2414  6.035000 -0.410740282577
2415  6.037500 -0.432546379146
2416  6.040000 -0.452847345245
2417  6.042500 -0.467209375010
2418  6.045000 -0.470684949748
2419  6.047500 -0.461871869132
2420  6.050000 -0.444413034995
2421  6.052500 -0.423403261254
2422  6.055000 -0.402340850057
2423  6.057500 -0.382899288028
2424  6.060000 -0.365679345191
2425  6.062500 -0.350805066005
2426  6.065000 -0.338205550163
2427  6.067500 -0.327741477490
2428  6.070000 -0.319285511892
2429  6.072500 -0.312714563553
2430  6.075000 -0.307924843751
2431  6.077500 -0.304852155795
2432  6.080000 -0.303452026021
2433  6.082500 -0.303702681536
2434  6.085000 -0.305610933594
2435  6.087500 -0.309206678862
2436  6.090000 -0.314556611331
2437  6.092500 -0.321755726160
2438  6.095000 -0.330942588447
2439  6.097500 -0.342304358824
2440  6.100000 -0.356077287628
2441  6.102500 -0.372578961526
2442  6.105000 -0.392184265037
2443  6.107500 -0.415291219318
2444  6.110000 -0.442151401922
2445  6.112500 -0.472249233491
2446  6.115000 -0.502532496883
2447  6.117500 -0.524311692622
2448  6.120000 -0.525372588498
2449  6.122500 -0.505020631467
2450  6.125000 -0.475184852033
2451  6.127500 -0.445115000411
2452  6.130000 -0.418187667877
2453  6.132500 -0.395050507890
2454  6.135000 -0.375462829587
2455  6.137500 -0.359028594778
2456  6.140000 -0.345349472761
2457  6.142500 -0.334112378762
2458  6.145000 -0.325063493111
2459  6.147500 -0.318003806906
2460  6.150000 -0.312791459203
2461  6.152500 -0.309320386652
2462  6.155000 -0.307506569055
2463  6.157500 -0.307309567228
2464  6.160000 -0.308705502581
2465  6.162500 -0.311689746400
2466  6.165000 -0.316277853450
2467  6.167500 -0.322497973945
2468  6.170000 -0.330388425798
2469  6.172500 -0.339986377191
2470  6.175000 -0.351302056469
2471  6.177500 -0.364275539233
2472  6.180000 -0.378714484318
2473  6.182500 -0.394135349573
2474  6.185000 -0.409560619307
2475  6.187500 -0.423269754228
2476  6.190000 -0.432842662557
2477  6.192500 -0.435894773129
2478  6.195000 -0.431496209881
2479  6.197500 -0.420902326889
2480  6.200000 -0.406593087172
2481  6.202500 -0.390912106976
2482  6.205000 -0.375452602241
2483  6.207500 -0.361091823102
2484  6.210000 -0.348261827202
2485  6.212500 -0.337121457360
2486  6.215000 -0.327710347308
2487  6.217500 -0.320003425595
2488  6.220000 -0.313965924751
2489  6.222500 -0.309549774500
2490  6.225000 -0.306721863106
2491  6.227500 -0.305464475460
2492  6.230000 -0.305770706819
2493  6.232500 -0.307654043340
2494  6.235000 -0.311146000571
2495  6.237500 -0.316300644315
2496  6.240000 -0.323190323362
2497  6.242500 -0.331908114570
2498  6.245000 -0.342569014796
2499  6.247500 -0.355290116744
2500  6.250000 -0.370171362216
2501  6.252500 -0.387227000727
2502  6.255000 -0.406211765257
2503  6.257500 -0.426329267312
2504  6.260000 -0.445624396547
2505  6.262500 -0.460454638143
2506  6.265000 -0.466245188943
2507  6.267500 -0.460709328800
2508  6.270000 -0.446108204348
2509  6.272500 -0.427024641034
2510  6.275000 -0.407119697096
2511  6.277500 -0.388364344671
2512  6.280000 -0.371581916398
2513  6.282500 -0.357000764094
2514  6.285000 -0.344618808272
2515  6.287500 -0.334336759362
2516  6.290000 -0.326032770365
2517  6.292500 -0.319606661878
2518  6.295000 -0.314968254135
2519  6.297500 -0.312048374795
2520  6.300000 -0.310807552132
2521  6.302500 -0.311231792196
2522  6.305000 -0.313325267338
2523  6.307500 -0.317119728371
2524  6.310000 -0.322673917419
2525  6.312500 -0.330069001413
2526  6.315000 -0.339415010119
2527  6.317500 -0.350833156890
2528  6.320000 -0.364470346131
2529  6.322500 -0.380416916686
2530  6.325000 -0.398631078913
2531  6.327500 -0.418719357857
2532  6.330000 -0.439363664172
2533  6.332500 -0.457651860771
2534  6.335000 -0.468717549663
2535  6.337500 -0.468098948425
2536  6.340000 -0.455958667940
2537  6.342500 -0.436888117396
2538  6.345000 -0.415701188016
2539  6.347500 -0.395205907654
2540  6.350000 -0.376621200726
2541  6.352500 -0.360330617046
2542  6.355000 -0.346348919430
2543  6.357500 -0.334567010351
2544  6.360000 -0.324847666456
2545  6.362500 -0.317053821457
2546  6.365000 -0.311068983823
2547  6.367500 -0.306817573614
2548  6.370000 -0.304228932343
2549  6.372500 -0.303268647912
2550  6.375000 -0.303932289323
2551  6.377500 -0.306231637815
2552  6.380000 -0.310207454723
2553  6.382500 -0.315932027386
2554  6.385000 -0.323495948812
2555  6.387500 -0.333039496449
2556  6.390000 -0.344713575928
2557  6.392500 -0.358719752940
2558  6.395000 -0.375225732915
2559  6.397500 -0.394307723590
2560  6.400000 -0.415746811688
2561  6.402500 -0.438402622609
2562  6.405000 -0.459183203630
2563  6.407500 -0.472242234599
2564  6.410000 -0.471575173766
2565  6.412500 -0.457271909325
2566  6.415000 -0.435388598522
2567  6.417500 -0.411754075151
2568  6.420000 -0.389374761779
2569  6.422500 -0.369351605762
2570  6.425000 -0.351920960191
2571  6.427500 -0.336970020536
2572  6.430000 -0.324309289430
2573  6.432500 -0.313742571199
2574  6.435000 -0.305094857076
2575  6.437500 -0.298227566216
2576  6.440000 -0.293029428736
2577  6.442500 -0.289407405837
2578  6.445000 -0.287311940180
2579  6.447500 -0.286696652118
2580  6.450000 -0.287548945181
2581  6.452500 -0.289871620643
2582  6.455000 -0.293682643084
2583  6.457500 -0.299018715809
2584  6.460000 -0.305931804091
2585  6.462500 -0.314490094047
2586  6.465000 -0.324768597117
2587  6.467500 -0.336827675392
2588  6.470000 -0.350685009866
2589  6.472500 -0.366238548127
2590  6.475000 -0.383136273479
2591  6.477500 -0.400492401974
2592  6.480000 -0.416526832492
2593  6.482500 -0.428406015673
2594  6.485000 -0.433024248663
2595  6.487500 -0.428954215219
2596  6.490000 -0.417711644932
2597  6.492500 -0.402463370153
2598  6.495000 -0.386008342846
2599  6.497500 -0.370087656700
2600  6.500000 -0.355563729996
2601  6.502500 -0.342779883348
2602  6.505000 -0.331839999160
2603  6.507500 -0.322724682293
2604  6.510000 -0.315372060064
2605  6.512500 -0.309712787560
2606  6.515000 -0.305690727251
2607  6.517500 -0.303256787385
2608  6.520000 -0.302389177425
2609  6.522500 -0.303080717481
2610  6.525000 -0.305347975230
2611  6.527500 -0.309235104031
2612  6.530000 -0.314811379050
2613  6.532500 -0.322171897651
2614  6.535000 -0.331456028046
2615  6.537500 -0.342841544636
2616  6.540000 -0.356549512678
2617  6.542500 -0.372853324491
2618  6.545000 -0.392026093590
2619  6.547500 -0.414245019608
2620  6.550000 -0.439215535172
2621  6.552500 -0.465254145506
2622  6.555000 -0.487388187099
2623  6.557500 -0.496797850998
2624  6.560000 -0.487998617630
2625  6.562500 -0.466351599446
2626  6.565000 -0.440721552051
2627  6.567500 -0.416155053791
2628  6.570000 -0.394349063794
2629  6.572500 -0.375613062309
2630  6.575000 -0.359775104649
2631  6.577500 -0.346545468670
2632  6.580000 -0.335661781841
2633  6.582500 -0.326891700163
2634  6.585000 -0.320060967409
2635  6.587500 -0.315033392239
2636  6.590000 -0.311712228986
2637  6.592500 -0.310034634600
2638  6.595000 -0.309967564034
2639  6.597500 -0.311499745623
2640  6.600000 -0.314656852329
2641  6.602500 -0.319483889095
2642  6.605000 -0.326059780503
2643  6.607500 -0.334494816685
2644  6.610000 -0.344930166380
2645  6.612500 -0.357531356773
2646  6.615000 -0.372467862333
2647  6.617500 -0.389874971014
2648  6.620000 -0.409658443698
2649  6.622500 -0.431149110758
2650  6.625000 -0.452270238158
2651  6.627500 -0.468467033735
2652  6.630000 -0.473509286714
2653  6.632500 -0.464674739320
2654  6.635000 -0.446014326675
2655  6.637500 -0.423681904213
2656  6.640000 -0.401628050615
2657  6.642500 -0.381523614561
2658  6.645000 -0.363852436631
2659  6.647500 -0.348617693801
2660  6.650000 -0.335663884846
2661  6.652500 -0.324810095435
2662  6.655000 -0.315880932846
2663  6.657500 -0.308728679216
2664  6.660000 -0.303237295293
2665  6.662500 -0.299321482507
2666  6.665000 -0.296919031888
2667  6.667500 -0.295989882890
2668  6.670000 -0.296515944553
2669  6.672500 -0.298496375089
2670  6.675000 -0.301950311276
2671  6.677500 -0.306916922353
2672  6.680000 -0.313457694218
2673  6.682500 -0.321637718817
2674  6.685000 -0.331542998872
2675  6.687500 -0.343237522405
2676  6.690000 -0.356757049736
2677  6.692500 -0.372027143032
2678  6.695000 -0.388691749049
2679  6.697500 -0.405859126764
2680  6.700000 -0.421683313853
2681  6.702500 -0.433120311791
2682  6.705000 -0.436884944032
2683  6.707500 -0.431664046360
2684  6.710000 -0.419349130375
2685  6.712500 -0.403337555257
2686  6.715000 -0.386473179733
2687  6.717500 -0.370375945001
2688  6.720000 -0.355813898019
2689  6.722500 -0.343070997830
2690  6.725000 -0.332196937156
2691  6.727500 -0.323149142492
2692  6.730000 -0.315857169174
2693  6.732500 -0.310240915986
2694  6.735000 -0.306253868769
2695  6.737500 -0.303847161972
2696  6.740000 -0.302995229432
2697  6.742500 -0.303705276229
2698  6.745000 -0.306000889955
2699  6.747500 -0.309940162957
2700  6.750000 -0.315608987799
2701  6.752500 -0.323139362085
2702  6.755000 -0.332703087110
2703  6.757500 -0.344545232796
2704  6.760000 -0.358990923405
2705  6.762500 -0.376459796206
2706  6.765000 -0.397501115335
2707  6.767500 -0.422726787484
2708  6.770000 -0.452490011174
2709  6.772500 -0.485446577997
2710  6.775000 -0.514240847403
2711  6.777500 -0.521915635054
2712  6.780000 -0.501520417261
2713  6.782500 -0.468848290587
2714  6.785000 -0.436722296517
2715  6.787500 -0.408844779138
2716  6.790000 -0.385430936218
2717  6.792500 -0.365919698703
2718  6.795000 -0.349711457059
2719  6.797500 -0.336306934599
2720  6.800000 -0.325325391391
2721  6.802500 -0.316476303050
2722  6.805000 -0.309555447687
2723  6.807500 -0.304391114331
2724  6.810000 -0.300874288788
2725  6.812500 -0.298920261900
2726  6.815000 -0.298489599540
2727  6.817500 -0.299546535681
2728  6.820000 -0.302091896334
2729  6.822500 -0.306143810141
2730  6.825000 -0.311735646817
2731  6.827500 -0.318918925861
2732  6.830000 -0.327755867844
2733  6.832500 -0.338294626979
2734  6.835000 -0.350557730642
2735  6.837500 -0.364468281290
2736  6.840000 -0.379729672958
2737  6.842500 -0.395593383678
2738  6.845000 -0.410535375017
2739  6.847500 -0.422046754883
2740  6.850000 -0.427122421870
2741  6.852500 -0.424063247142
2742  6.855000 -0.413875003198
2743  6.857500 -0.399415995711
2744  6.860000 -0.383444050247
2745  6.862500 -0.367756085038
2746  6.865000 -0.353262102887
2747  6.867500 -0.340361171434
2748  6.870000 -0.329158245123
2749  6.872500 -0.319658174682
2750  6.875000 -0.311792186416
2751  6.877500 -0.305501781801
2752  6.880000 -0.300708868537
2753  6.882500 -0.297371478873
2754  6.885000 -0.295451838878
2755  6.887500 -0.294922502667
2756  6.890000 -0.295786028305
2757  6.892500 -0.298056488748
2758  6.895000 -0.301762563030
2759  6.897500 -0.306958504237
2760  6.900000 -0.313710569398
2761  6.902500 -0.322115974557
2762  6.905000 -0.332282554211
2763  6.907500 -0.344334535246
2764  6.910000 -0.358385741293
2765  6.912500 -0.374457025455
2766  6.915000 -0.392382949055
2767  6.917500 -0.411463582904
2768  6.920000 -0.429891804999
2769  6.922500 -0.444218653406
2770  6.925000 -0.449965688532
2771  6.927500 -0.444846490492
2772  6.930000 -0.431166161081
2773  6.932500 -0.413406536888
2774  6.935000 -0.395048316715
2775  6.937500 -0.377883203004
2776  6.940000 -0.362606612242
2777  6.942500 -0.349406823628
2778  6.945000 -0.338248452500
2779  6.947500 -0.329028597937
2780  6.950000 -0.321632634249
2781  6.952500 -0.315957168063
2782  6.955000 -0.311922788963
2783  6.957500 -0.309460902658
2784  6.960000 -0.308548679628
2785  6.962500 -0.309168591220
2786  6.965000 -0.311342320506
2787  6.967500 -0.315107245315
2788  6.970000 -0.320533777948
2789  6.972500 -0.327726136588
2790  6.975000 -0.336815898052
2791  6.977500 -0.347993340225
2792  6.980000 -0.361475616559
2793  6.982500 -0.377506995401
2794  6.985000 -0.396303116428
2795  6.987500 -0.417838293765
2796  6.990000 -0.441321298761
2797  6.992500 -0.463864477858
2798  6.995000 -0.478908041463
2799  6.997500 -0.478771407646
2800  7.000000 -0.463442030110
2801  7.002500 -0.440554374344
2802  7.005000 -0.416709241440
2803  7.007500 -0.394810082221
2804  7.010000 -0.375658340420
2805  7.012500 -0.359279657739
2806  7.015000 -0.345455484821
2807  7.017500 -0.333924480947
2808  7.020000 -0.324456872775
2809  7.022500 -0.316872711448
2810  7.025000 -0.311014787843
2811  7.027500 -0.306777289735
2812  7.030000 -0.304082958766
2813  7.032500 -0.302872764109
2814  7.035000 -0.303119215354
2815  7.037500 -0.304819050927
2816  7.040000 -0.307977537680
2817  7.042500 -0.312624083369
2818  7.045000 -0.318804268898
2819  7.047500 -0.326571612517
2820  7.050000 -0.335980350035
2821  7.052500 -0.347054307251
2822  7.055000 -0.359744063149
2823  7.057500 -0.373811706179
2824  7.060000 -0.388651332778
2825  7.062500 -0.402970277951
2826  7.065000 -0.414528286053
2827  7.067500 -0.420453753207
2828  7.070000 -0.418697314244
2829  7.072500 -0.409676247394
2830  7.075000 -0.395908978980
2831  7.077500 -0.380176367459
2832  7.080000 -0.364419656485
2833  7.082500 -0.349669992303
2834  7.085000 -0.336386473566
2835  7.087500 -0.324722679916
2836  7.090000 -0.314697257061
2837  7.092500 -0.306266112989
2838  7.095000 -0.299349382559
2839  7.097500 -0.293897967416
2840  7.100000 -0.289854985216
2841  7.102500 -0.287177174660
2842  7.105000 -0.285846215218
2843  7.107500 -0.285856724912
2844  7.110000 -0.287218212465
2845  7.112500 -0.289963959473
2846  7.115000 -0.294150011037
2847  7.117500 -0.299862212206
2848  7.120000 -0.307200768134
2849  7.122500 -0.316315815149
2850  7.125000 -0.327397986709
2851  7.127500 -0.340686477661
2852  7.130000 -0.356476106112
2853  7.132500 -0.375079127864
2854  7.135000 -0.396715698376
2855  7.137500 -0.421143857292
2856  7.140000 -0.446533776249
2857  7.142500 -0.467266263920
2858  7.145000 -0.473672842563
2859  7.147500 -0.461556604484
2860  7.150000 -0.438506398680
2861  7.152500 -0.413309443371
2862  7.155000 -0.390027985914
2863  7.157500 -0.369759761850
2864  7.160000 -0.352515137792
2865  7.162500 -0.338024037138
2866  7.165000 -0.325968993078
2867  7.167500 -0.316086844737
2868  7.170000 -0.308154616202
2869  7.172500 -0.302008201128
2870  7.175000 -0.297527058716
2871  7.177500 -0.294620499177
2872  7.180000 -0.293237107759
2873  7.182500 -0.293353498399
2874  7.185000 -0.294969303529
2875  7.187500 -0.298121639655
2876  7.190000 -0.302868867348
2877  7.192500 -0.309312509759
2878  7.195000 -0.317592384856
2879  7.197500 -0.327904891983
2880  7.200000 -0.340521501980
2881  7.202500 -0.355801845752
2882  7.205000 -0.374223497633
2883  7.207500 -0.396374554474
2884  7.210000 -0.422854093651
2885  7.212500 -0.453599179332
2886  7.215000 -0.485338471531
2887  7.217500 -0.505693937906
2888  7.220000 -0.498533839434
2889  7.222500 -0.470547921789
2890  7.225000 -0.438772031814
2891  7.227500 -0.410350750146
2892  7.230000 -0.386412898134
2893  7.232500 -0.366548299730
2894  7.235000 -0.350133053433
2895  7.237500 -0.336621009570
2896  7.240000 -0.325599183157
2897  7.242500 -0.316751803376
2898  7.245000 -0.309846623103
2899  7.247500 -0.304710971038
2900  7.250000 -0.301224763942
2901  7.252500 -0.299312261748
2902  7.255000 -0.298919356169
2903  7.257500 -0.300029707772
2904  7.260000 -0.302655058267
2905  7.262500 -0.306826172227
2906  7.265000 -0.312603007656
2907  7.267500 -0.320080930060
2908  7.270000 -0.329371038306
2909  7.272500 -0.340622255361
2910  7.275000 -0.353982176557
2911  7.277500 -0.369569546925
2912  7.280000 -0.387332512433
2913  7.282500 -0.406753639482
2914  7.285000 -0.426155863924
2915  7.287500 -0.441792336794
2916  7.290000 -0.448164592816
2917  7.292500 -0.442151311781
2918  7.295000 -0.426622718012
2919  7.297500 -0.407080294172
2920  7.300000 -0.387409034201
2921  7.302500 -0.369349475694
2922  7.305000 -0.353453642488
2923  7.307500 -0.339776454211
2924  7.310000 -0.328198635142
2925  7.312500 -0.318560501606
2926  7.315000 -0.310712107196
2927  7.317500 -0.304520642290
2928  7.320000 -0.299882013438
2929  7.322500 -0.296717034623
2930  7.325000 -0.294975564324
2931  7.327500 -0.294627877510
2932  7.330000 -0.295660776064
2933  7.332500 -0.298083519118
2934  7.335000 -0.301927659917
2935  7.337500 -0.307242993879
2936  7.340000 -0.314110752729
2937  7.342500 -0.322617193780
2938  7.345000 -0.332877703583
2939  7.347500 -0.345000005288
2940  7.350000 -0.359069338455
2941  7.352500 -0.375051802012
2942  7.355000 -0.392584686544
2943  7.357500 -0.410588142263
2944  7.360000 -0.426575000007
2945  7.362500 -0.436473492551
2946  7.365000 -0.436532458872
2947  7.367500 -0.426807473923
2948  7.370000 -0.411098779738
2949  7.372500 -0.393450283468
2950  7.375000 -0.376316113229
2951  7.377500 -0.360777855835
2952  7.380000 -0.347178911932
2953  7.382500 -0.335549626865
2954  7.385000 -0.325807338069
2955  7.387500 -0.317839869239
2956  7.390000 -0.311537941566
2957  7.392500 -0.306809706895
2958  7.395000 -0.303586126804
2959  7.397500 -0.301823718381
2960  7.400000 -0.301499138878
2961  7.402500 -0.302611221591
2962  7.405000 -0.305185927606
2963  7.407500 -0.309271641701
2964  7.410000 -0.314946731538
2965  7.412500 -0.322325224783
2966  7.415000 -0.331551841938
2967  7.417500 -0.342818483894
2968  7.420000 -0.356351480205
2969  7.422500 -0.372389574423
2970  7.425000 -0.391113847410
2971  7.427500 -0.412355652503
2972  7.430000 -0.434843127865
2973  7.432500 -0.454681548409
2974  7.435000 -0.464395911048
2975  7.437500 -0.458189478400
2976  7.440000 -0.439653024781
2977  7.442500 -0.416737142771
2978  7.445000 -0.394356667122
2979  7.447500 -0.374318629007
2980  7.450000 -0.356967368217
2981  7.452500 -0.342192367281
2982  7.455000 -0.329739637435
2983  7.457500 -0.319367589128
2984  7.460000 -0.310870965264
2985  7.462500 -0.304083681775
2986  7.465000 -0.298871859562
2987  7.467500 -0.295146626276
2988  7.470000 -0.292837496046
2989  7.472500 -0.291903414985
2990  7.475000 -0.292323536510
2991  7.477500 -0.294100920323
2992  7.480000 -0.297259890957
2993  7.482500 -0.301840339312
2994  7.485000 -0.307904670969
2995  7.487500 -0.315547515626
2996  7.490000 -0.324863481806
2997  7.492500 -0.335977679593
2998  7.495000 -0.348982685007
2999  7.497500 -0.363901507673
