# N=6, M=60
# mu_k, sigma_k, mu_g, sigma_g, le_avr, err_narma2, err_narma10, err_narma20, err_narma30
1000.000000  300.000000  0.000000  0.000000  -0.059777495398   0.000100584077   0.018834386247   0.005979611957   2.400419286910
1000.000000  300.000000  0.000000  0.000000  -0.056367602055   0.000174956553   0.022971337499   0.009363057790   1.811845615359
1000.000000  300.000000  0.050000  0.010000  -0.084599683191   0.000043844629   0.029082854228   0.010175906228   2.700313379454
1000.000000  300.000000  0.050000  0.010000  -0.091530470754   0.000117839273   0.009382305376   0.005351351843   1.164259397292
1000.000000  300.000000  0.100000  0.020000  -0.124684903021   0.000030493997   0.008384842471   0.006448167553   1.586665338389
1000.000000  300.000000  0.100000  0.020000  -0.127925732974   0.000044645884   0.009001660873   0.003720139945   1.012402989201
1000.000000  300.000000  0.150000  0.030000  -0.156068155994   0.000035217768   0.011565148979   0.004352050062   1.971447792029
1000.000000  300.000000  0.150000  0.030000  -0.144892559634   0.000139465827   0.034429270539   0.007631793745   5.053356848447
1000.000000  300.000000  0.200000  0.040000  -0.180812189891   0.000029302185   0.005753804960   0.003560131636   1.073773493764
1000.000000  300.000000  0.200000  0.040000  -0.177882372303   0.000034138970   0.020288694780   0.004838984780   0.747756938049
1000.000000  300.000000  0.250000  0.050000  -0.196947494561   0.000023824574   0.005489112770   0.002984387960   0.859813166218
1000.000000  300.000000  0.250000  0.050000  -0.204879695073   0.000043732572   0.024839726105   0.012101197778   6.705911239238
1000.000000  300.000000  0.300000  0.060000  -0.240802386729   0.000024542396   0.004401847551   0.002616609333   0.719779475117
1000.000000  300.000000  0.300000  0.060000  -0.250745936109   0.000025952093   0.005349723453   0.004131004813   1.156487986422
1000.000000  300.000000  0.350000  0.070000  -0.267014370007   0.000024533129   0.005596838836   0.002759125046   0.689974590289
1000.000000  300.000000  0.350000  0.070000  -0.259391191898   0.000024497506   0.005083172731   0.002997302419   0.756816762010
1000.000000  300.000000  0.400000  0.080000  -0.293327809713   0.000024132329   0.003303810298   0.002084568691   0.587760696657
1000.000000  300.000000  0.400000  0.080000  -0.298540462618   0.000025989822   0.004012827647   0.002072221627   0.692218586772
1000.000000  300.000000  0.450000  0.090000  -0.315226631952   0.000029034993   0.012592477148   0.010747412358   2.562859701732
1000.000000  300.000000  0.450000  0.090000  -0.331523998947   0.000024456763   0.005559365810   0.003405573490   0.993882272220
1000.000000  300.000000  0.500000  0.100000  -0.348977455151   0.000025297126   0.004900571919   0.003222249564   0.751965313656
1000.000000  300.000000  0.500000  0.100000  -0.357931629631   0.000024580647   0.002969005551   0.001928366449   0.531603103725
1000.000000  300.000000  0.550000  0.110000  -0.378754256765   0.000024491866   0.003962421477   0.002532762269   0.652424414311
1000.000000  300.000000  0.550000  0.110000  -0.360002419848   0.000025322712   0.007796080391   0.003440395690   0.718419749417
1000.000000  300.000000  0.600000  0.120000  -0.389110663775   0.000026356522   0.014509447101   0.003572351976   4.858504210208
1000.000000  300.000000  0.600000  0.120000  -0.396914824595   0.000025455401   0.005788292089   0.003416115593   0.680676162585
1000.000000  300.000000  0.650000  0.130000  -0.431330776007   0.000024691695   0.003832961174   0.002062462903   0.569318409142
1000.000000  300.000000  0.650000  0.130000  -0.412070231372   0.000025116308   0.004498920679   0.002410612620   0.674405481212
1000.000000  300.000000  0.700000  0.140000  -0.441311123594   0.000024472634   0.011439440213   0.003630998213   0.908412261393
1000.000000  300.000000  0.700000  0.140000  -0.441402449651   0.000025085538   0.003759122555   0.002428953809   0.618980580671
1000.000000  300.000000  0.750000  0.150000  -0.465682959353   0.000024323658   0.002672782994   0.001986864327   0.814803467310
1000.000000  300.000000  0.750000  0.150000  -0.463443678622   0.000024981634   0.004763299806   0.002041866121   0.484757028679
1000.000000  300.000000  0.800000  0.160000  -0.443424712431   0.000024398320   0.002199931086   0.001090488832   0.473938480794
1000.000000  300.000000  0.800000  0.160000  -0.467128444246   0.000024165769   0.002790535964   0.001684750068   0.347982465042
1000.000000  300.000000  0.850000  0.170000  -0.477541340950   0.000024043006   0.005440649654   0.002238618317   0.692424532875
1000.000000  300.000000  0.850000  0.170000  -0.494290623410   0.000024896260   0.002059309795   0.001245382330   0.529435840973
1000.000000  300.000000  0.900000  0.180000  -0.493435160083   0.000024368426   0.002458291630   0.002290954271   0.456209877087
1000.000000  300.000000  0.900000  0.180000  -0.510589563327   0.000025358550   0.005186302205   0.002904063715   0.992720919680
1000.000000  300.000000  0.950000  0.190000  -0.506459292721   0.000025456860   0.002720613143   0.002582722405   0.779396762817
1000.000000  300.000000  0.950000  0.190000  -0.494771854180   0.000024599798   0.004531039713   0.003100008119   1.334231755707
1000.000000  300.000000  1.000000  0.200000  -0.508313262157   0.000026905373   0.002645837158   0.004433885536   1.504767921523
1000.000000  300.000000  1.000000  0.200000  -0.511178245447   0.000024235823   0.002990776470   0.002850599770   0.737028296617
1000.000000  300.000000  1.050000  0.210000  -0.531423790427   0.000024332510   0.003330431154   0.001902594890   0.473961311103
1000.000000  300.000000  1.050000  0.210000  -0.532185753366   0.000025124302   0.002108337482   0.001452948629   0.375520639012
1000.000000  300.000000  1.100000  0.220000  -0.515273816151   0.000025860627   0.003788249347   0.005275267671   0.932856464714
1000.000000  300.000000  1.100000  0.220000  -0.530690349004   0.000024855809   0.001990858233   0.001508845239   0.327917220141
1000.000000  300.000000  1.150000  0.230000  -0.551685095285   0.000026606549   0.002082975701   0.001272440906   0.562137420503
1000.000000  300.000000  1.150000  0.230000  -0.540451226436   0.000024542256   0.002361061182   0.000927715456   0.541224820265
1000.000000  300.000000  1.200000  0.240000  -0.558397318281   0.000024188037   0.001380580997   0.001182600629   0.363056840079
1000.000000  300.000000  1.200000  0.240000  -0.543409591112   0.000024161545   0.002334756044   0.001679480038   0.415262570276
1000.000000  300.000000  1.250000  0.250000  -0.554382777925   0.000024211835   0.001715261426   0.001132598868   0.369561436464
1000.000000  300.000000  1.250000  0.250000  -0.567184797993   0.000024592436   0.002377861544   0.001966934846   0.407134370199
1000.000000  300.000000  1.300000  0.260000  -0.578730483920   0.000024319689   0.002071685157   0.001407885992   0.368276514991
1000.000000  300.000000  1.300000  0.260000  -0.572011171921   0.000023807101   0.002326595617   0.002166478341   0.342683576971
1000.000000  300.000000  1.350000  0.270000  -0.578776007890   0.000024683199   0.002749612443   0.001994347116   0.453934215056
1000.000000  300.000000  1.350000  0.270000  -0.573083650764   0.000024982405   0.002512020293   0.001684579174   0.445683317042
1000.000000  300.000000  1.400000  0.280000  -0.578752434089   0.000024330852   0.001961419921   0.002235018880   0.447260042556
1000.000000  300.000000  1.400000  0.280000  -0.579568000645   0.000024129242   0.001518132832   0.001668241193   0.527749070427
1000.000000  300.000000  1.450000  0.290000  -0.584900517820   0.000024185092   0.001705818895   0.001252974649   0.342764571105
1000.000000  300.000000  1.450000  0.290000  -0.580755046077   0.000024650947   0.001921958677   0.001630452054   0.542374563152
1000.000000  300.000000  1.500000  0.300000  -0.605675865532   0.000024184619   0.001490683955   0.001402045361   0.328003286233
1000.000000  300.000000  1.500000  0.300000  -0.580775994324   0.000024630880   0.007604638355   0.006908489543   0.759777516253
1000.000000  300.000000  1.550000  0.310000  -0.595687043440   0.000024179289   0.002367801875   0.001582905042   0.419670605424
1000.000000  300.000000  1.550000  0.310000  -0.604705446206   0.000024197202   0.003124518862   0.002904873913   0.453007519722
1000.000000  300.000000  1.600000  0.320000  -0.618615996297   0.000024497995   0.001719230898   0.001179482406   0.405986413137
1000.000000  300.000000  1.600000  0.320000  -0.611912523224   0.000025469023   0.001048917024   0.001646323944   0.377675586427
1000.000000  300.000000  1.650000  0.330000  -0.614351796636   0.000024139710   0.002000705152   0.001645080469   0.485322006901
1000.000000  300.000000  1.650000  0.330000  -0.616810590259   0.000024984498   0.001752189396   0.001012015268   0.322929560034
1000.000000  300.000000  1.700000  0.340000  -0.622054206606   0.000024358252   0.005491271076   0.004397378211   0.536252671407
1000.000000  300.000000  1.700000  0.340000  -0.619242173674   0.000024917793   0.001999100591   0.002495608590   0.408179500357
1000.000000  300.000000  1.750000  0.350000  -0.631617734127   0.000025351739   0.000962054963   0.000878279200   0.308725101384
1000.000000  300.000000  1.750000  0.350000  -0.625824158463   0.000025009079   0.001810749521   0.001431538059   0.369517175711
1000.000000  300.000000  1.800000  0.360000  -0.634084761364   0.000026417278   0.001851298801   0.001598452147   0.335229733794
1000.000000  300.000000  1.800000  0.360000  -0.630210110490   0.000024171550   0.004123667169   0.005104625730   0.874268407997
1000.000000  300.000000  1.850000  0.370000  -0.624499458093   0.000025103588   0.002132557491   0.001299875005   0.407877281704
1000.000000  300.000000  1.850000  0.370000  -0.636449450116   0.000025318458   0.005321135626   0.005144956115   0.777169225860
1000.000000  300.000000  1.900000  0.380000  -0.637723529296   0.000024149108   0.002781710581   0.001465499273   0.432584473515
1000.000000  300.000000  1.900000  0.380000  -0.629574133928   0.000025309393   0.001263995242   0.000849195801   0.426625319612
1000.000000  300.000000  1.950000  0.390000  -0.635869942262   0.000024364981   0.001463371758   0.001107910690   0.394614382065
1000.000000  300.000000  1.950000  0.390000  -0.641217027417   0.000025029765   0.003060012495   0.003411066325   0.622667364671
1000.000000  300.000000  2.000000  0.400000  -0.644928868601   0.000024645280   0.001362775772   0.000716239353   0.278481697904
1000.000000  300.000000  2.000000  0.400000  -0.651011811036   0.000024923064   0.002402312765   0.001203833310   0.336641847516
1000.000000  300.000000  2.050000  0.410000  -0.672565339324   0.000025862301   0.001651123142   0.000612462009   0.264573659527
1000.000000  300.000000  2.050000  0.410000  -0.657100399040   0.000024371674   0.001081219798   0.001297731045   0.364440611947
1000.000000  300.000000  2.100000  0.420000  -0.662586595056   0.000024066026   0.000322582234   0.000553523652   0.095575763641
1000.000000  300.000000  2.100000  0.420000  -0.641352203025   0.000024268351   0.000762571883   0.000264254721   0.232188978564
1000.000000  300.000000  2.150000  0.430000  -0.656698155396   0.000024695636   0.001829527080   0.002035382002   0.459687196954
1000.000000  300.000000  2.150000  0.430000  -0.654308010275   0.000024910269   0.001482591230   0.001323988120   0.347977900620
1000.000000  300.000000  2.200000  0.440000  -0.668470612632   0.000024838441   0.001578437082   0.000475386218   0.306176954857
1000.000000  300.000000  2.200000  0.440000  -0.655652289181   0.000024125718   0.000773466933   0.000334985521   0.160781530326
1000.000000  300.000000  2.250000  0.450000  -0.671286284834   0.000025227801   0.001087328072   0.000580584459   0.108305806560
1000.000000  300.000000  2.250000  0.450000  -0.673249925747   0.000024942221   0.000464927294   0.000772144241   0.064434693271
1000.000000  300.000000  2.300000  0.460000  -0.668132281756   0.000024519434   0.001007201271   0.000807157449   0.272937465570
1000.000000  300.000000  2.300000  0.460000  -0.667312601499   0.000024254255   0.001759162640   0.001393897989   0.330961988902
1000.000000  300.000000  2.350000  0.470000  -0.672293278223   0.000024786719   0.001382549459   0.000877170578   0.193648748634
1000.000000  300.000000  2.350000  0.470000  -0.686194102156   0.000024104882   0.001237372579   0.000455171066   0.298347448084
1000.000000  300.000000  2.400000  0.480000  -0.675643023896   0.000024399734   0.000920749802   0.000346996643   0.194848723893
1000.000000  300.000000  2.400000  0.480000  -0.683994733950   0.000024426386   0.000873611875   0.000791299461   0.298099498557
1000.000000  300.000000  2.450000  0.490000  -0.690705782636   0.000024583662   0.000334378679   0.000553463693   0.243398584434
1000.000000  300.000000  2.450000  0.490000  -0.680192258926   0.000024298555   0.001544037216   0.000700270020   0.275909622323
1000.000000  300.000000  2.500000  0.500000  -0.694398518571   0.000024351323   0.000915333098   0.000442337161   0.281259106357
1000.000000  300.000000  2.500000  0.500000  -0.694188271821   0.000024590030   0.000623705128   0.000500868015   0.267912787780
1000.000000  300.000000  2.550000  0.510000  -0.683992942114   0.000024581608   0.001105069505   0.000596162216   0.358216799836
1000.000000  300.000000  2.550000  0.510000  -0.685259672549   0.000024744321   0.000475717004   0.000590679994   0.162338751744
1000.000000  300.000000  2.600000  0.520000  -0.691154364656   0.000024350697   0.001200089310   0.000687321121   0.285142045444
1000.000000  300.000000  2.600000  0.520000  -0.710754032195   0.000025418619   0.000566934281   0.000382249182   0.193015619057
1000.000000  300.000000  2.650000  0.530000  -0.714571258383   0.000024785952   0.000535364835   0.000443445362   0.156986623822
1000.000000  300.000000  2.650000  0.530000  -0.706221445591   0.000024133082   0.000684908788   0.000356547393   0.260237900248
1000.000000  300.000000  2.700000  0.540000  -0.691583324754   0.000024709855   0.000688550436   0.000538092604   0.312094655859
1000.000000  300.000000  2.700000  0.540000  -0.692354448984   0.000025014074   0.001014038952   0.002970530162   0.341274780945
1000.000000  300.000000  2.750000  0.550000  -0.705338270444   0.000025976770   0.000577699069   0.000277934612   0.247912316735
1000.000000  300.000000  2.750000  0.550000  -0.704523631442   0.000024323598   0.001090197761   0.000656195931   0.182058463249
1000.000000  300.000000  2.800000  0.560000  -0.698734509306   0.000024365745   0.001011032439   0.000625643645   0.158810526791
1000.000000  300.000000  2.800000  0.560000  -0.704119624976   0.000025335002   0.000407011595   0.000257157797   0.157605394322
1000.000000  300.000000  2.850000  0.570000  -0.699239907851   0.000024637109   0.001630133128   0.000600751848   0.231023416734
1000.000000  300.000000  2.850000  0.570000  -0.700397887154   0.000024874548   0.000297969617   0.000148356144   0.046773122991
1000.000000  300.000000  2.900000  0.580000  -0.699493809298   0.000024264724   0.001053521439   0.000157505820   0.271116277754
1000.000000  300.000000  2.900000  0.580000  -0.698300371293   0.000023912794   0.001056539658   0.000819323536   0.295505401816
1000.000000  300.000000  2.950000  0.590000  -0.706326622092   0.000023539462   0.000493754865   0.000759573217   0.216741358630
1000.000000  300.000000  2.950000  0.590000  -0.711621553640   0.000025907002   0.000875470319   0.000299586495   0.330344732233
1000.000000  300.000000  3.000000  0.600000  -0.700661491315   0.000024311816   0.000773474058   0.000595368257   0.255701843317
1000.000000  300.000000  3.000000  0.600000  -0.705679329121   0.000024904004   0.001125833687   0.000624787257   0.308787965028
1000.000000  300.000000  3.050000  0.610000  -0.717318017940   0.000026166770   0.000690486453   0.000283440175   0.232626632257
1000.000000  300.000000  3.050000  0.610000  -0.715951984870   0.000024239775   0.001703253433   0.000306823334   0.219288035818
1000.000000  300.000000  3.100000  0.620000  -0.713288954346   0.000024259335   0.000994627369   0.000376758704   0.302843353422
1000.000000  300.000000  3.100000  0.620000  -0.721318043494   0.000025338383   0.000400000918   0.000047031050   0.183393997042
1000.000000  300.000000  3.150000  0.630000  -0.723629673406   0.000023919653   0.001258756150   0.000278090378   0.274860124921
1000.000000  300.000000  3.150000  0.630000  -0.729532283587   0.000025577925   0.000077794233   0.000269727480   0.037512066330
1000.000000  300.000000  3.200000  0.640000  -0.729786020658   0.000024250149   0.000395198627   0.000246014305   0.129958156961
1000.000000  300.000000  3.200000  0.640000  -0.732040125285   0.000024433642   0.000702108219   0.000393647049   0.218714759426
1000.000000  300.000000  3.250000  0.650000  -0.731766686244   0.000022766111   0.000264998410   0.000215436063   0.110788362407
1000.000000  300.000000  3.250000  0.650000  -0.732160431858   0.000025132511   0.000500533965   0.000279745734   0.208365247943
1000.000000  300.000000  3.300000  0.660000  -0.733199592677   0.000025042569   0.000703240021   0.000246633714   0.218911851551
1000.000000  300.000000  3.300000  0.660000  -0.734226603776   0.000024514764   0.000564163703   0.000121854627   0.193837321718
1000.000000  300.000000  3.350000  0.670000  -0.728131592359   0.000025791681   0.000380972278   0.000400300256   0.169014976772
1000.000000  300.000000  3.350000  0.670000  -0.741498842649   0.000022188251   0.000155995009   0.000284172939   0.074301262168
1000.000000  300.000000  3.400000  0.680000  -0.744118825198   0.000023275661   0.000773977069   0.000270124951   0.342593950965
1000.000000  300.000000  3.400000  0.680000  -0.742115935462   0.000024995345   0.000601618719   0.000033819894   0.100543670910
1000.000000  300.000000  3.450000  0.690000  -0.736799274294   0.000024453632   0.000463843764   0.000263093084   0.099410023001
1000.000000  300.000000  3.450000  0.690000  -0.726099526259   0.000025371853   0.000387541155   0.000391656921   0.180118499386
1000.000000  300.000000  3.500000  0.700000  -0.734934973151   0.000024736962   0.000421956869   0.000212857307   0.191948879084
1000.000000  300.000000  3.500000  0.700000  -0.737463094371   0.000025852548   0.000659002858   0.000295606538   0.142477250966
1000.000000  300.000000  3.550000  0.710000  -0.748046000773   0.000027036496   0.000175711392   0.000016883653   0.086609845763
1000.000000  300.000000  3.550000  0.710000  -0.733319503413   0.000023769557   0.000030390699   0.000579439168   0.071660068867
1000.000000  300.000000  3.600000  0.720000  -0.743011634379   0.000023861197   0.000161286947   0.000099295297   0.067377094454
1000.000000  300.000000  3.600000  0.720000  -0.749319963457   0.000022570783   0.000283906232   0.000192498868   0.115465733048
1000.000000  300.000000  3.650000  0.730000  -0.743385741509   0.000024917132   0.000694282503   0.000371372099   0.146079791932
1000.000000  300.000000  3.650000  0.730000  -0.732070322664   0.000024188450   0.000370150344   0.000195286291   0.177487791969
1000.000000  300.000000  3.700000  0.740000  -0.744625827863   0.000023379317   0.000492386141   0.000176394174   0.206956160807
1000.000000  300.000000  3.700000  0.740000  -0.744327602130   0.000024298943   0.000204749421   0.000220870168   0.103107217813
1000.000000  300.000000  3.750000  0.750000  -0.751237775441   0.000024000272   0.000048786737   0.000064934793   0.016783277583
1000.000000  300.000000  3.750000  0.750000  -0.758646398218   0.000024115707   0.000241560878   0.000403778593   0.067181530341
1000.000000  300.000000  3.800000  0.760000  -0.747210265068   0.000023866543   0.000378271200   0.000318687428   0.033608739775
1000.000000  300.000000  3.800000  0.760000  -0.754787110012   0.000027312760   0.000384810964   0.000191261171   0.106866724155
1000.000000  300.000000  3.850000  0.770000  -0.768160697363   0.000022429632   0.000440366507   0.000218200717   0.102404120346
1000.000000  300.000000  3.850000  0.770000  -0.755955052493   0.000024528745   0.000183833238   0.000678015839   0.229775343068
1000.000000  300.000000  3.900000  0.780000  -0.764120408652   0.000024345378   0.000032963302   0.000168062212   0.003246283486
1000.000000  300.000000  3.900000  0.780000  -0.744600688698   0.000022867407   0.000253085613   0.000184848249   0.124529220172
1000.000000  300.000000  3.950000  0.790000  -0.755724716495   0.000023211721   0.000627325931   0.000204897154   0.163562172218
1000.000000  300.000000  3.950000  0.790000  -0.750010606607   0.000024127148   0.000287039810   0.000324473039   0.135841199691
1000.000000  300.000000  4.000000  0.800000  -0.762487069919   0.000024514062   0.000567490224   0.000211318183   0.206613557516
1000.000000  300.000000  4.000000  0.800000  -0.769802319003   0.000025630831   0.000113190472   0.000191260708   0.130755950658
1000.000000  300.000000  4.050000  0.810000  -0.764934158998   0.000023657299   0.000240400706   0.000150018584   0.143231980691
1000.000000  300.000000  4.050000  0.810000  -0.769634285139   0.000022696020   0.000111057207   0.000042027240   0.043378134217
1000.000000  300.000000  4.100000  0.820000  -0.771900770547   0.000025260730   0.000428080245   0.000277720939   0.131327523034
1000.000000  300.000000  4.100000  0.820000  -0.756584243208   0.000022426935   0.000719379547   0.000263057563   0.342765363278
1000.000000  300.000000  4.150000  0.830000  -0.758989239460   0.000024354783   0.000134094889   0.000151329299   0.076255771807
1000.000000  300.000000  4.150000  0.830000  -0.772298187345   0.000022061286   0.000189942556   0.000245300376   0.110657694266
1000.000000  300.000000  4.200000  0.840000  -0.781671156330   0.000022646126   0.000053765067   0.000058223957   0.036221893919
1000.000000  300.000000  4.200000  0.840000  -0.778131707626   0.000022295533   0.000352511925   0.000126806902   0.120173087025
1000.000000  300.000000  4.250000  0.850000  -0.781238202641   0.000019246763   0.000517406792   0.000239896274   0.140617057308
1000.000000  300.000000  4.250000  0.850000  -0.772497928521   0.000023040260   0.000274212547   0.000236834494   0.208785672600
1000.000000  300.000000  4.300000  0.860000  -0.776667467559   0.000023692904   0.000136000384   0.000067960196   0.050958650117
1000.000000  300.000000  4.300000  0.860000  -0.780072578640   0.000023808503   0.000120378589   0.000211128746   0.074863739330
1000.000000  300.000000  4.350000  0.870000  -0.775044833506   0.000024218186   0.000173862780   0.000148273507   0.105080213237
1000.000000  300.000000  4.350000  0.870000  -0.772221793838   0.000022067006   0.000013028550   0.000058719141   0.003730101927
1000.000000  300.000000  4.400000  0.880000  -0.780982818011   0.000023354652   0.000188095330   0.000165243180   0.079558430120
1000.000000  300.000000  4.400000  0.880000  -0.780966849153   0.000022513202   0.000555611027   0.000209152091   0.198008300440
1000.000000  300.000000  4.450000  0.890000  -0.786819804422   0.000022776535   0.000175842212   0.000041864276   0.095899836579
1000.000000  300.000000  4.450000  0.890000  -0.791315099409   0.000019606089   0.000210540694   0.000062886681   0.083232345250
1000.000000  300.000000  4.500000  0.900000  -0.776010676582   0.000020977930   0.000011047988   0.000018078704   0.010236104162
1000.000000  300.000000  4.500000  0.900000  -0.776731867185   0.000023586549   0.000009471990   0.000008868873   0.003652880669
1000.000000  300.000000  4.550000  0.910000  -0.784166524372   0.000023421127   0.000030892428   0.000067124181   0.013503027178
1000.000000  300.000000  4.550000  0.910000  -0.776882673345   0.000023373101   0.000268621419   0.000500426279   0.125921864918
1000.000000  300.000000  4.600000  0.920000  -0.790138184225   0.000026390186   0.000271721496   0.000199238022   0.142522582569
1000.000000  300.000000  4.600000  0.920000  -0.778950592732   0.000023758073   0.000014181058   0.000043557816   0.008029295526
1000.000000  300.000000  4.650000  0.930000  -0.777388621972   0.000026868478   0.000188820161   0.000180776987   0.132009520177
1000.000000  300.000000  4.650000  0.930000  -0.782696075525   0.000024834632   0.000034107517   0.000016172249   0.017435892623
1000.000000  300.000000  4.700000  0.940000  -0.771938132835   0.000021101775   0.000048576834   0.000036379848   0.044707370437
1000.000000  300.000000  4.700000  0.940000  -0.792413195004   0.000022162886   0.000068348768   0.000183580147   0.058913579704
1000.000000  300.000000  4.750000  0.950000  -0.778542399206   0.000022764713   0.000177800227   0.000237132694   0.153193007472
1000.000000  300.000000  4.750000  0.950000  -0.788168452981   0.000025877619   0.000026584556   0.000017047116   0.004203247918
1000.000000  300.000000  4.800000  0.960000  -0.784617880310   0.000022906600   0.000079313014   0.000191248391   0.058192673358
1000.000000  300.000000  4.800000  0.960000  -0.792264638320   0.000023812570   0.000058402910   0.000074320634   0.026426234758
1000.000000  300.000000  4.850000  0.970000  -0.785071605237   0.000025486156   0.000149929713   0.000410152296   0.145177221801
1000.000000  300.000000  4.850000  0.970000  -0.778129304187   0.000026770613   0.000231440364   0.000735742359   0.220588133087
1000.000000  300.000000  4.900000  0.980000  -0.785332267477   0.000022868532   0.000052611219   0.000131862810   0.031589116343
1000.000000  300.000000  4.900000  0.980000  -0.800636250574   0.000021951871   0.000018588855   0.000009816739   0.011865162929
1000.000000  300.000000  4.950000  0.990000  -0.802102576581   0.000021793789   0.000081937723   0.000062806798   0.039034401886
1000.000000  300.000000  4.950000  0.990000  -0.798375005246   0.000022728318   0.000016159299   0.000147501669   0.017669901614
1000.000000  300.000000  5.000000  1.000000  -0.799611047596   0.000021708111   0.000021557386   0.000007319751   0.008314616734
1000.000000  300.000000  5.000000  1.000000  -0.792364261607   0.000020854430   0.000165987828   0.000153945984   0.100039513601
