#n  real_time  lyapunov_exponential
0  0.000000 -inf
1  0.002500 -0.003397760173
2  0.005000 -0.004757858416
3  0.007500 -0.006799936841
4  0.010000 -0.009355171888
5  0.012500 -0.012391052619
6  0.015000 -0.015898103195
7  0.017500 -0.019873514549
8  0.020000 -0.024317244240
9  0.022500 -0.029230305277
10  0.025000 -0.034614523614
11  0.027500 -0.040472379834
12  0.030000 -0.046806304384
13  0.032500 -0.053618679935
14  0.035000 -0.060911981007
15  0.037500 -0.068688417982
16  0.040000 -0.076950050697
17  0.042500 -0.085698106180
18  0.045000 -0.094933112712
19  0.047500 -0.104654547533
20  0.050000 -0.114860425262
21  0.052500 -0.125546743855
22  0.055000 -0.136707274798
23  0.057500 -0.148332642605
24  0.060000 -0.160409761720
25  0.062500 -0.172920872246
26  0.065000 -0.185842251564
27  0.067500 -0.199143338595
28  0.070000 -0.212785421505
29  0.072500 -0.226720150756
30  0.075000 -0.240888309729
31  0.077500 -0.255218763092
32  0.080000 -0.269627897485
33  0.082500 -0.284019621966
34  0.085000 -0.298286541955
35  0.087500 -0.312312455154
36  0.090000 -0.325975820744
37  0.092500 -0.339154788969
38  0.095000 -0.351732681880
39  0.097500 -0.363603789412
40  0.100000 -0.374677992055
41  0.102500 -0.384884508919
42  0.105000 -0.394173737406
43  0.107500 -0.402517362867
44  0.110000 -0.409907037539
45  0.112500 -0.416352049481
46  0.115000 -0.421876039524
47  0.117500 -0.426514288926
48  0.120000 -0.430310645802
49  0.122500 -0.433314678977
50  0.125000 -0.435579625803
51  0.127500 -0.437160543659
52  0.130000 -0.438112854261
53  0.132500 -0.438491243118
54  0.135000 -0.438348942783
55  0.137500 -0.437737218499
56  0.140000 -0.436705111597
57  0.142500 -0.435298942768
58  0.145000 -0.433562489957
59  0.147500 -0.431536876670
60  0.150000 -0.429260664822
61  0.152500 -0.426769846715
62  0.155000 -0.424097986080
63  0.157500 -0.421276355569
64  0.160000 -0.418333980919
65  0.162500 -0.415297826368
66  0.165000 -0.412193036617
67  0.167500 -0.409042849984
68  0.170000 -0.405868794825
69  0.172500 -0.402690859555
70  0.175000 -0.399527556010
71  0.177500 -0.396395984180
72  0.180000 -0.393311958171
73  0.182500 -0.390290096873
74  0.185000 -0.387343846270
75  0.187500 -0.384485457106
76  0.190000 -0.381726274467
77  0.192500 -0.379076567740
78  0.195000 -0.376545652995
79  0.197500 -0.374141979460
80  0.200000 -0.371873005565
81  0.202500 -0.369745345495
82  0.205000 -0.367764700106
83  0.207500 -0.365935922153
84  0.210000 -0.364262873694
85  0.212500 -0.362748581966
86  0.215000 -0.361395077086
87  0.217500 -0.360203456723
88  0.220000 -0.359173832423
89  0.222500 -0.358305177889
90  0.225000 -0.357595566066
91  0.227500 -0.357041807857
92  0.230000 -0.356639660697
93  0.232500 -0.356383658644
94  0.235000 -0.356267191405
95  0.237500 -0.356282466504
96  0.240000 -0.356420507418
97  0.242500 -0.356671180085
98  0.245000 -0.357023353539
99  0.247500 -0.357464890580
100  0.250000 -0.357982739426
101  0.252500 -0.358563249201
102  0.255000 -0.359192251514
103  0.257500 -0.359855276103
104  0.260000 -0.360537728356
105  0.262500 -0.361225226724
106  0.265000 -0.361903745113
107  0.267500 -0.362559989770
108  0.270000 -0.363181377051
109  0.272500 -0.363756432509
110  0.275000 -0.364274889305
111  0.277500 -0.364727780148
112  0.280000 -0.365107514940
113  0.282500 -0.365407878392
114  0.285000 -0.365624100028
115  0.287500 -0.365752796954
116  0.290000 -0.365791915330
117  0.292500 -0.365740654662
118  0.295000 -0.365599326956
119  0.297500 -0.365369281687
120  0.300000 -0.365052914601
121  0.302500 -0.364653431412
122  0.305000 -0.364174687313
123  0.307500 -0.363621197106
124  0.310000 -0.362998005117
125  0.312500 -0.362310572710
126  0.315000 -0.361564778782
127  0.317500 -0.360766682520
128  0.320000 -0.359922605058
129  0.322500 -0.359038982680
130  0.325000 -0.358122364952
131  0.327500 -0.357179335033
132  0.330000 -0.356216486441
133  0.332500 -0.355240372005
134  0.335000 -0.354257510058
135  0.337500 -0.353274242317
136  0.340000 -0.352296892662
137  0.342500 -0.351331556606
138  0.345000 -0.350384204545
139  0.347500 -0.349460608570
140  0.350000 -0.348566344210
141  0.352500 -0.347706759331
142  0.355000 -0.346886942439
143  0.357500 -0.346111741254
144  0.360000 -0.345385728143
145  0.362500 -0.344713115616
146  0.365000 -0.344097857689
147  0.367500 -0.343543526016
148  0.370000 -0.343053280895
149  0.372500 -0.342629934112
150  0.375000 -0.342275842560
151  0.377500 -0.341992899798
152  0.380000 -0.341782495160
153  0.382500 -0.341645494454
154  0.385000 -0.341582148089
155  0.387500 -0.341592112809
156  0.390000 -0.341674423834
157  0.392500 -0.341827460096
158  0.395000 -0.342048856814
159  0.397500 -0.342335563375
160  0.400000 -0.342683818835
161  0.402500 -0.343089104269
162  0.405000 -0.343546181743
163  0.407500 -0.344049162189
164  0.410000 -0.344591482039
165  0.412500 -0.345166052027
166  0.415000 -0.345765266474
167  0.417500 -0.346381177751
168  0.420000 -0.347005551070
169  0.422500 -0.347630017797
170  0.425000 -0.348246205925
171  0.427500 -0.348845873207
172  0.430000 -0.349421096840
173  0.432500 -0.349964333615
174  0.435000 -0.350468539576
175  0.437500 -0.350927259527
176  0.440000 -0.351334792515
177  0.442500 -0.351686121270
178  0.445000 -0.351977032991
179  0.447500 -0.352204136990
180  0.450000 -0.352364800173
181  0.452500 -0.352457192401
182  0.455000 -0.352480198614
183  0.457500 -0.352433409196
184  0.460000 -0.352317043509
185  0.462500 -0.352131910537
186  0.465000 -0.351879376838
187  0.467500 -0.351561287061
188  0.470000 -0.351179833983
189  0.472500 -0.350737658267
190  0.475000 -0.350237705049
191  0.477500 -0.349683145780
192  0.480000 -0.349077362022
193  0.482500 -0.348423964533
194  0.485000 -0.347726679675
195  0.487500 -0.346989350462
196  0.490000 -0.346215890054
197  0.492500 -0.345410252182
198  0.495000 -0.344576442608
199  0.497500 -0.343718469237
200  0.500000 -0.342840337789
201  0.502500 -0.341946002012
202  0.505000 -0.341039408196
203  0.507500 -0.340124424363
204  0.510000 -0.339204847297
205  0.512500 -0.338284452651
206  0.515000 -0.337366898564
207  0.517500 -0.336455741652
208  0.520000 -0.335554489528
209  0.522500 -0.334666477897
210  0.525000 -0.333794967826
211  0.527500 -0.332943095068
212  0.530000 -0.332113851631
213  0.532500 -0.331310119026
214  0.535000 -0.330534611098
215  0.537500 -0.329789905731
216  0.540000 -0.329078431498
217  0.542500 -0.328402435199
218  0.545000 -0.327764015574
219  0.547500 -0.327165049199
220  0.550000 -0.326607274987
221  0.552500 -0.326092202047
222  0.555000 -0.325621140991
223  0.557500 -0.325195149321
224  0.560000 -0.324815106304
225  0.562500 -0.324481636487
226  0.565000 -0.324195134352
227  0.567500 -0.323955708843
228  0.570000 -0.323763224531
229  0.572500 -0.323617284972
230  0.575000 -0.323517236958
231  0.577500 -0.323462149322
232  0.580000 -0.323450801297
233  0.582500 -0.323481736062
234  0.585000 -0.323553220161
235  0.587500 -0.323663286043
236  0.590000 -0.323809692684
237  0.592500 -0.323990045312
238  0.595000 -0.324201697392
239  0.597500 -0.324441861531
240  0.600000 -0.324707613827
241  0.602500 -0.324995915465
242  0.605000 -0.325303673321
243  0.607500 -0.325627747800
244  0.610000 -0.325964980259
245  0.612500 -0.326312282007
246  0.615000 -0.326666611565
247  0.617500 -0.327025081824
248  0.620000 -0.327384897312
249  0.622500 -0.327743450231
250  0.625000 -0.328098331224
251  0.627500 -0.328447361802
252  0.630000 -0.328788560915
253  0.632500 -0.329120195602
254  0.635000 -0.329440785147
255  0.637500 -0.329749101427
256  0.640000 -0.330044160650
257  0.642500 -0.330325200166
258  0.645000 -0.330591721877
259  0.647500 -0.330843422536
260  0.650000 -0.331080209550
261  0.652500 -0.331302183843
262  0.655000 -0.331509639609
263  0.657500 -0.331703021199
264  0.660000 -0.331882926295
265  0.662500 -0.332050051302
266  0.665000 -0.332205222454
267  0.667500 -0.332349357425
268  0.670000 -0.332483424693
269  0.672500 -0.332608475818
270  0.675000 -0.332725580940
271  0.677500 -0.332835860997
272  0.680000 -0.332940461521
273  0.682500 -0.333040484605
274  0.685000 -0.333137037209
275  0.687500 -0.333231219741
276  0.690000 -0.333324091264
277  0.692500 -0.333416627421
278  0.695000 -0.333509796325
279  0.697500 -0.333604453696
280  0.700000 -0.333701388883
281  0.702500 -0.333801319992
282  0.705000 -0.333904882490
283  0.707500 -0.334012605712
284  0.710000 -0.334124895617
285  0.712500 -0.334242074938
286  0.715000 -0.334364343867
287  0.717500 -0.334491807104
288  0.720000 -0.334624434618
289  0.722500 -0.334762116525
290  0.725000 -0.334904603860
291  0.727500 -0.335051550314
292  0.730000 -0.335202500825
293  0.732500 -0.335356925804
294  0.735000 -0.335514166149
295  0.737500 -0.335673511877
296  0.740000 -0.335834169571
297  0.742500 -0.335995294203
298  0.745000 -0.336155967255
299  0.747500 -0.336315264304
300  0.750000 -0.336472200451
301  0.752500 -0.336625797070
302  0.755000 -0.336775045217
303  0.757500 -0.336918972926
304  0.760000 -0.337056644613
305  0.762500 -0.337187170687
306  0.765000 -0.337309700596
307  0.767500 -0.337423429293
308  0.770000 -0.337527631816
309  0.772500 -0.337621654861
310  0.775000 -0.337704962698
311  0.777500 -0.337777093542
312  0.780000 -0.337837690726
313  0.782500 -0.337886488986
314  0.785000 -0.337923328883
315  0.787500 -0.337948168332
316  0.790000 -0.337961061526
317  0.792500 -0.337962151134
318  0.795000 -0.337951704387
319  0.797500 -0.337930082213
320  0.800000 -0.337897746107
321  0.802500 -0.337855241499
322  0.805000 -0.337803198946
323  0.807500 -0.337742303687
324  0.810000 -0.337673351204
325  0.812500 -0.337597203216
326  0.815000 -0.337514770675
327  0.817500 -0.337427020951
328  0.820000 -0.337334976565
329  0.822500 -0.337239687709
330  0.825000 -0.337142268990
331  0.827500 -0.337043833445
332  0.830000 -0.336945546552
333  0.832500 -0.336848569897
334  0.835000 -0.336754098632
335  0.837500 -0.336663322804
336  0.840000 -0.336577451342
337  0.842500 -0.336497658228
338  0.845000 -0.336425132359
339  0.847500 -0.336361019658
340  0.850000 -0.336306468256
341  0.852500 -0.336262600755
342  0.855000 -0.336230477927
343  0.857500 -0.336211137023
344  0.860000 -0.336205548106
345  0.862500 -0.336214643138
346  0.865000 -0.336239303844
347  0.867500 -0.336280315158
348  0.870000 -0.336338425229
349  0.872500 -0.336414262719
350  0.875000 -0.336508383181
351  0.877500 -0.336621247363
352  0.880000 -0.336753210604
353  0.882500 -0.336904518197
354  0.885000 -0.337075284571
355  0.887500 -0.337265503773
356  0.890000 -0.337475065437
357  0.892500 -0.337703693800
358  0.895000 -0.337950996376
359  0.897500 -0.338216409537
360  0.900000 -0.338499217090
361  0.902500 -0.338798567951
362  0.905000 -0.339113455536
363  0.907500 -0.339442704650
364  0.910000 -0.339785014520
365  0.912500 -0.340138929619
366  0.915000 -0.340502854051
367  0.917500 -0.340875082139
368  0.920000 -0.341253789231
369  0.922500 -0.341637044153
370  0.925000 -0.342022832688
371  0.927500 -0.342409089937
372  0.930000 -0.342793709369
373  0.932500 -0.343174514977
374  0.935000 -0.343549371388
375  0.937500 -0.343916161297
376  0.940000 -0.344272777405
377  0.942500 -0.344617217251
378  0.945000 -0.344947526732
379  0.947500 -0.345261849952
380  0.950000 -0.345558465543
381  0.952500 -0.345835762138
382  0.955000 -0.346092272841
383  0.957500 -0.346326663053
384  0.960000 -0.346537770101
385  0.962500 -0.346724587925
386  0.965000 -0.346886259781
387  0.967500 -0.347022094198
388  0.970000 -0.347131557515
389  0.972500 -0.347214239467
390  0.975000 -0.347269924707
391  0.977500 -0.347298504601
392  0.980000 -0.347300017182
393  0.982500 -0.347274620388
394  0.985000 -0.347222605211
395  0.987500 -0.347144375466
396  0.990000 -0.347040414263
397  0.992500 -0.346911332962
398  0.995000 -0.346757810100
399  0.997500 -0.346580605584
400  1.000000 -0.346380560498
401  1.002500 -0.346158570295
402  1.005000 -0.345915599489
403  1.007500 -0.345652668570
404  1.010000 -0.345370832591
405  1.012500 -0.345071212154
406  1.015000 -0.344754948020
407  1.017500 -0.344423220485
408  1.020000 -0.344077246067
409  1.022500 -0.343718251869
410  1.025000 -0.343347499497
411  1.027500 -0.342966266067
412  1.030000 -0.342575850597
413  1.032500 -0.342177556342
414  1.035000 -0.341772702442
415  1.037500 -0.341362618703
416  1.040000 -0.340948629244
417  1.042500 -0.340532086989
418  1.045000 -0.340114325997
419  1.047500 -0.339696680846
420  1.050000 -0.339280489995
421  1.052500 -0.338867091587
422  1.055000 -0.338457814972
423  1.057500 -0.338053975127
424  1.060000 -0.337656885614
425  1.062500 -0.337267842537
426  1.065000 -0.336888133436
427  1.067500 -0.336519026989
428  1.070000 -0.336161771219
429  1.072500 -0.335817588621
430  1.075000 -0.335487675436
431  1.077500 -0.335173204543
432  1.080000 -0.334875299842
433  1.082500 -0.334595058926
434  1.085000 -0.334333519195
435  1.087500 -0.334091686665
436  1.090000 -0.333870500131
437  1.092500 -0.333670842157
438  1.095000 -0.333493513760
439  1.097500 -0.333339236684
440  1.100000 -0.333208654959
441  1.102500 -0.333102319302
442  1.105000 -0.333020658432
443  1.107500 -0.332963995581
444  1.110000 -0.332932519611
445  1.112500 -0.332926292553
446  1.115000 -0.332945213046
447  1.117500 -0.332989037608
448  1.120000 -0.333057334669
449  1.122500 -0.333149501558
450  1.125000 -0.333264763467
451  1.127500 -0.333402129416
452  1.130000 -0.333560430637
453  1.132500 -0.333738283184
454  1.135000 -0.333934127013
455  1.137500 -0.334146201560
456  1.140000 -0.334372565759
457  1.142500 -0.334611118396
458  1.145000 -0.334859621722
459  1.147500 -0.335115719568
460  1.150000 -0.335376961459
461  1.152500 -0.335640833948
462  1.155000 -0.335904796773
463  1.157500 -0.336166311764
464  1.160000 -0.336422895565
465  1.162500 -0.336672131634
466  1.165000 -0.336911712549
467  1.167500 -0.337139462402
468  1.170000 -0.337353388380
469  1.172500 -0.337551666183
470  1.175000 -0.337732677865
471  1.177500 -0.337895022680
472  1.180000 -0.338037510834
473  1.182500 -0.338159194770
474  1.185000 -0.338259344983
475  1.187500 -0.338337454274
476  1.190000 -0.338393228493
477  1.192500 -0.338426580853
478  1.195000 -0.338437615358
479  1.197500 -0.338426622482
480  1.200000 -0.338394074801
481  1.202500 -0.338340583118
482  1.205000 -0.338266906563
483  1.207500 -0.338173942144
484  1.210000 -0.338062696552
485  1.212500 -0.337934307925
486  1.215000 -0.337789997493
487  1.217500 -0.337631074271
488  1.220000 -0.337458916074
489  1.222500 -0.337274985839
490  1.225000 -0.337080811937
491  1.227500 -0.336877945105
492  1.230000 -0.336668022173
493  1.232500 -0.336452695645
494  1.235000 -0.336233657811
495  1.237500 -0.336012639278
496  1.240000 -0.335791395600
497  1.242500 -0.335571702419
498  1.245000 -0.335355349841
499  1.247500 -0.335144152181
500  1.250000 -0.334939920136
501  1.252500 -0.334744478879
502  1.255000 -0.334559657005
503  1.257500 -0.334387277202
504  1.260000 -0.334229154410
505  1.262500 -0.334087078579
506  1.265000 -0.333962845426
507  1.267500 -0.333858205297
508  1.270000 -0.333774876248
509  1.272500 -0.333714550552
510  1.275000 -0.333678847878
511  1.277500 -0.333669321094
512  1.280000 -0.333687460216
513  1.282500 -0.333734643753
514  1.285000 -0.333812154991
515  1.287500 -0.333921122209
516  1.290000 -0.334062523863
517  1.292500 -0.334237139524
518  1.295000 -0.334445535281
519  1.297500 -0.334688033331
520  1.300000 -0.334964655595
521  1.302500 -0.335275081376
522  1.305000 -0.335618642940
523  1.307500 -0.335994252928
524  1.310000 -0.336400392339
525  1.312500 -0.336835070149
526  1.315000 -0.337295795686
527  1.317500 -0.337779574251
528  1.320000 -0.338282945886
529  1.322500 -0.338801969980
530  1.325000 -0.339332293062
531  1.327500 -0.339869236470
532  1.330000 -0.340407861412
533  1.332500 -0.340943101445
534  1.335000 -0.341469849342
535  1.337500 -0.341983116100
536  1.340000 -0.342478114797
537  1.342500 -0.342950383483
538  1.345000 -0.343395857980
539  1.347500 -0.343810945735
540  1.350000 -0.344192566629
541  1.352500 -0.344538167245
542  1.355000 -0.344845715837
543  1.357500 -0.345113704455
544  1.360000 -0.345341099762
545  1.362500 -0.345527332800
546  1.365000 -0.345672228765
547  1.367500 -0.345775978741
548  1.370000 -0.345839102353
549  1.372500 -0.345862378783
550  1.375000 -0.345846847812
551  1.377500 -0.345793744519
552  1.380000 -0.345704472787
553  1.382500 -0.345580592127
554  1.385000 -0.345423765537
555  1.387500 -0.345235767922
556  1.390000 -0.345018437960
557  1.392500 -0.344773694975
558  1.395000 -0.344503487343
559  1.397500 -0.344209815586
560  1.400000 -0.343894694952
561  1.402500 -0.343560173182
562  1.405000 -0.343208311497
563  1.407500 -0.342841186413
564  1.410000 -0.342460871741
565  1.412500 -0.342069455071
566  1.415000 -0.341669011383
567  1.417500 -0.341261624035
568  1.420000 -0.340849375878
569  1.422500 -0.340434339695
570  1.425000 -0.340018591209
571  1.427500 -0.339604188715
572  1.430000 -0.339193199432
573  1.432500 -0.338787673477
574  1.435000 -0.338389657965
575  1.437500 -0.338001191793
576  1.440000 -0.337624315000
577  1.442500 -0.337261056210
578  1.445000 -0.336913421198
579  1.447500 -0.336583424263
580  1.450000 -0.336273055190
581  1.452500 -0.335984288578
582  1.455000 -0.335719071369
583  1.457500 -0.335479329171
584  1.460000 -0.335266957147
585  1.462500 -0.335083794774
586  1.465000 -0.334931641413
587  1.467500 -0.334812221128
588  1.470000 -0.334727194257
589  1.472500 -0.334678092614
590  1.475000 -0.334666343219
591  1.477500 -0.334693209709
592  1.480000 -0.334759771367
593  1.482500 -0.334866889901
594  1.485000 -0.335015150811
595  1.487500 -0.335204842053
596  1.490000 -0.335435852520
597  1.492500 -0.335707644846
598  1.495000 -0.336019186699
599  1.497500 -0.336368919300
600  1.500000 -0.336754655625
601  1.502500 -0.337173568792
602  1.505000 -0.337622164660
603  1.507500 -0.338096280516
604  1.510000 -0.338591119841
605  1.512500 -0.339101348897
606  1.515000 -0.339621194957
607  1.517500 -0.340144582129
608  1.520000 -0.340665328185
609  1.522500 -0.341177295187
610  1.525000 -0.341674609973
611  1.527500 -0.342151803124
612  1.530000 -0.342603923628
613  1.532500 -0.343026669398
614  1.535000 -0.343416417020
615  1.537500 -0.343770231486
616  1.540000 -0.344085880827
617  1.542500 -0.344361779506
618  1.545000 -0.344596926241
619  1.547500 -0.344790857107
620  1.550000 -0.344943577515
621  1.552500 -0.345055494757
622  1.555000 -0.345127352900
623  1.557500 -0.345160188704
624  1.560000 -0.345155246892
625  1.562500 -0.345113979304
626  1.565000 -0.345037978770
627  1.567500 -0.344928959698
628  1.570000 -0.344788726168
629  1.572500 -0.344619160176
630  1.575000 -0.344422177525
631  1.577500 -0.344199735133
632  1.580000 -0.343953814813
633  1.582500 -0.343686405195
634  1.585000 -0.343399509112
635  1.587500 -0.343095121140
636  1.590000 -0.342775226335
637  1.592500 -0.342441792450
638  1.595000 -0.342096788727
639  1.597500 -0.341742159328
640  1.600000 -0.341379832591
641  1.602500 -0.341011717485
642  1.605000 -0.340639697962
643  1.607500 -0.340265637947
644  1.610000 -0.339891383599
645  1.612500 -0.339518756146
646  1.615000 -0.339149546774
647  1.617500 -0.338785527939
648  1.620000 -0.338428439587
649  1.622500 -0.338079994648
650  1.625000 -0.337741877251
651  1.627500 -0.337415745457
652  1.630000 -0.337103215064
653  1.632500 -0.336805860925
654  1.635000 -0.336525214750
655  1.637500 -0.336262762095
656  1.640000 -0.336019938415
657  1.642500 -0.335798109420
658  1.645000 -0.335598571314
659  1.647500 -0.335422545196
660  1.650000 -0.335271157635
661  1.652500 -0.335145422872
662  1.655000 -0.335046243874
663  1.657500 -0.334974383758
664  1.660000 -0.334930445985
665  1.662500 -0.334914858898
666  1.665000 -0.334927853349
667  1.667500 -0.334969443851
668  1.670000 -0.335039397313
669  1.672500 -0.335137212331
670  1.675000 -0.335262105966
671  1.677500 -0.335412986028
672  1.680000 -0.335588452125
673  1.682500 -0.335786771773
674  1.685000 -0.336005905035
675  1.687500 -0.336243482366
676  1.690000 -0.336496873385
677  1.692500 -0.336763204131
678  1.695000 -0.337039391143
679  1.697500 -0.337322224319
680  1.700000 -0.337608401098
681  1.702500 -0.337894645291
682  1.705000 -0.338177737031
683  1.707500 -0.338454604145
684  1.710000 -0.338722366066
685  1.712500 -0.338978397179
686  1.715000 -0.339220357279
687  1.717500 -0.339446225559
688  1.720000 -0.339654314941
689  1.722500 -0.339843266438
690  1.725000 -0.340012059069
691  1.727500 -0.340159987843
692  1.730000 -0.340286634516
693  1.732500 -0.340391856404
694  1.735000 -0.340475765811
695  1.737500 -0.340538696897
696  1.740000 -0.340581174940
697  1.742500 -0.340603916009
698  1.745000 -0.340607777023
699  1.747500 -0.340593745325
700  1.750000 -0.340562916918
701  1.752500 -0.340516485660
702  1.755000 -0.340455725800
703  1.757500 -0.340381971746
704  1.760000 -0.340296617445
705  1.762500 -0.340201095905
706  1.765000 -0.340096877840
707  1.767500 -0.339985463901
708  1.770000 -0.339868367373
709  1.772500 -0.339747124888
710  1.775000 -0.339623273284
711  1.777500 -0.339498357251
712  1.780000 -0.339373910940
713  1.782500 -0.339251479560
714  1.785000 -0.339132600309
715  1.787500 -0.339018781290
716  1.790000 -0.338911532892
717  1.792500 -0.338812336140
718  1.795000 -0.338722649689
719  1.797500 -0.338643904143
720  1.800000 -0.338577496536
721  1.802500 -0.338524781470
722  1.805000 -0.338487060106
723  1.807500 -0.338465579166
724  1.810000 -0.338461519824
725  1.812500 -0.338475986169
726  1.815000 -0.338509996011
727  1.817500 -0.338564451554
728  1.820000 -0.338640150346
729  1.822500 -0.338737746035
730  1.825000 -0.338857741253
731  1.827500 -0.339000460719
732  1.830000 -0.339166029828
733  1.832500 -0.339354354979
734  1.835000 -0.339565112878
735  1.837500 -0.339797698286
736  1.840000 -0.340051230688
737  1.842500 -0.340324532504
738  1.845000 -0.340616117149
739  1.847500 -0.340924186743
740  1.850000 -0.341246646307
741  1.852500 -0.341581115886
742  1.855000 -0.341924963460
743  1.857500 -0.342275340965
744  1.860000 -0.342629252738
745  1.862500 -0.342983597500
746  1.865000 -0.343335243178
747  1.867500 -0.343681093006
748  1.870000 -0.344018161548
749  1.872500 -0.344343629469
750  1.875000 -0.344654897518
751  1.877500 -0.344949622520
752  1.880000 -0.345225751148
753  1.882500 -0.345481543472
754  1.885000 -0.345715566220
755  1.887500 -0.345926695130
756  1.890000 -0.346114117300
757  1.892500 -0.346277282841
758  1.895000 -0.346415919543
759  1.897500 -0.346529986037
760  1.900000 -0.346619647450
761  1.902500 -0.346685260158
762  1.905000 -0.346727340722
763  1.907500 -0.346746553291
764  1.910000 -0.346743674708
765  1.912500 -0.346719581127
766  1.915000 -0.346675244661
767  1.917500 -0.346611692404
768  1.920000 -0.346530020643
769  1.922500 -0.346431371594
770  1.925000 -0.346316907930
771  1.927500 -0.346187824282
772  1.930000 -0.346045331255
773  1.932500 -0.345890648437
774  1.935000 -0.345725009673
775  1.937500 -0.345549644378
776  1.940000 -0.345365779318
777  1.942500 -0.345174626064
778  1.945000 -0.344977388755
779  1.947500 -0.344775265255
780  1.950000 -0.344569425034
781  1.952500 -0.344361017927
782  1.955000 -0.344151169980
783  1.957500 -0.343940985656
784  1.960000 -0.343731548479
785  1.962500 -0.343523896912
786  1.965000 -0.343319040973
787  1.967500 -0.343117956823
788  1.970000 -0.342921576545
789  1.972500 -0.342730793632
790  1.975000 -0.342546456126
791  1.977500 -0.342369367823
792  1.980000 -0.342200269528
793  1.982500 -0.342039852284
794  1.985000 -0.341888745989
795  1.987500 -0.341747521042
796  1.990000 -0.341616664776
797  1.992500 -0.341496604610
798  1.995000 -0.341387685981
799  1.997500 -0.341290180636
800  2.000000 -0.341204261803
801  2.002500 -0.341130032584
802  2.005000 -0.341067495176
803  2.007500 -0.341016556681
804  2.010000 -0.340977035402
805  2.012500 -0.340948653827
806  2.015000 -0.340931035249
807  2.017500 -0.340923710484
808  2.020000 -0.340926119888
809  2.022500 -0.340937631545
810  2.025000 -0.340957527431
811  2.027500 -0.340985022861
812  2.030000 -0.341019274041
813  2.032500 -0.341059392726
814  2.035000 -0.341104454246
815  2.037500 -0.341153509956
816  2.040000 -0.341205594219
817  2.042500 -0.341259760978
818  2.045000 -0.341315061900
819  2.047500 -0.341370594218
820  2.050000 -0.341425486011
821  2.052500 -0.341478935080
822  2.055000 -0.341530192386
823  2.057500 -0.341578580059
824  2.060000 -0.341623495464
825  2.062500 -0.341664424113
826  2.065000 -0.341700928984
827  2.067500 -0.341732652043
828  2.070000 -0.341759326871
829  2.072500 -0.341780765094
830  2.075000 -0.341796860926
831  2.077500 -0.341807586263
832  2.080000 -0.341812980265
833  2.082500 -0.341813149732
834  2.085000 -0.341808263118
835  2.087500 -0.341798540732
836  2.090000 -0.341784246497
837  2.092500 -0.341765690585
838  2.095000 -0.341743217108
839  2.097500 -0.341717200299
840  2.100000 -0.341688036894
841  2.102500 -0.341656140056
842  2.105000 -0.341621937808
843  2.107500 -0.341585850804
844  2.110000 -0.341548306216
845  2.112500 -0.341509721033
846  2.115000 -0.341470491354
847  2.117500 -0.341431005426
848  2.120000 -0.341391623524
849  2.122500 -0.341352674350
850  2.125000 -0.341314450711
851  2.127500 -0.341277208137
852  2.130000 -0.341241161590
853  2.132500 -0.341206479154
854  2.135000 -0.341173273866
855  2.137500 -0.341141610105
856  2.140000 -0.341111481530
857  2.142500 -0.341082838638
858  2.145000 -0.341055565389
859  2.147500 -0.341029484125
860  2.150000 -0.341004358353
861  2.152500 -0.340979890502
862  2.155000 -0.340955726754
863  2.157500 -0.340931463113
864  2.160000 -0.340906640189
865  2.162500 -0.340880762523
866  2.165000 -0.340853301674
867  2.167500 -0.340823684597
868  2.170000 -0.340791326339
869  2.172500 -0.340755628570
870  2.175000 -0.340715981320
871  2.177500 -0.340671783747
872  2.180000 -0.340622450122
873  2.182500 -0.340567420868
874  2.185000 -0.340506155098
875  2.187500 -0.340438158569
876  2.190000 -0.340362979667
877  2.192500 -0.340280222757
878  2.195000 -0.340189550935
879  2.197500 -0.340090680764
880  2.200000 -0.339983397196
881  2.202500 -0.339867551232
882  2.205000 -0.339743066170
883  2.207500 -0.339609933006
884  2.210000 -0.339468206959
885  2.212500 -0.339318018071
886  2.215000 -0.339159556953
887  2.217500 -0.338993079530
888  2.220000 -0.338818916437
889  2.222500 -0.338637443089
890  2.225000 -0.338449100479
891  2.227500 -0.338254384056
892  2.230000 -0.338053835276
893  2.232500 -0.337848044950
894  2.235000 -0.337637658248
895  2.237500 -0.337423359017
896  2.240000 -0.337205867251
897  2.242500 -0.336985951182
898  2.245000 -0.336764405340
899  2.247500 -0.336542061054
900  2.250000 -0.336319784321
901  2.252500 -0.336098469953
902  2.255000 -0.335879043810
903  2.257500 -0.335662452727
904  2.260000 -0.335449682977
905  2.262500 -0.335241726747
906  2.265000 -0.335039617453
907  2.267500 -0.334844402349
908  2.270000 -0.334657158539
909  2.272500 -0.334478978117
910  2.275000 -0.334310975520
911  2.277500 -0.334154294502
912  2.280000 -0.334010086381
913  2.282500 -0.333879526147
914  2.285000 -0.333763801251
915  2.287500 -0.333664118153
916  2.290000 -0.333581697140
917  2.292500 -0.333517775334
918  2.295000 -0.333473590510
919  2.297500 -0.333450395769
920  2.300000 -0.333449432190
921  2.302500 -0.333471951323
922  2.305000 -0.333519186675
923  2.307500 -0.333592345938
924  2.310000 -0.333692603782
925  2.312500 -0.333821084013
926  2.315000 -0.333978847799
927  2.317500 -0.334166865132
928  2.320000 -0.334385979149
929  2.322500 -0.334636885410
930  2.325000 -0.334920097790
931  2.327500 -0.335235879528
932  2.330000 -0.335584191727
933  2.332500 -0.335964640039
934  2.335000 -0.336376402892
935  2.337500 -0.336818173622
936  2.340000 -0.337288095257
937  2.342500 -0.337783694441
938  2.345000 -0.338301868048
939  2.347500 -0.338838869607
940  2.350000 -0.339390365396
941  2.352500 -0.339951523633
942  2.355000 -0.340517135413
943  2.357500 -0.341081783537
944  2.360000 -0.341640081135
945  2.362500 -0.342186822286
946  2.365000 -0.342717165869
947  2.367500 -0.343226801106
948  2.370000 -0.343712004109
949  2.372500 -0.344169721056
950  2.375000 -0.344597534310
951  2.377500 -0.344993668409
952  2.380000 -0.345356917111
953  2.382500 -0.345686570297
954  2.385000 -0.345982366437
955  2.387500 -0.346244403033
956  2.390000 -0.346473088600
957  2.392500 -0.346669069251
958  2.395000 -0.346833190153
959  2.397500 -0.346966447879
960  2.400000 -0.347069943442
961  2.402500 -0.347144870400
962  2.405000 -0.347192487804
963  2.407500 -0.347214093675
964  2.410000 -0.347211014132
965  2.412500 -0.347184589701
966  2.415000 -0.347136166147
967  2.417500 -0.347067087357
968  2.420000 -0.346978689313
969  2.422500 -0.346872299842
970  2.425000 -0.346749229856
971  2.427500 -0.346610774753
972  2.430000 -0.346458211854
973  2.432500 -0.346292791854
974  2.435000 -0.346115747744
975  2.437500 -0.345928288744
976  2.440000 -0.345731610062
977  2.442500 -0.345526886289
978  2.445000 -0.345315260799
979  2.447500 -0.345097864425
980  2.450000 -0.344875807787
981  2.452500 -0.344650179089
982  2.455000 -0.344422050962
983  2.457500 -0.344192467898
984  2.460000 -0.343962461897
985  2.462500 -0.343733045813
986  2.465000 -0.343505207597
987  2.467500 -0.343279916880
988  2.470000 -0.343058126137
989  2.472500 -0.342840761047
990  2.475000 -0.342628733530
991  2.477500 -0.342422930479
992  2.480000 -0.342224221407
993  2.482500 -0.342033442292
994  2.485000 -0.341851407008
995  2.487500 -0.341678902615
996  2.490000 -0.341516687286
997  2.492500 -0.341365486375
998  2.495000 -0.341225988037
999  2.497500 -0.341098844624
1000  2.500000 -0.340984666326
1001  2.502500 -0.340884016752
1002  2.505000 -0.340797403643
1003  2.507500 -0.340725286624
1004  2.510000 -0.340668058746
1005  2.512500 -0.340626043357
1006  2.515000 -0.340599493818
1007  2.517500 -0.340588581123
1008  2.520000 -0.340593390103
1009  2.522500 -0.340613911112
1010  2.525000 -0.340650035181
1011  2.527500 -0.340701542548
1012  2.530000 -0.340768098637
1013  2.532500 -0.340849253970
1014  2.535000 -0.340944442906
1015  2.537500 -0.341052972452
1016  2.540000 -0.341174027949
1017  2.542500 -0.341306686712
1018  2.545000 -0.341449908351
1019  2.547500 -0.341602552230
1020  2.550000 -0.341763382113
1021  2.552500 -0.341931096917
1022  2.555000 -0.342104328857
1023  2.557500 -0.342281675412
1024  2.560000 -0.342461719231
1025  2.562500 -0.342643041760
1026  2.565000 -0.342824260191
1027  2.567500 -0.343004031377
1028  2.570000 -0.343181068991
1029  2.572500 -0.343354172931
1030  2.575000 -0.343522243760
1031  2.577500 -0.343684275740
1032  2.580000 -0.343839381124
1033  2.582500 -0.343986792318
1034  2.585000 -0.344125849944
1035  2.587500 -0.344256022619
1036  2.590000 -0.344376886036
1037  2.592500 -0.344488136332
1038  2.595000 -0.344589564938
1039  2.597500 -0.344681066197
1040  2.600000 -0.344762626825
1041  2.602500 -0.344834310162
1042  2.605000 -0.344896252552
1043  2.607500 -0.344948664197
1044  2.610000 -0.344991814330
1045  2.612500 -0.345026025402
1046  2.615000 -0.345051664499
1047  2.617500 -0.345069139962
1048  2.620000 -0.345078895595
1049  2.622500 -0.345081401712
1050  2.625000 -0.345077151306
1051  2.627500 -0.345066663591
1052  2.630000 -0.345050460158
1053  2.632500 -0.345029086805
1054  2.635000 -0.345003094332
1055  2.637500 -0.344973033428
1056  2.640000 -0.344939461942
1057  2.642500 -0.344902928753
1058  2.645000 -0.344863987427
1059  2.647500 -0.344823187667
1060  2.650000 -0.344781065655
1061  2.652500 -0.344738154193
1062  2.655000 -0.344694967887
1063  2.657500 -0.344652014200
1064  2.660000 -0.344609776801
1065  2.662500 -0.344568729584
1066  2.665000 -0.344529327216
1067  2.667500 -0.344491992991
1068  2.670000 -0.344457126919
1069  2.672500 -0.344425113907
1070  2.675000 -0.344396301297
1071  2.677500 -0.344371015610
1072  2.680000 -0.344349549365
1073  2.682500 -0.344332155745
1074  2.685000 -0.344319056883
1075  2.687500 -0.344310436765
1076  2.690000 -0.344306436153
1077  2.692500 -0.344307160238
1078  2.695000 -0.344312666253
1079  2.697500 -0.344322966666
1080  2.700000 -0.344338027060
1081  2.702500 -0.344357773537
1082  2.705000 -0.344382077010
1083  2.707500 -0.344410759809
1084  2.710000 -0.344443603670
1085  2.712500 -0.344480333763
1086  2.715000 -0.344520635330
1087  2.717500 -0.344564148837
1088  2.720000 -0.344610474012
1089  2.722500 -0.344659175470
1090  2.725000 -0.344709779750
1091  2.727500 -0.344761785227
1092  2.730000 -0.344814666794
1093  2.732500 -0.344867882554
1094  2.735000 -0.344920874631
1095  2.737500 -0.344973078395
1096  2.740000 -0.345023929605
1097  2.742500 -0.345072872298
1098  2.745000 -0.345119363311
1099  2.747500 -0.345162878236
1100  2.750000 -0.345202913996
1101  2.752500 -0.345239001747
1102  2.755000 -0.345270707217
1103  2.757500 -0.345297632536
1104  2.760000 -0.345319424725
1105  2.762500 -0.345335769558
1106  2.765000 -0.345346407555
1107  2.767500 -0.345351129074
1108  2.770000 -0.345349765648
1109  2.772500 -0.345342210501
1110  2.775000 -0.345328400185
1111  2.777500 -0.345308325562
1112  2.780000 -0.345282021660
1113  2.782500 -0.345249578527
1114  2.785000 -0.345211127505
1115  2.787500 -0.345166843319
1116  2.790000 -0.345116942762
1117  2.792500 -0.345061692750
1118  2.795000 -0.345001392009
1119  2.797500 -0.344936374626
1120  2.800000 -0.344867011170
1121  2.802500 -0.344793706875
1122  2.805000 -0.344716897229
1123  2.807500 -0.344637048004
1124  2.810000 -0.344554651386
1125  2.812500 -0.344470227356
1126  2.815000 -0.344384321358
1127  2.817500 -0.344297499586
1128  2.820000 -0.344210351306
1129  2.822500 -0.344123487913
1130  2.825000 -0.344037542290
1131  2.827500 -0.343953156059
1132  2.830000 -0.343871006040
1133  2.832500 -0.343791773949
1134  2.835000 -0.343716156605
1135  2.837500 -0.343644870352
1136  2.840000 -0.343578644507
1137  2.842500 -0.343518218808
1138  2.845000 -0.343464347155
1139  2.847500 -0.343417796423
1140  2.850000 -0.343379340906
1141  2.852500 -0.343349753695
1142  2.855000 -0.343329823209
1143  2.857500 -0.343320336423
1144  2.860000 -0.343322090875
1145  2.862500 -0.343335865115
1146  2.865000 -0.343362442699
1147  2.867500 -0.343402590483
1148  2.870000 -0.343457058721
1149  2.872500 -0.343526571127
1150  2.875000 -0.343611823289
1151  2.877500 -0.343713462842
1152  2.880000 -0.343832085613
1153  2.882500 -0.343968217303
1154  2.885000 -0.344122301705
1155  2.887500 -0.344294668435
1156  2.890000 -0.344485535363
1157  2.892500 -0.344694969512
1158  2.895000 -0.344922850376
1159  2.897500 -0.345168858762
1160  2.900000 -0.345432444317
1161  2.902500 -0.345712790825
1162  2.905000 -0.346008797123
1163  2.907500 -0.346319057991
1164  2.910000 -0.346641837103
1165  2.912500 -0.346975084382
1166  2.915000 -0.347316452856
1167  2.917500 -0.347663307160
1168  2.920000 -0.348012798155
1169  2.922500 -0.348361926493
1170  2.925000 -0.348707596874
1171  2.927500 -0.349046732411
1172  2.930000 -0.349376329599
1173  2.932500 -0.349693563909
1174  2.935000 -0.349995842615
1175  2.937500 -0.350280863716
1176  2.940000 -0.350546633092
1177  2.942500 -0.350791492671
1178  2.945000 -0.351014117252
1179  2.947500 -0.351213492662
1180  2.950000 -0.351388919077
1181  2.952500 -0.351539960577
1182  2.955000 -0.351666423084
1183  2.957500 -0.351768322492
1184  2.960000 -0.351845862461
1185  2.962500 -0.351899393674
1186  2.965000 -0.351929400134
1187  2.967500 -0.351936469259
1188  2.970000 -0.351921284691
1189  2.972500 -0.351884601133
1190  2.975000 -0.351827225718
1191  2.977500 -0.351750014745
1192  2.980000 -0.351653853517
1193  2.982500 -0.351539664049
1194  2.985000 -0.351408380458
1195  2.987500 -0.351260953600
1196  2.990000 -0.351098347240
1197  2.992500 -0.350921535046
1198  2.995000 -0.350731490173
1199  2.997500 -0.350529192875
1200  3.000000 -0.350315621340
1201  3.002500 -0.350091752207
1202  3.005000 -0.349858563255
1203  3.007500 -0.349617028242
1204  3.010000 -0.349368119510
1205  3.012500 -0.349112810051
1206  3.015000 -0.348852070147
1207  3.017500 -0.348586866161
1208  3.020000 -0.348318169945
1209  3.022500 -0.348046947654
1210  3.025000 -0.347774166245
1211  3.027500 -0.347500796569
1212  3.030000 -0.347227810826
1213  3.032500 -0.346956183158
1214  3.035000 -0.346686892236
1215  3.037500 -0.346420917227
1216  3.040000 -0.346159244577
1217  3.042500 -0.345902871721
1218  3.045000 -0.345652798516
1219  3.047500 -0.345410035404
1220  3.050000 -0.345175599531
1221  3.052500 -0.344950520738
1222  3.055000 -0.344735839143
1223  3.057500 -0.344532607353
1224  3.060000 -0.344341886981
1225  3.062500 -0.344164753900
1226  3.065000 -0.344002290568
1227  3.067500 -0.343855600128
1228  3.070000 -0.343725792708
1229  3.072500 -0.343613988739
1230  3.075000 -0.343521314904
1231  3.077500 -0.343448903469
1232  3.080000 -0.343397887298
1233  3.082500 -0.343369389519
1234  3.085000 -0.343364514928
1235  3.087500 -0.343384349802
1236  3.090000 -0.343429933771
1237  3.092500 -0.343502240553
1238  3.095000 -0.343602165503
1239  3.097500 -0.343730486128
1240  3.100000 -0.343887820101
1241  3.102500 -0.344074579770
1242  3.105000 -0.344290918343
1243  3.107500 -0.344536662123
1244  3.110000 -0.344811230324
1245  3.112500 -0.345113559211
1246  3.115000 -0.345442018496
1247  3.117500 -0.345794354034
1248  3.120000 -0.346167639355
1249  3.122500 -0.346558259772
1250  3.125000 -0.346961980442
1251  3.127500 -0.347374049364
1252  3.130000 -0.347789381311
1253  3.132500 -0.348202754958
1254  3.135000 -0.348609065359
1255  3.137500 -0.349003544938
1256  3.140000 -0.349381926053
1257  3.142500 -0.349740583681
1258  3.145000 -0.350076576736
1259  3.147500 -0.350387651607
1260  3.150000 -0.350672205511
1261  3.152500 -0.350929218949
1262  3.155000 -0.351158169532
1263  3.157500 -0.351358953914
1264  3.160000 -0.351531806708
1265  3.162500 -0.351677226648
1266  3.165000 -0.351795924973
1267  3.167500 -0.351888764609
1268  3.170000 -0.351956731384
1269  3.172500 -0.352000889577
1270  3.175000 -0.352022364366
1271  3.177500 -0.352022317097
1272  3.180000 -0.352001929354
1273  3.182500 -0.351962392595
1274  3.185000 -0.351904897611
1275  3.187500 -0.351830630710
1276  3.190000 -0.351740765266
1277  3.192500 -0.351636461864
1278  3.195000 -0.351518859044
1279  3.197500 -0.351389082858
1280  3.200000 -0.351248234824
1281  3.202500 -0.351097396614
1282  3.205000 -0.350937631479
1283  3.207500 -0.350769977006
1284  3.210000 -0.350595453527
1285  3.212500 -0.350415056166
1286  3.215000 -0.350229764958
1287  3.217500 -0.350040535349
1288  3.220000 -0.349848305023
1289  3.222500 -0.349653990251
1290  3.225000 -0.349458491033
1291  3.227500 -0.349262682320
1292  3.230000 -0.349067419505
1293  3.232500 -0.348873540655
1294  3.235000 -0.348681863253
1295  3.237500 -0.348493178753
1296  3.240000 -0.348308259876
1297  3.242500 -0.348127853987
1298  3.245000 -0.347952685781
1299  3.247500 -0.347783450072
1300  3.250000 -0.347620815628
1301  3.252500 -0.347465421999
1302  3.255000 -0.347317868066
1303  3.257500 -0.347178716442
1304  3.260000 -0.347048495485
1305  3.262500 -0.346927686887
1306  3.265000 -0.346816721234
1307  3.267500 -0.346715981457
1308  3.270000 -0.346625783790
1309  3.272500 -0.346546390188
1310  3.275000 -0.346477986572
1311  3.277500 -0.346420694044
1312  3.280000 -0.346374547698
1313  3.282500 -0.346339499725
1314  3.285000 -0.346315417516
1315  3.287500 -0.346302074943
1316  3.290000 -0.346299145374
1317  3.292500 -0.346306214460
1318  3.295000 -0.346322767170
1319  3.297500 -0.346348195202
1320  3.300000 -0.346381803237
1321  3.302500 -0.346422816204
1322  3.305000 -0.346470384810
1323  3.307500 -0.346523602069
1324  3.310000 -0.346581514311
1325  3.312500 -0.346643136361
1326  3.315000 -0.346707474804
1327  3.317500 -0.346773530617
1328  3.320000 -0.346840332303
1329  3.322500 -0.346906945042
1330  3.325000 -0.346972483432
1331  3.327500 -0.347036130090
1332  3.330000 -0.347097140118
1333  3.332500 -0.347154859250
1334  3.335000 -0.347208716786
1335  3.337500 -0.347258240237
1336  3.340000 -0.347303052446
1337  3.342500 -0.347342873560
1338  3.345000 -0.347377514120
1339  3.347500 -0.347406874406
1340  3.350000 -0.347430941853
1341  3.352500 -0.347449781313
1342  3.355000 -0.347463525810
1343  3.357500 -0.347472385430
1344  3.360000 -0.347476620536
1345  3.362500 -0.347476555165
1346  3.365000 -0.347472559552
1347  3.367500 -0.347465039472
1348  3.370000 -0.347454445676
1349  3.372500 -0.347441254243
1350  3.375000 -0.347425971541
1351  3.377500 -0.347409117457
1352  3.380000 -0.347391239637
1353  3.382500 -0.347372887408
1354  3.385000 -0.347354627344
1355  3.387500 -0.347337023799
1356  3.390000 -0.347320638179
1357  3.392500 -0.347306032418
1358  3.395000 -0.347293755771
1359  3.397500 -0.347284347164
1360  3.400000 -0.347278326653
1361  3.402500 -0.347276194258
1362  3.405000 -0.347278423390
1363  3.407500 -0.347285454622
1364  3.410000 -0.347297689334
1365  3.412500 -0.347315488854
1366  3.415000 -0.347339169557
1367  3.417500 -0.347368989207
1368  3.420000 -0.347405154283
1369  3.422500 -0.347447796752
1370  3.425000 -0.347496983737
1371  3.427500 -0.347552699691
1372  3.430000 -0.347614849130
1373  3.432500 -0.347683253148
1374  3.435000 -0.347757633637
1375  3.437500 -0.347837623116
1376  3.440000 -0.347922756274
1377  3.442500 -0.348012478865
1378  3.445000 -0.348106144653
1379  3.447500 -0.348203025366
1380  3.450000 -0.348302318994
1381  3.452500 -0.348403156072
1382  3.455000 -0.348504614256
1383  3.457500 -0.348605738996
1384  3.460000 -0.348705545234
1385  3.462500 -0.348803049689
1386  3.465000 -0.348897282117
1387  3.467500 -0.348987303586
1388  3.470000 -0.349072221041
1389  3.472500 -0.349151193691
1390  3.475000 -0.349223460077
1391  3.477500 -0.349288342128
1392  3.480000 -0.349345242758
1393  3.482500 -0.349393661472
1394  3.485000 -0.349433190779
1395  3.487500 -0.349463519253
1396  3.490000 -0.349484431282
1397  3.492500 -0.349495799625
1398  3.495000 -0.349497580740
1399  3.497500 -0.349489815866
1400  3.500000 -0.349472623229
1401  3.502500 -0.349446184010
1402  3.505000 -0.349410744018
1403  3.507500 -0.349366608837
1404  3.510000 -0.349314133520
1405  3.512500 -0.349253722770
1406  3.515000 -0.349185817129
1407  3.517500 -0.349110898382
1408  3.520000 -0.349029479722
1409  3.522500 -0.348942097256
1410  3.525000 -0.348849313038
1411  3.527500 -0.348751709154
1412  3.530000 -0.348649886067
1413  3.532500 -0.348544456054
1414  3.535000 -0.348436046550
1415  3.537500 -0.348325291514
1416  3.540000 -0.348212835077
1417  3.542500 -0.348099323065
1418  3.545000 -0.347985409121
1419  3.547500 -0.347871744798
1420  3.550000 -0.347758981972
1421  3.552500 -0.347647770890
1422  3.555000 -0.347538756732
1423  3.557500 -0.347432582125
1424  3.560000 -0.347329875146
1425  3.562500 -0.347231261222
1426  3.565000 -0.347137350483
1427  3.567500 -0.347048736416
1428  3.570000 -0.346965996993
1429  3.572500 -0.346889691968
1430  3.575000 -0.346820349963
1431  3.577500 -0.346758475651
1432  3.580000 -0.346704540967
1433  3.582500 -0.346658976305
1434  3.585000 -0.346622177440
1435  3.587500 -0.346594486794
1436  3.590000 -0.346576193979
1437  3.592500 -0.346567531195
1438  3.595000 -0.346568659735
1439  3.597500 -0.346579665513
1440  3.600000 -0.346600561534
1441  3.602500 -0.346631263840
1442  3.605000 -0.346671597056
1443  3.607500 -0.346721290274
1444  3.610000 -0.346779962612
1445  3.612500 -0.346847137014
1446  3.615000 -0.346922220220
1447  3.617500 -0.347004517913
1448  3.620000 -0.347093237847
1449  3.622500 -0.347187492384
1450  3.625000 -0.347286319900
1451  3.627500 -0.347388683707
1452  3.630000 -0.347493505595
1453  3.632500 -0.347599674869
1454  3.635000 -0.347706071912
1455  3.637500 -0.347811586483
1456  3.640000 -0.347915140252
1457  3.642500 -0.348015707109
1458  3.645000 -0.348112330102
1459  3.647500 -0.348204128718
1460  3.650000 -0.348290327635
1461  3.652500 -0.348370242545
1462  3.655000 -0.348443303631
1463  3.657500 -0.348509046902
1464  3.660000 -0.348567118048
1465  3.662500 -0.348617269702
1466  3.665000 -0.348659358725
1467  3.667500 -0.348693337077
1468  3.670000 -0.348719243580
1469  3.672500 -0.348737199480
1470  3.675000 -0.348747406553
1471  3.677500 -0.348750128695
1472  3.680000 -0.348745698381
1473  3.682500 -0.348734495301
1474  3.685000 -0.348716949794
1475  3.687500 -0.348693534546
1476  3.690000 -0.348664756228
1477  3.692500 -0.348631156774
1478  3.695000 -0.348593300030
1479  3.697500 -0.348551776727
1480  3.700000 -0.348507195367
1481  3.702500 -0.348460179085
1482  3.705000 -0.348411362038
1483  3.707500 -0.348361389662
1484  3.710000 -0.348310914615
1485  3.712500 -0.348260589548
1486  3.715000 -0.348211072655
1487  3.717500 -0.348163020598
1488  3.720000 -0.348117083359
1489  3.722500 -0.348073905692
1490  3.725000 -0.348034125158
1491  3.727500 -0.347998363907
1492  3.730000 -0.347967231874
1493  3.732500 -0.347941315636
1494  3.735000 -0.347921180351
1495  3.737500 -0.347907365208
1496  3.740000 -0.347900373690
1497  3.742500 -0.347900675469
1498  3.745000 -0.347908695355
1499  3.747500 -0.347924805826
1500  3.750000 -0.347949320204
1501  3.752500 -0.347982491815
1502  3.755000 -0.348024494872
1503  3.757500 -0.348075425513
1504  3.760000 -0.348135286121
1505  3.762500 -0.348203981263
1506  3.765000 -0.348281305558
1507  3.767500 -0.348366944442
1508  3.770000 -0.348460456637
1509  3.772500 -0.348561280654
1510  3.775000 -0.348668730424
1511  3.777500 -0.348781999842
1512  3.780000 -0.348900165313
1513  3.782500 -0.349022197547
1514  3.785000 -0.349146980950
1515  3.787500 -0.349273324623
1516  3.790000 -0.349399991411
1517  3.792500 -0.349525716308
1518  3.795000 -0.349649235001
1519  3.797500 -0.349769314800
1520  3.800000 -0.349884769652
1521  3.802500 -0.349994488378
1522  3.805000 -0.350097451507
1523  3.807500 -0.350192747956
1524  3.810000 -0.350279582784
1525  3.812500 -0.350357286412
1526  3.815000 -0.350425312444
1527  3.817500 -0.350483247793
1528  3.820000 -0.350530800039
1529  3.822500 -0.350567793213
1530  3.825000 -0.350594156175
1531  3.827500 -0.350609928571
1532  3.830000 -0.350615237372
1533  3.832500 -0.350610295158
1534  3.835000 -0.350595389490
1535  3.837500 -0.350570873443
1536  3.840000 -0.350537161839
1537  3.842500 -0.350494717413
1538  3.845000 -0.350444050641
1539  3.847500 -0.350385713650
1540  3.850000 -0.350320290765
1541  3.852500 -0.350248395775
1542  3.855000 -0.350170670994
1543  3.857500 -0.350087775781
1544  3.860000 -0.350000393578
1545  3.862500 -0.349909221470
1546  3.865000 -0.349814974420
1547  3.867500 -0.349718376555
1548  3.870000 -0.349620168836
1549  3.872500 -0.349521097144
1550  3.875000 -0.349421915666
1551  3.877500 -0.349323389353
1552  3.880000 -0.349226290655
1553  3.882500 -0.349131396537
1554  3.885000 -0.349039487462
1555  3.887500 -0.348951353644
1556  3.890000 -0.348867782295
1557  3.892500 -0.348789568797
1558  3.895000 -0.348717507848
1559  3.897500 -0.348652395156
1560  3.900000 -0.348595026850
1561  3.902500 -0.348546189511
1562  3.905000 -0.348506670869
1563  3.907500 -0.348477244944
1564  3.910000 -0.348458668697
1565  3.912500 -0.348451686348
1566  3.915000 -0.348457015506
1567  3.917500 -0.348475340113
1568  3.920000 -0.348507301219
1569  3.922500 -0.348553487361
1570  3.925000 -0.348614420664
1571  3.927500 -0.348690540645
1572  3.930000 -0.348782183391
1573  3.932500 -0.348889564715
1574  3.935000 -0.349012753200
1575  3.937500 -0.349151642211
1576  3.940000 -0.349305924253
1577  3.942500 -0.349475065391
1578  3.945000 -0.349658269954
1579  3.947500 -0.349854466320
1580  3.950000 -0.350062291010
1581  3.952500 -0.350280079644
1582  3.955000 -0.350505891819
1583  3.957500 -0.350737532915
1584  3.960000 -0.350972604373
1585  3.962500 -0.351208561205
1586  3.965000 -0.351442802656
1587  3.967500 -0.351672747861
1588  3.970000 -0.351895917418
1589  3.972500 -0.352110005134
1590  3.975000 -0.352312939857
1591  3.977500 -0.352502920296
1592  3.980000 -0.352678438170
1593  3.982500 -0.352838288648
1594  3.985000 -0.352981557670
1595  3.987500 -0.353107601177
1596  3.990000 -0.353216024689
1597  3.992500 -0.353306653887
1598  3.995000 -0.353379498780
1599  3.997500 -0.353434732695
1600  4.000000 -0.353472663831
1601  4.002500 -0.353493714355
1602  4.005000 -0.353498394015
1603  4.007500 -0.353487283974
1604  4.010000 -0.353461022442
1605  4.012500 -0.353420295937
1606  4.015000 -0.353365822483
1607  4.017500 -0.353298346991
1608  4.020000 -0.353218629887
1609  4.022500 -0.353127446326
1610  4.025000 -0.353025579752
1611  4.027500 -0.352913820050
1612  4.030000 -0.352792959303
1613  4.032500 -0.352663787623
1614  4.035000 -0.352527096500
1615  4.037500 -0.352383669776
1616  4.040000 -0.352234290798
1617  4.042500 -0.352079738653
1618  4.045000 -0.351920786937
1619  4.047500 -0.351758203037
1620  4.050000 -0.351592748259
1621  4.052500 -0.351425183429
1622  4.055000 -0.351256262126
1623  4.057500 -0.351086732222
1624  4.060000 -0.350917336638
1625  4.062500 -0.350748814282
1626  4.065000 -0.350581900157
1627  4.067500 -0.350417324592
1628  4.070000 -0.350255813715
1629  4.072500 -0.350098083231
1630  4.075000 -0.349944849400
1631  4.077500 -0.349796820287
1632  4.080000 -0.349654700014
1633  4.082500 -0.349519182460
1634  4.085000 -0.349390955200
1635  4.087500 -0.349270695047
1636  4.090000 -0.349159070676
1637  4.092500 -0.349056732861
1638  4.095000 -0.348964315224
1639  4.097500 -0.348882432196
1640  4.100000 -0.348811671527
1641  4.102500 -0.348752594526
1642  4.105000 -0.348705721065
1643  4.107500 -0.348671530105
1644  4.110000 -0.348650451264
1645  4.112500 -0.348642846879
1646  4.115000 -0.348649015931
1647  4.117500 -0.348669162932
1648  4.120000 -0.348703399028
1649  4.122500 -0.348751718504
1650  4.125000 -0.348813990387
1651  4.127500 -0.348889928191
1652  4.130000 -0.348979094911
1653  4.132500 -0.349080869353
1654  4.135000 -0.349194453114
1655  4.137500 -0.349318850163
1656  4.140000 -0.349452874312
1657  4.142500 -0.349595160090
1658  4.145000 -0.349744172464
1659  4.147500 -0.349898237075
1660  4.150000 -0.350055574581
1661  4.152500 -0.350214344426
1662  4.155000 -0.350372686969
1663  4.157500 -0.350528773929
1664  4.160000 -0.350680846516
1665  4.162500 -0.350827271143
1666  4.165000 -0.350966555182
1667  4.167500 -0.351097381292
1668  4.170000 -0.351218619105
1669  4.172500 -0.351329333691
1670  4.175000 -0.351428778263
1671  4.177500 -0.351516393983
1672  4.180000 -0.351591794506
1673  4.182500 -0.351654748170
1674  4.185000 -0.351705167154
1675  4.187500 -0.351743091521
1676  4.190000 -0.351768663150
1677  4.192500 -0.351782120174
1678  4.195000 -0.351783781913
1679  4.197500 -0.351774029624
1680  4.200000 -0.351753308130
1681  4.202500 -0.351722097481
1682  4.205000 -0.351680919494
1683  4.207500 -0.351630328171
1684  4.210000 -0.351570895674
1685  4.212500 -0.351503214862
1686  4.215000 -0.351427892475
1687  4.217500 -0.351345542562
1688  4.220000 -0.351256790582
1689  4.222500 -0.351162266678
1690  4.225000 -0.351062599242
1691  4.227500 -0.350958422133
1692  4.230000 -0.350850366961
1693  4.232500 -0.350739061795
1694  4.235000 -0.350625135760
1695  4.237500 -0.350509213276
1696  4.240000 -0.350391911531
1697  4.242500 -0.350273846005
1698  4.245000 -0.350155624123
1699  4.247500 -0.350037848532
1700  4.250000 -0.349921120453
1701  4.252500 -0.349806027672
1702  4.255000 -0.349693154282
1703  4.257500 -0.349583073915
1704  4.260000 -0.349476351884
1705  4.262500 -0.349373543946
1706  4.265000 -0.349275192137
1707  4.267500 -0.349181829461
1708  4.270000 -0.349093976475
1709  4.272500 -0.349012136533
1710  4.275000 -0.348936793728
1711  4.277500 -0.348868415011
1712  4.280000 -0.348807443593
1713  4.282500 -0.348754296464
1714  4.285000 -0.348709366968
1715  4.287500 -0.348673011970
1716  4.290000 -0.348645552391
1717  4.292500 -0.348627269372
1718  4.295000 -0.348618392309
1719  4.297500 -0.348619102427
1720  4.300000 -0.348629521679
1721  4.302500 -0.348649707544
1722  4.305000 -0.348679640694
1723  4.307500 -0.348719227168
1724  4.310000 -0.348768287008
1725  4.312500 -0.348826546973
1726  4.315000 -0.348893637510
1727  4.317500 -0.348969092356
1728  4.320000 -0.349052343286
1729  4.322500 -0.349142716039
1730  4.325000 -0.349239444338
1731  4.327500 -0.349341666341
1732  4.330000 -0.349448439391
1733  4.332500 -0.349558751475
1734  4.335000 -0.349671532874
1735  4.337500 -0.349785676121
1736  4.340000 -0.349900064472
1737  4.342500 -0.350013573041
1738  4.345000 -0.350125108629
1739  4.347500 -0.350233613448
1740  4.350000 -0.350338093203
1741  4.352500 -0.350437629501
1742  4.355000 -0.350531381792
1743  4.357500 -0.350618608502
1744  4.360000 -0.350698666064
1745  4.362500 -0.350771007843
1746  4.365000 -0.350835191620
1747  4.367500 -0.350890869978
1748  4.370000 -0.350937791790
1749  4.372500 -0.350975787895
1750  4.375000 -0.351004776725
1751  4.377500 -0.351024743901
1752  4.380000 -0.351035746586
1753  4.382500 -0.351037898135
1754  4.385000 -0.351031369134
1755  4.387500 -0.351016374300
1756  4.390000 -0.350993170878
1757  4.392500 -0.350962051166
1758  4.395000 -0.350923336514
1759  4.397500 -0.350877376846
1760  4.400000 -0.350824544272
1761  4.402500 -0.350765227152
1762  4.405000 -0.350699835574
1763  4.407500 -0.350628784878
1764  4.410000 -0.350552506702
1765  4.412500 -0.350471440312
1766  4.415000 -0.350386032467
1767  4.417500 -0.350296737483
1768  4.420000 -0.350204009414
1769  4.422500 -0.350108308794
1770  4.425000 -0.350010097596
1771  4.427500 -0.349909842728
1772  4.430000 -0.349808008874
1773  4.432500 -0.349705062455
1774  4.435000 -0.349601468860
1775  4.437500 -0.349497692823
1776  4.440000 -0.349394199091
1777  4.442500 -0.349291450564
1778  4.445000 -0.349189909015
1779  4.447500 -0.349090032443
1780  4.450000 -0.348992280335
1781  4.452500 -0.348897105490
1782  4.455000 -0.348804957657
1783  4.457500 -0.348716285020
1784  4.460000 -0.348631528388
1785  4.462500 -0.348551124899
1786  4.465000 -0.348475505269
1787  4.467500 -0.348405092163
1788  4.470000 -0.348340300556
1789  4.472500 -0.348281539784
1790  4.475000 -0.348229204005
1791  4.477500 -0.348183676736
1792  4.480000 -0.348145325100
1793  4.482500 -0.348114500754
1794  4.485000 -0.348091537685
1795  4.487500 -0.348076743726
1796  4.490000 -0.348070403984
1797  4.492500 -0.348072773817
1798  4.495000 -0.348084075606
1799  4.497500 -0.348104490153
1800  4.500000 -0.348134158871
1801  4.502500 -0.348173170745
1802  4.505000 -0.348221564565
1803  4.507500 -0.348279317128
1804  4.510000 -0.348346337314
1805  4.512500 -0.348422461132
1806  4.515000 -0.348507451074
1807  4.517500 -0.348600982097
1808  4.520000 -0.348702643461
1809  4.522500 -0.348811931896
1810  4.525000 -0.348928256920
1811  4.527500 -0.349050937053
1812  4.530000 -0.349179198838
1813  4.532500 -0.349312193029
1814  4.535000 -0.349448997295
1815  4.537500 -0.349588633006
1816  4.540000 -0.349730073964
1817  4.542500 -0.349872266300
1818  4.545000 -0.350014144141
1819  4.547500 -0.350154650617
1820  4.550000 -0.350292753526
1821  4.552500 -0.350427463540
1822  4.555000 -0.350557848270
1823  4.557500 -0.350683048575
1824  4.560000 -0.350802280399
1825  4.562500 -0.350914850461
1826  4.565000 -0.351020156336
1827  4.567500 -0.351117689431
1828  4.570000 -0.351207032883
1829  4.572500 -0.351287862098
1830  4.575000 -0.351359936791
1831  4.577500 -0.351423094978
1832  4.580000 -0.351477253474
1833  4.582500 -0.351522395015
1834  4.585000 -0.351558567760
1835  4.587500 -0.351585874230
1836  4.590000 -0.351604469029
1837  4.592500 -0.351614545932
1838  4.595000 -0.351616340484
1839  4.597500 -0.351610120264
1840  4.600000 -0.351596182971
1841  4.602500 -0.351574852750
1842  4.605000 -0.351546472464
1843  4.607500 -0.351511402820
1844  4.610000 -0.351470020383
1845  4.612500 -0.351422715591
1846  4.615000 -0.351369889370
1847  4.617500 -0.351311951084
1848  4.620000 -0.351249314356
1849  4.622500 -0.351182399053
1850  4.625000 -0.351111627553
1851  4.627500 -0.351037424270
1852  4.630000 -0.350960220043
1853  4.632500 -0.350880440428
1854  4.635000 -0.350798512224
1855  4.637500 -0.350714859178
1856  4.640000 -0.350629905204
1857  4.642500 -0.350544071339
1858  4.645000 -0.350457774187
1859  4.647500 -0.350371424984
1860  4.650000 -0.350285429836
1861  4.652500 -0.350200189905
1862  4.655000 -0.350116099396
1863  4.657500 -0.350033544214
1864  4.660000 -0.349952901839
1865  4.662500 -0.349874540802
1866  4.665000 -0.349798819028
1867  4.667500 -0.349726080765
1868  4.670000 -0.349656657002
1869  4.672500 -0.349590865572
1870  4.675000 -0.349529007689
1871  4.677500 -0.349471368294
1872  4.680000 -0.349418211907
1873  4.682500 -0.349369778887
1874  4.685000 -0.349326288239
1875  4.687500 -0.349287933418
1876  4.690000 -0.349254881638
1877  4.692500 -0.349227268899
1878  4.695000 -0.349205197773
1879  4.697500 -0.349188737005
1880  4.700000 -0.349177918978
1881  4.702500 -0.349172736831
1882  4.705000 -0.349173140914
1883  4.707500 -0.349179043514
1884  4.710000 -0.349190308839
1885  4.712500 -0.349206761315
1886  4.715000 -0.349228176735
1887  4.717500 -0.349254289767
1888  4.720000 -0.349284785582
1889  4.722500 -0.349319318998
1890  4.725000 -0.349357499879
1891  4.727500 -0.349398905802
1892  4.730000 -0.349443085296
1893  4.732500 -0.349489563557
1894  4.735000 -0.349537845988
1895  4.737500 -0.349587430752
1896  4.740000 -0.349637809833
1897  4.742500 -0.349688475543
1898  4.745000 -0.349738933441
1899  4.747500 -0.349788705726
1900  4.750000 -0.349837334460
1901  4.752500 -0.349884392876
1902  4.755000 -0.349929484476
1903  4.757500 -0.349972257763
1904  4.760000 -0.350012392451
1905  4.762500 -0.350049616889
1906  4.765000 -0.350083698563
1907  4.767500 -0.350114456889
1908  4.770000 -0.350141751553
1909  4.772500 -0.350165485388
1910  4.775000 -0.350185602997
1911  4.777500 -0.350202091272
1912  4.780000 -0.350214974870
1913  4.782500 -0.350224316503
1914  4.785000 -0.350230212969
1915  4.787500 -0.350232794102
1916  4.790000 -0.350232210021
1917  4.792500 -0.350228642601
1918  4.795000 -0.350222296253
1919  4.797500 -0.350213392005
1920  4.800000 -0.350202171395
1921  4.802500 -0.350188891983
1922  4.805000 -0.350173821587
1923  4.807500 -0.350157242655
1924  4.810000 -0.350139440631
1925  4.812500 -0.350120708927
1926  4.815000 -0.350101345345
1927  4.817500 -0.350081647866
1928  4.820000 -0.350061912287
1929  4.822500 -0.350042434831
1930  4.825000 -0.350023507375
1931  4.827500 -0.350005414838
1932  4.830000 -0.349988431597
1933  4.832500 -0.349972822033
1934  4.835000 -0.349958836606
1935  4.837500 -0.349946711081
1936  4.840000 -0.349936662382
1937  4.842500 -0.349928888505
1938  4.845000 -0.349923564559
1939  4.847500 -0.349920839889
1940  4.850000 -0.349920837880
1941  4.852500 -0.349923654569
1942  4.855000 -0.349929350679
1943  4.857500 -0.349937953753
1944  4.860000 -0.349949455949
1945  4.862500 -0.349963814790
1946  4.865000 -0.349980945078
1947  4.867500 -0.350000726179
1948  4.870000 -0.350022992364
1949  4.872500 -0.350047539920
1950  4.875000 -0.350074129764
1951  4.877500 -0.350102481766
1952  4.880000 -0.350132283866
1953  4.882500 -0.350163190587
1954  4.885000 -0.350194827166
1955  4.887500 -0.350226795716
1956  4.890000 -0.350258677961
1957  4.892500 -0.350290046769
1958  4.895000 -0.350320467891
1959  4.897500 -0.350349504615
1960  4.900000 -0.350376726793
1961  4.902500 -0.350401718921
1962  4.905000 -0.350424078681
1963  4.907500 -0.350443428107
1964  4.910000 -0.350459419889
1965  4.912500 -0.350471735484
1966  4.915000 -0.350480092266
1967  4.917500 -0.350484247598
1968  4.920000 -0.350483995908
1969  4.922500 -0.350479175764
1970  4.925000 -0.350469664650
1971  4.927500 -0.350455380835
1972  4.930000 -0.350436283218
1973  4.932500 -0.350412370920
1974  4.935000 -0.350383678425
1975  4.937500 -0.350350278459
1976  4.940000 -0.350312274602
1977  4.942500 -0.350269806810
1978  4.945000 -0.350223042602
1979  4.947500 -0.350172172125
1980  4.950000 -0.350117418906
1981  4.952500 -0.350059023046
1982  4.955000 -0.349997246633
1983  4.957500 -0.349932376045
1984  4.960000 -0.349864707863
1985  4.962500 -0.349794556238
1986  4.965000 -0.349722249172
1987  4.967500 -0.349648126017
1988  4.970000 -0.349572537957
1989  4.972500 -0.349495841348
1990  4.975000 -0.349418401984
1991  4.977500 -0.349340594179
1992  4.980000 -0.349262793542
1993  4.982500 -0.349185378912
1994  4.985000 -0.349108733348
1995  4.987500 -0.349033237079
1996  4.990000 -0.348959275065
1997  4.992500 -0.348887228166
1998  4.995000 -0.348817473113
1999  4.997500 -0.348750381846
2000  5.000000 -0.348686322764
2001  5.002500 -0.348625653681
2002  5.005000 -0.348568726482
2003  5.007500 -0.348515876688
2004  5.010000 -0.348467427681
2005  5.012500 -0.348423687417
2006  5.015000 -0.348384942972
2007  5.017500 -0.348351462187
2008  5.020000 -0.348323491624
2009  5.022500 -0.348301248273
2010  5.025000 -0.348284915428
2011  5.027500 -0.348274642620
2012  5.030000 -0.348270542763
2013  5.032500 -0.348272689904
2014  5.035000 -0.348281112460
2015  5.037500 -0.348295784099
2016  5.040000 -0.348316630817
2017  5.042500 -0.348343525677
2018  5.045000 -0.348376277140
2019  5.047500 -0.348414642994
2020  5.050000 -0.348458315943
2021  5.052500 -0.348506926817
2022  5.055000 -0.348560050188
2023  5.057500 -0.348617206560
2024  5.060000 -0.348677862785
2025  5.062500 -0.348741445080
2026  5.065000 -0.348807336237
2027  5.067500 -0.348874900037
2028  5.070000 -0.348943477410
2029  5.072500 -0.349012403429
2030  5.075000 -0.349081016637
2031  5.077500 -0.349148672428
2032  5.080000 -0.349214744155
2033  5.082500 -0.349278645472
2034  5.085000 -0.349339831576
2035  5.087500 -0.349397802482
2036  5.090000 -0.349452120077
2037  5.092500 -0.349502401430
2038  5.095000 -0.349548323729
2039  5.097500 -0.349589624856
2040  5.100000 -0.349626105193
2041  5.102500 -0.349657624171
2042  5.105000 -0.349684103174
2043  5.107500 -0.349705510550
2044  5.110000 -0.349721870178
2045  5.112500 -0.349733253022
2046  5.115000 -0.349739772549
2047  5.117500 -0.349741581532
2048  5.120000 -0.349738867794
2049  5.122500 -0.349731855853
2050  5.125000 -0.349720788911
2051  5.127500 -0.349705942230
2052  5.130000 -0.349687609401
2053  5.132500 -0.349666104405
2054  5.135000 -0.349641752521
2055  5.137500 -0.349614892724
2056  5.140000 -0.349585878128
2057  5.142500 -0.349555063720
2058  5.145000 -0.349522811613
2059  5.147500 -0.349489489443
2060  5.150000 -0.349455459070
2061  5.152500 -0.349421093051
2062  5.155000 -0.349386749529
2063  5.157500 -0.349352788008
2064  5.160000 -0.349319556941
2065  5.162500 -0.349287400981
2066  5.165000 -0.349256648831
2067  5.167500 -0.349227619354
2068  5.170000 -0.349200613608
2069  5.172500 -0.349175916270
2070  5.175000 -0.349153793156
2071  5.177500 -0.349134487250
2072  5.180000 -0.349118213301
2073  5.182500 -0.349105160469
2074  5.185000 -0.349095487233
2075  5.187500 -0.349089318775
2076  5.190000 -0.349086744333
2077  5.192500 -0.349087814905
2078  5.195000 -0.349092539147
2079  5.197500 -0.349100881748
2080  5.200000 -0.349112764599
2081  5.202500 -0.349128062169
2082  5.205000 -0.349146603576
2083  5.207500 -0.349168171482
2084  5.210000 -0.349192501113
2085  5.212500 -0.349219287403
2086  5.215000 -0.349248182006
2087  5.217500 -0.349278801647
2088  5.220000 -0.349310730664
2089  5.222500 -0.349343524612
2090  5.225000 -0.349376724662
2091  5.227500 -0.349409859818
2092  5.230000 -0.349442452672
2093  5.232500 -0.349474031981
2094  5.235000 -0.349504136450
2095  5.237500 -0.349532324509
2096  5.240000 -0.349558183793
2097  5.242500 -0.349581330701
2098  5.245000 -0.349601421687
2099  5.247500 -0.349618154653
2100  5.250000 -0.349631272684
2101  5.252500 -0.349640565781
2102  5.255000 -0.349645874156
2103  5.257500 -0.349647090668
2104  5.260000 -0.349644153944
2105  5.262500 -0.349637054193
2106  5.265000 -0.349625824642
2107  5.267500 -0.349610547630
2108  5.270000 -0.349591344193
2109  5.272500 -0.349568380602
2110  5.275000 -0.349541855444
2111  5.277500 -0.349512009104
2112  5.280000 -0.349479112686
2113  5.282500 -0.349443466272
2114  5.285000 -0.349405401059
2115  5.287500 -0.349365273261
2116  5.290000 -0.349323463393
2117  5.292500 -0.349280376371
2118  5.295000 -0.349236437510
2119  5.297500 -0.349192093108
2120  5.300000 -0.349147805381
2121  5.302500 -0.349104055856
2122  5.305000 -0.349061340261
2123  5.307500 -0.349020171627
2124  5.310000 -0.348981074106
2125  5.312500 -0.348944590458
2126  5.315000 -0.348911272320
2127  5.317500 -0.348881686157
2128  5.320000 -0.348856407626
2129  5.322500 -0.348836027200
2130  5.325000 -0.348821143192
2131  5.327500 -0.348812360165
2132  5.330000 -0.348810293434
2133  5.332500 -0.348815563847
2134  5.335000 -0.348828795791
2135  5.337500 -0.348850616648
2136  5.340000 -0.348881651095
2137  5.342500 -0.348922516736
2138  5.345000 -0.348973821752
2139  5.347500 -0.349036154093
2140  5.350000 -0.349110076956
2141  5.352500 -0.349196115085
2142  5.355000 -0.349294746074
2143  5.357500 -0.349406376632
2144  5.360000 -0.349531330963
2145  5.362500 -0.349669821275
2146  5.365000 -0.349821919133
2147  5.367500 -0.349987525260
2148  5.370000 -0.350166341564
2149  5.372500 -0.350357828909
2150  5.375000 -0.350561170372
2151  5.377500 -0.350775248393
2152  5.380000 -0.350998626090
2153  5.382500 -0.351229546269
2154  5.385000 -0.351465951316
2155  5.387500 -0.351705531704
2156  5.390000 -0.351945801818
2157  5.392500 -0.352184184674
2158  5.395000 -0.352418127075
2159  5.397500 -0.352645187031
2160  5.400000 -0.352863130401
2161  5.402500 -0.353069995300
2162  5.405000 -0.353264133999
2163  5.407500 -0.353444226084
2164  5.410000 -0.353609267997
2165  5.412500 -0.353758555463
2166  5.415000 -0.353891657633
2167  5.417500 -0.354008373908
2168  5.420000 -0.354108697743
2169  5.422500 -0.354192779460
2170  5.425000 -0.354260907579
2171  5.427500 -0.354313472095
2172  5.430000 -0.354350940247
2173  5.432500 -0.354373847930
2174  5.435000 -0.354382772041
2175  5.437500 -0.354378321886
2176  5.440000 -0.354361136020
2177  5.442500 -0.354331867618
2178  5.445000 -0.354291176899
2179  5.447500 -0.354239735707
2180  5.450000 -0.354178210814
2181  5.452500 -0.354107272534
2182  5.455000 -0.354027588789
2183  5.457500 -0.353939821845
2184  5.460000 -0.353844630942
2185  5.462500 -0.353742668378
2186  5.465000 -0.353634580768
2187  5.467500 -0.353521009611
2188  5.470000 -0.353402591016
2189  5.472500 -0.353279954660
2190  5.475000 -0.353153725716
2191  5.477500 -0.353024526992
2192  5.480000 -0.352892975856
2193  5.482500 -0.352759686422
2194  5.485000 -0.352625267906
2195  5.487500 -0.352490330193
2196  5.490000 -0.352355481561
2197  5.492500 -0.352221326796
2198  5.495000 -0.352088470012
2199  5.497500 -0.351957519555
2200  5.500000 -0.351829083406
2201  5.502500 -0.351703768094
2202  5.505000 -0.351582184960
2203  5.507500 -0.351464947081
2204  5.510000 -0.351352669088
2205  5.512500 -0.351245969010
2206  5.515000 -0.351145471200
2207  5.517500 -0.351051799961
2208  5.520000 -0.350965583181
2209  5.522500 -0.350887453275
2210  5.525000 -0.350818044193
2211  5.527500 -0.350757990890
2212  5.530000 -0.350707927587
2213  5.532500 -0.350668486660
2214  5.535000 -0.350640295277
2215  5.537500 -0.350623970073
2216  5.540000 -0.350620113754
2217  5.542500 -0.350629309717
2218  5.545000 -0.350652107682
2219  5.547500 -0.350689017964
2220  5.550000 -0.350740499903
2221  5.552500 -0.350806939740
2222  5.555000 -0.350888637092
2223  5.557500 -0.350985775983
2224  5.560000 -0.351098397404
2225  5.562500 -0.351226373122
2226  5.565000 -0.351369365540
2227  5.567500 -0.351526793968
2228  5.570000 -0.351697808790
2229  5.572500 -0.351881253683
2230  5.575000 -0.352075660413
2231  5.577500 -0.352279249516
2232  5.580000 -0.352489954704
2233  5.582500 -0.352705480557
2234  5.585000 -0.352923372519
2235  5.587500 -0.353141114689
2236  5.590000 -0.353356231588
2237  5.592500 -0.353566384682
2238  5.595000 -0.353769453256
2239  5.597500 -0.353963589726
2240  5.600000 -0.354147258772
2241  5.602500 -0.354319243664
2242  5.605000 -0.354478636244
2243  5.607500 -0.354624812535
2244  5.610000 -0.354757400227
2245  5.612500 -0.354876246143
2246  5.615000 -0.354981374477
2247  5.617500 -0.355072961765
2248  5.620000 -0.355151295991
2249  5.622500 -0.355216763544
2250  5.625000 -0.355269823087
2251  5.627500 -0.355310985620
2252  5.630000 -0.355340807569
2253  5.632500 -0.355359869299
2254  5.635000 -0.355368772393
2255  5.637500 -0.355368129861
2256  5.640000 -0.355358558680
2257  5.642500 -0.355340683093
2258  5.645000 -0.355315123188
2259  5.647500 -0.355282494597
2260  5.650000 -0.355243409746
2261  5.652500 -0.355198468213
2262  5.655000 -0.355148266656
2263  5.657500 -0.355093389893
2264  5.660000 -0.355034412407
2265  5.662500 -0.354971898573
2266  5.665000 -0.354906401296
2267  5.667500 -0.354838461814
2268  5.670000 -0.354768609668
2269  5.672500 -0.354697363744
2270  5.675000 -0.354625230109
2271  5.677500 -0.354552702524
2272  5.680000 -0.354480258343
2273  5.682500 -0.354408365812
2274  5.685000 -0.354337473928
2275  5.687500 -0.354268021370
2276  5.690000 -0.354200424311
2277  5.692500 -0.354135085478
2278  5.695000 -0.354072388312
2279  5.697500 -0.354012694623
2280  5.700000 -0.353956346176
2281  5.702500 -0.353903660232
2282  5.705000 -0.353854926829
2283  5.707500 -0.353810407880
2284  5.710000 -0.353770334452
2285  5.712500 -0.353734905432
2286  5.715000 -0.353704281348
2287  5.717500 -0.353678586421
2288  5.720000 -0.353657903810
2289  5.722500 -0.353642266004
2290  5.725000 -0.353631663013
2291  5.727500 -0.353626035390
2292  5.730000 -0.353625269827
2293  5.732500 -0.353629200702
2294  5.735000 -0.353637608365
2295  5.737500 -0.353650221457
2296  5.740000 -0.353666714837
2297  5.742500 -0.353686717923
2298  5.745000 -0.353709810816
2299  5.747500 -0.353735537820
2300  5.750000 -0.353763406622
2301  5.752500 -0.353792898401
2302  5.755000 -0.353823478781
2303  5.757500 -0.353854605681
2304  5.760000 -0.353885730449
2305  5.762500 -0.353916319389
2306  5.765000 -0.353945856767
2307  5.767500 -0.353973852417
2308  5.770000 -0.353999848820
2309  5.772500 -0.354023428993
2310  5.775000 -0.354044220341
2311  5.777500 -0.354061900761
2312  5.780000 -0.354076199303
2313  5.782500 -0.354086892957
2314  5.785000 -0.354093808600
2315  5.787500 -0.354096831087
2316  5.790000 -0.354095889867
2317  5.792500 -0.354090960695
2318  5.795000 -0.354082064553
2319  5.797500 -0.354069265225
2320  5.800000 -0.354052661983
2321  5.802500 -0.354032392454
2322  5.805000 -0.354008625500
2323  5.807500 -0.353981557609
2324  5.810000 -0.353951412496
2325  5.812500 -0.353918435257
2326  5.815000 -0.353882893562
2327  5.817500 -0.353845069766
2328  5.820000 -0.353805264320
2329  5.822500 -0.353763789394
2330  5.825000 -0.353720968837
2331  5.827500 -0.353677139814
2332  5.830000 -0.353632643649
2333  5.832500 -0.353587827875
2334  5.835000 -0.353543045168
2335  5.837500 -0.353498653098
2336  5.840000 -0.353455008846
2337  5.842500 -0.353412469363
2338  5.845000 -0.353371395239
2339  5.847500 -0.353332141844
2340  5.850000 -0.353295060665
2341  5.852500 -0.353260498715
2342  5.855000 -0.353228797384
2343  5.857500 -0.353200285328
2344  5.860000 -0.353175287633
2345  5.862500 -0.353154107603
2346  5.865000 -0.353137042302
2347  5.867500 -0.353124369579
2348  5.870000 -0.353116349487
2349  5.872500 -0.353113215068
2350  5.875000 -0.353115175143
2351  5.877500 -0.353122410886
2352  5.880000 -0.353135069262
2353  5.882500 -0.353153262979
2354  5.885000 -0.353177063998
2355  5.887500 -0.353206500429
2356  5.890000 -0.353241548252
2357  5.892500 -0.353282134737
2358  5.895000 -0.353328130793
2359  5.897500 -0.353379347972
2360  5.900000 -0.353435537958
2361  5.902500 -0.353496386351
2362  5.905000 -0.353561517283
2363  5.907500 -0.353630495320
2364  5.910000 -0.353702820781
2365  5.912500 -0.353777947693
2366  5.915000 -0.353855274782
2367  5.917500 -0.353934164831
2368  5.920000 -0.354013949016
2369  5.922500 -0.354093938016
2370  5.925000 -0.354173436904
2371  5.927500 -0.354251753412
2372  5.930000 -0.354328210246
2373  5.932500 -0.354402156208
2374  5.935000 -0.354472978412
2375  5.937500 -0.354540105148
2376  5.940000 -0.354603017904
2377  5.942500 -0.354661255965
2378  5.945000 -0.354714416469
2379  5.947500 -0.354762156898
2380  5.950000 -0.354804199091
2381  5.952500 -0.354840321441
2382  5.955000 -0.354870362243
2383  5.957500 -0.354894214755
2384  5.960000 -0.354911821864
2385  5.962500 -0.354923172787
2386  5.965000 -0.354928300131
2387  5.967500 -0.354927277043
2388  5.970000 -0.354920210282
2389  5.972500 -0.354907237017
2390  5.975000 -0.354888520492
2391  5.977500 -0.354864248725
2392  5.980000 -0.354834631497
2393  5.982500 -0.354799894793
2394  5.985000 -0.354760277791
2395  5.987500 -0.354716034361
2396  5.990000 -0.354667426340
2397  5.992500 -0.354614725323
2398  5.995000 -0.354558209196
2399  5.997500 -0.354498162376
2400  6.000000 -0.354434869633
2401  6.002500 -0.354368621316
2402  6.005000 -0.354299706843
2403  6.007500 -0.354228417146
2404  6.010000 -0.354155044277
2405  6.012500 -0.354079876713
2406  6.015000 -0.354003202777
2407  6.017500 -0.353925308734
2408  6.020000 -0.353846476297
2409  6.022500 -0.353766987170
2410  6.025000 -0.353687114863
2411  6.027500 -0.353607131212
2412  6.030000 -0.353527302542
2413  6.032500 -0.353447888780
2414  6.035000 -0.353369145755
2415  6.037500 -0.353291322916
2416  6.040000 -0.353214666224
2417  6.042500 -0.353139409895
2418  6.045000 -0.353065783803
2419  6.047500 -0.352994009516
2420  6.050000 -0.352924301995
2421  6.052500 -0.352856868500
2422  6.055000 -0.352791905100
2423  6.057500 -0.352729601316
2424  6.060000 -0.352670135137
2425  6.062500 -0.352613675616
2426  6.065000 -0.352560382345
2427  6.067500 -0.352510401560
2428  6.070000 -0.352463869763
2429  6.072500 -0.352420910853
2430  6.075000 -0.352381635973
2431  6.077500 -0.352346143427
2432  6.080000 -0.352314520068
2433  6.082500 -0.352286837218
2434  6.085000 -0.352263150804
2435  6.087500 -0.352243504405
2436  6.090000 -0.352227924930
2437  6.092500 -0.352216426040
2438  6.095000 -0.352209004325
2439  6.097500 -0.352205638583
2440  6.100000 -0.352206294528
2441  6.102500 -0.352210918453
2442  6.105000 -0.352219443783
2443  6.107500 -0.352231786567
2444  6.110000 -0.352247844421
2445  6.112500 -0.352267503358
2446  6.115000 -0.352290632654
2447  6.117500 -0.352317083172
2448  6.120000 -0.352346696732
2449  6.122500 -0.352379300983
2450  6.125000 -0.352414712474
2451  6.127500 -0.352452731510
2452  6.130000 -0.352493152897
2453  6.132500 -0.352535764119
2454  6.135000 -0.352580343070
2455  6.137500 -0.352626660019
2456  6.140000 -0.352674479280
2457  6.142500 -0.352723564958
2458  6.145000 -0.352773681666
2459  6.147500 -0.352824590399
2460  6.150000 -0.352876053334
2461  6.152500 -0.352927831440
2462  6.155000 -0.352979694352
2463  6.157500 -0.353031413221
2464  6.160000 -0.353082773015
2465  6.162500 -0.353133559638
2466  6.165000 -0.353183565112
2467  6.167500 -0.353232592188
2468  6.170000 -0.353280454738
2469  6.172500 -0.353326972695
2470  6.175000 -0.353371980315
2471  6.177500 -0.353415319818
2472  6.180000 -0.353456844637
2473  6.182500 -0.353496421910
2474  6.185000 -0.353533928263
2475  6.187500 -0.353569253597
2476  6.190000 -0.353602301789
2477  6.192500 -0.353632986572
2478  6.195000 -0.353661229021
2479  6.197500 -0.353686965556
2480  6.200000 -0.353710141228
2481  6.202500 -0.353730715716
2482  6.205000 -0.353748656657
2483  6.207500 -0.353763944837
2484  6.210000 -0.353776569238
2485  6.212500 -0.353786528936
2486  6.215000 -0.353793833505
2487  6.217500 -0.353798503167
2488  6.220000 -0.353800565815
2489  6.222500 -0.353800058647
2490  6.225000 -0.353797025485
2491  6.227500 -0.353791521399
2492  6.230000 -0.353783607595
2493  6.232500 -0.353773355061
2494  6.235000 -0.353760838929
2495  6.237500 -0.353746141590
2496  6.240000 -0.353729355090
2497  6.242500 -0.353710573082
2498  6.245000 -0.353689900188
2499  6.247500 -0.353667443535
2500  6.250000 -0.353643316716
2501  6.252500 -0.353617639016
2502  6.255000 -0.353590533463
2503  6.257500 -0.353562125589
2504  6.260000 -0.353532549451
2505  6.262500 -0.353501939370
2506  6.265000 -0.353470435054
2507  6.267500 -0.353438178769
2508  6.270000 -0.353405313023
2509  6.272500 -0.353371984418
2510  6.275000 -0.353338344180
2511  6.277500 -0.353304540830
2512  6.280000 -0.353270728119
2513  6.282500 -0.353237058669
2514  6.285000 -0.353203686247
2515  6.287500 -0.353170764670
2516  6.290000 -0.353138445560
2517  6.292500 -0.353106883964
2518  6.295000 -0.353076231391
2519  6.297500 -0.353046635756
2520  6.300000 -0.353018248047
2521  6.302500 -0.352991212538
2522  6.305000 -0.352965672555
2523  6.307500 -0.352941768681
2524  6.310000 -0.352919634383
2525  6.312500 -0.352899400856
2526  6.315000 -0.352881194676
2527  6.317500 -0.352865136928
2528  6.320000 -0.352851340275
2529  6.322500 -0.352839911682
2530  6.325000 -0.352830950599
2531  6.327500 -0.352824550480
2532  6.330000 -0.352820795259
2533  6.332500 -0.352819757501
2534  6.335000 -0.352821502399
2535  6.337500 -0.352826081874
2536  6.340000 -0.352833538767
2537  6.342500 -0.352843904794
2538  6.345000 -0.352857200106
2539  6.347500 -0.352873431117
2540  6.350000 -0.352892588976
2541  6.352500 -0.352914654895
2542  6.355000 -0.352939594038
2543  6.357500 -0.352967359881
2544  6.360000 -0.352997891208
2545  6.362500 -0.353031110248
2546  6.365000 -0.353066928691
2547  6.367500 -0.353105240176
2548  6.370000 -0.353145930011
2549  6.372500 -0.353188868586
2550  6.375000 -0.353233916216
2551  6.377500 -0.353280919955
2552  6.380000 -0.353329717583
2553  6.382500 -0.353380137229
2554  6.385000 -0.353431996347
2555  6.387500 -0.353485111202
2556  6.390000 -0.353539289505
2557  6.392500 -0.353594335990
2558  6.395000 -0.353650051773
2559  6.397500 -0.353706235606
2560  6.400000 -0.353762689450
2561  6.402500 -0.353819216186
2562  6.405000 -0.353875617328
2563  6.407500 -0.353931701274
2564  6.410000 -0.353987284608
2565  6.412500 -0.354042183577
2566  6.415000 -0.354096227962
2567  6.417500 -0.354149248606
2568  6.420000 -0.354201088032
2569  6.422500 -0.354251596575
2570  6.425000 -0.354300632761
2571  6.427500 -0.354348067629
2572  6.430000 -0.354393777910
2573  6.432500 -0.354437651678
2574  6.435000 -0.354479585379
2575  6.437500 -0.354519482712
2576  6.440000 -0.354557260173
2577  6.442500 -0.354592841028
2578  6.445000 -0.354626153258
2579  6.447500 -0.354657138664
2580  6.450000 -0.354685743103
2581  6.452500 -0.354711919260
2582  6.455000 -0.354735627639
2583  6.457500 -0.354756837538
2584  6.460000 -0.354775520467
2585  6.462500 -0.354791657535
2586  6.465000 -0.354805231931
2587  6.467500 -0.354816236351
2588  6.470000 -0.354824663288
2589  6.472500 -0.354830514130
2590  6.475000 -0.354833793822
2591  6.477500 -0.354834511728
2592  6.480000 -0.354832682428
2593  6.482500 -0.354828321068
2594  6.485000 -0.354821454167
2595  6.487500 -0.354812108272
2596  6.490000 -0.354800316509
2597  6.492500 -0.354786115723
2598  6.495000 -0.354769545052
2599  6.497500 -0.354750651192
2600  6.500000 -0.354729486026
2601  6.502500 -0.354706104857
2602  6.505000 -0.354680567737
2603  6.507500 -0.354652940011
2604  6.510000 -0.354623290971
2605  6.512500 -0.354591695886
2606  6.515000 -0.354558235431
2607  6.517500 -0.354522994252
2608  6.520000 -0.354486064021
2609  6.522500 -0.354447539623
2610  6.525000 -0.354407521823
2611  6.527500 -0.354366118929
2612  6.530000 -0.354323439908
2613  6.532500 -0.354279601247
2614  6.535000 -0.354234725420
2615  6.537500 -0.354188935285
2616  6.540000 -0.354142363492
2617  6.542500 -0.354095143193
2618  6.545000 -0.354047414386
2619  6.547500 -0.353999320592
2620  6.550000 -0.353951008390
2621  6.552500 -0.353902626101
2622  6.555000 -0.353854328808
2623  6.557500 -0.353806272095
2624  6.560000 -0.353758613191
2625  6.562500 -0.353711514015
2626  6.565000 -0.353665135387
2627  6.567500 -0.353619639266
2628  6.570000 -0.353575188347
2629  6.572500 -0.353531945617
2630  6.575000 -0.353490072142
2631  6.577500 -0.353449727134
2632  6.580000 -0.353411067930
2633  6.582500 -0.353374246723
2634  6.585000 -0.353339413044
2635  6.587500 -0.353306710362
2636  6.590000 -0.353276275146
2637  6.592500 -0.353248235965
2638  6.595000 -0.353222711803
2639  6.597500 -0.353199812121
2640  6.600000 -0.353179634146
2641  6.602500 -0.353162260107
2642  6.605000 -0.353147759706
2643  6.607500 -0.353136183287
2644  6.610000 -0.353127566332
2645  6.612500 -0.353121922838
2646  6.615000 -0.353119245917
2647  6.617500 -0.353119507420
2648  6.620000 -0.353122651681
2649  6.622500 -0.353128598566
2650  6.625000 -0.353137242743
2651  6.627500 -0.353148451647
2652  6.630000 -0.353162065406
2653  6.632500 -0.353177895476
2654  6.635000 -0.353195729271
2655  6.637500 -0.353215323921
2656  6.640000 -0.353236416054
2657  6.642500 -0.353258720543
2658  6.645000 -0.353281931657
2659  6.647500 -0.353305726984
2660  6.650000 -0.353329776014
2661  6.652500 -0.353353734991
2662  6.655000 -0.353377257948
2663  6.657500 -0.353399997016
2664  6.660000 -0.353421614058
2665  6.662500 -0.353441775238
2666  6.665000 -0.353460164021
2667  6.667500 -0.353476477395
2668  6.670000 -0.353490437957
2669  6.672500 -0.353501791169
2670  6.675000 -0.353510308003
2671  6.677500 -0.353515786192
2672  6.680000 -0.353518059335
2673  6.682500 -0.353516985307
2674  6.685000 -0.353512456608
2675  6.687500 -0.353504396076
2676  6.690000 -0.353492758487
2677  6.692500 -0.353477526669
2678  6.695000 -0.353458714408
2679  6.697500 -0.353436363085
2680  6.700000 -0.353410539803
2681  6.702500 -0.353381335725
2682  6.705000 -0.353348868217
2683  6.707500 -0.353313272742
2684  6.710000 -0.353274707845
2685  6.712500 -0.353233349058
2686  6.715000 -0.353189390432
2687  6.717500 -0.353143042490
2688  6.720000 -0.353094528226
2689  6.722500 -0.353044084286
2690  6.725000 -0.352991962021
2691  6.727500 -0.352938422383
2692  6.730000 -0.352883735134
2693  6.732500 -0.352828180767
2694  6.735000 -0.352772046579
2695  6.737500 -0.352715627846
2696  6.740000 -0.352659227172
2697  6.742500 -0.352603151695
2698  6.745000 -0.352547713290
2699  6.747500 -0.352493228030
2700  6.750000 -0.352440013447
2701  6.752500 -0.352388391548
2702  6.755000 -0.352338683577
2703  6.757500 -0.352291212708
2704  6.760000 -0.352246302628
2705  6.762500 -0.352204273116
2706  6.765000 -0.352165442635
2707  6.767500 -0.352130123575
2708  6.770000 -0.352098625202
2709  6.772500 -0.352071243932
2710  6.775000 -0.352048269707
2711  6.777500 -0.352029978990
2712  6.780000 -0.352016634517
2713  6.782500 -0.352008477552
2714  6.785000 -0.352005728821
2715  6.787500 -0.352008583753
2716  6.790000 -0.352017204429
2717  6.792500 -0.352031718815
2718  6.795000 -0.352052215734
2719  6.797500 -0.352078736158
2720  6.800000 -0.352111266782
2721  6.802500 -0.352149741727
2722  6.805000 -0.352194024782
2723  6.807500 -0.352243912815
2724  6.810000 -0.352299131234
2725  6.812500 -0.352359323854
2726  6.815000 -0.352424057159
2727  6.817500 -0.352492818407
2728  6.820000 -0.352565016437
2729  6.822500 -0.352639991910
2730  6.825000 -0.352717024487
2731  6.827500 -0.352795343843
2732  6.830000 -0.352874143582
2733  6.832500 -0.352952597745
2734  6.835000 -0.353029880920
2735  6.837500 -0.353105179102
2736  6.840000 -0.353177715289
2737  6.842500 -0.353246755195
2738  6.845000 -0.353311625698
2739  6.847500 -0.353371724566
2740  6.850000 -0.353426525418
2741  6.852500 -0.353475583176
2742  6.855000 -0.353518535877
2743  6.857500 -0.353555100496
2744  6.860000 -0.353585070570
2745  6.862500 -0.353608317262
2746  6.865000 -0.353624776236
2747  6.867500 -0.353634447002
2748  6.870000 -0.353637386484
2749  6.872500 -0.353633699772
2750  6.875000 -0.353623537870
2751  6.877500 -0.353607092180
2752  6.880000 -0.353584586228
2753  6.882500 -0.353556273944
2754  6.885000 -0.353522435410
2755  6.887500 -0.353483370075
2756  6.890000 -0.353439399990
2757  6.892500 -0.353390861713
2758  6.895000 -0.353338104793
2759  6.897500 -0.353281491611
2760  6.900000 -0.353221392897
2761  6.902500 -0.353158189355
2762  6.905000 -0.353092266546
2763  6.907500 -0.353024017268
2764  6.910000 -0.352953841426
2765  6.912500 -0.352882139040
2766  6.915000 -0.352809318604
2767  6.917500 -0.352735788120
2768  6.920000 -0.352661960618
2769  6.922500 -0.352588251504
2770  6.925000 -0.352515077670
2771  6.927500 -0.352442860593
2772  6.930000 -0.352372020291
2773  6.932500 -0.352302978045
2774  6.935000 -0.352236158139
2775  6.937500 -0.352171983186
2776  6.940000 -0.352110876800
2777  6.942500 -0.352053260345
2778  6.945000 -0.351999555572
2779  6.947500 -0.351950181998
2780  6.950000 -0.351905553552
2781  6.952500 -0.351866081169
2782  6.955000 -0.351832168645
2783  6.957500 -0.351804210230
2784  6.960000 -0.351782586682
2785  6.962500 -0.351767666221
2786  6.965000 -0.351759798346
2787  6.967500 -0.351759308529
2788  6.970000 -0.351766492320
2789  6.972500 -0.351781610438
2790  6.975000 -0.351804880506
2791  6.977500 -0.351836469534
2792  6.980000 -0.351876480494
2793  6.982500 -0.351924948304
2794  6.985000 -0.351981823037
2795  6.987500 -0.352046959112
2796  6.990000 -0.352120105100
2797  6.992500 -0.352200888699
2798  6.995000 -0.352288813406
2799  6.997500 -0.352383247865
2800  7.000000 -0.352483429454
2801  7.002500 -0.352588467253
2802  7.005000 -0.352697350526
2803  7.007500 -0.352808969703
2804  7.010000 -0.352922145169
2805  7.012500 -0.353035652138
2806  7.015000 -0.353148256647
2807  7.017500 -0.353258753148
2808  7.020000 -0.353365994581
2809  7.022500 -0.353468922765
2810  7.025000 -0.353566589898
2811  7.027500 -0.353658172221
2812  7.030000 -0.353742980237
2813  7.032500 -0.353820462471
2814  7.035000 -0.353890195330
2815  7.037500 -0.353951883345
2816  7.040000 -0.354005343660
2817  7.042500 -0.354050497096
2818  7.045000 -0.354087352488
2819  7.047500 -0.354115999613
2820  7.050000 -0.354136595272
2821  7.052500 -0.354149352794
2822  7.055000 -0.354154531462
2823  7.057500 -0.354152432348
2824  7.060000 -0.354143386372
2825  7.062500 -0.354127752976
2826  7.065000 -0.354105910905
2827  7.067500 -0.354078257255
2828  7.070000 -0.354045201701
2829  7.072500 -0.354007163829
2830  7.075000 -0.353964571369
2831  7.077500 -0.353917857648
2832  7.080000 -0.353867461438
2833  7.082500 -0.353813823820
2834  7.085000 -0.353757388880
2835  7.087500 -0.353698599620
2836  7.090000 -0.353637900651
2837  7.092500 -0.353575737752
2838  7.095000 -0.353512555115
2839  7.097500 -0.353448797631
2840  7.100000 -0.353384907612
2841  7.102500 -0.353321327844
2842  7.105000 -0.353258498701
2843  7.107500 -0.353196859051
2844  7.110000 -0.353136843805
2845  7.112500 -0.353078889087
2846  7.115000 -0.353023424054
2847  7.117500 -0.352970878084
2848  7.120000 -0.352921673112
2849  7.122500 -0.352876227324
2850  7.125000 -0.352834950661
2851  7.127500 -0.352798246260
2852  7.130000 -0.352766507917
2853  7.132500 -0.352740116064
2854  7.135000 -0.352719436700
2855  7.137500 -0.352704819396
2856  7.140000 -0.352696591463
2857  7.142500 -0.352695054960
2858  7.145000 -0.352700480457
2859  7.147500 -0.352713102285
2860  7.150000 -0.352733111177
2861  7.152500 -0.352760645184
2862  7.155000 -0.352795785008
2863  7.157500 -0.352838543316
2864  7.160000 -0.352888848860
2865  7.162500 -0.352946548869
2866  7.165000 -0.353011392533
2867  7.167500 -0.353083024412
2868  7.170000 -0.353160978950
2869  7.172500 -0.353244677537
2870  7.175000 -0.353333428679
2871  7.177500 -0.353426435465
2872  7.180000 -0.353522804571
2873  7.182500 -0.353621566539
2874  7.185000 -0.353721694940
2875  7.187500 -0.353822132932
2876  7.190000 -0.353921819437
2877  7.192500 -0.354019718030
2878  7.195000 -0.354114845163
2879  7.197500 -0.354206288736
2880  7.200000 -0.354293232666
2881  7.202500 -0.354374961598
2882  7.205000 -0.354450872954
2883  7.207500 -0.354520480838
2884  7.210000 -0.354583410341
2885  7.212500 -0.354639393690
2886  7.215000 -0.354688262772
2887  7.217500 -0.354729941164
2888  7.220000 -0.354764432831
2889  7.222500 -0.354791811668
2890  7.225000 -0.354812216818
2891  7.227500 -0.354825838866
2892  7.230000 -0.354832912054
2893  7.232500 -0.354833713433
2894  7.235000 -0.354828548332
2895  7.237500 -0.354817751602
2896  7.240000 -0.354801676791
2897  7.242500 -0.354780698172
2898  7.245000 -0.354755203367
2899  7.247500 -0.354725591660
2900  7.250000 -0.354692273673
2901  7.252500 -0.354655667583
2902  7.255000 -0.354616196857
2903  7.257500 -0.354574290867
2904  7.260000 -0.354530383981
2905  7.262500 -0.354484912216
2906  7.265000 -0.354438315233
2907  7.267500 -0.354391035457
2908  7.270000 -0.354343516915
2909  7.272500 -0.354296205732
2910  7.275000 -0.354249549222
2911  7.277500 -0.354203996405
2912  7.280000 -0.354159997223
2913  7.282500 -0.354118001788
2914  7.285000 -0.354078460599
2915  7.287500 -0.354041826711
2916  7.290000 -0.354008551679
2917  7.292500 -0.353979088178
2918  7.295000 -0.353953886793
2919  7.297500 -0.353933397233
2920  7.300000 -0.353918065059
2921  7.302500 -0.353908333015
2922  7.305000 -0.353904637544
2923  7.307500 -0.353907405031
2924  7.310000 -0.353917052246
2925  7.312500 -0.353933980931
2926  7.315000 -0.353958575423
2927  7.317500 -0.353991192419
2928  7.320000 -0.354032160047
2929  7.322500 -0.354081768001
2930  7.325000 -0.354140255392
2931  7.327500 -0.354207806912
2932  7.330000 -0.354284532018
2933  7.332500 -0.354370459024
2934  7.335000 -0.354465513651
2935  7.337500 -0.354569505834
2936  7.340000 -0.354682115488
2937  7.342500 -0.354802869858
2938  7.345000 -0.354931143447
2939  7.347500 -0.355066145238
2940  7.350000 -0.355206918634
2941  7.352500 -0.355352350316
2942  7.355000 -0.355501196953
2943  7.357500 -0.355652105678
2944  7.360000 -0.355803659033
2945  7.362500 -0.355954421893
2946  7.365000 -0.356102978548
2947  7.367500 -0.356247990946
2948  7.370000 -0.356388225824
2949  7.372500 -0.356522587379
2950  7.375000 -0.356650139051
2951  7.377500 -0.356770105084
2952  7.380000 -0.356881877966
2953  7.382500 -0.356985007804
2954  7.385000 -0.357079186574
2955  7.387500 -0.357164237518
2956  7.390000 -0.357240098175
2957  7.392500 -0.357306803748
2958  7.395000 -0.357364467879
2959  7.397500 -0.357413276590
2960  7.400000 -0.357453469293
2961  7.402500 -0.357485328836
2962  7.405000 -0.357509175319
2963  7.407500 -0.357525354404
2964  7.410000 -0.357534234305
2965  7.412500 -0.357536198731
2966  7.415000 -0.357531642242
2967  7.417500 -0.357520965268
2968  7.420000 -0.357504574668
2969  7.422500 -0.357482878410
2970  7.425000 -0.357456285804
2971  7.427500 -0.357425204846
2972  7.430000 -0.357390040401
2973  7.432500 -0.357351194544
2974  7.435000 -0.357309064775
2975  7.437500 -0.357264046847
2976  7.440000 -0.357216526205
2977  7.442500 -0.357166886974
2978  7.445000 -0.357115505323
2979  7.447500 -0.357062752536
2980  7.450000 -0.357008992419
2981  7.452500 -0.356954582441
2982  7.455000 -0.356899872362
2983  7.457500 -0.356845203813
2984  7.460000 -0.356790910925
2985  7.462500 -0.356737320382
2986  7.465000 -0.356684748503
2987  7.467500 -0.356633503346
2988  7.470000 -0.356583882392
2989  7.472500 -0.356536171559
2990  7.475000 -0.356490646541
2991  7.477500 -0.356447568913
2992  7.480000 -0.356407187790
2993  7.482500 -0.356369737231
2994  7.485000 -0.356335435256
2995  7.487500 -0.356304480964
2996  7.490000 -0.356277055789
2997  7.492500 -0.356253320145
2998  7.495000 -0.356233410625
2999  7.497500 -0.356217442061
