#n  real_time  lyapunov_exponential
0  0.000000 -inf
1  0.002500 -0.002722048905
2  0.005000 -0.003919458816
3  0.007500 -0.005657909049
4  0.010000 -0.007828989187
5  0.012500 -0.010424918101
6  0.015000 -0.013408395387
7  0.017500 -0.016782042885
8  0.020000 -0.020549774974
9  0.022500 -0.024716726516
10  0.025000 -0.029288489987
11  0.027500 -0.034271408856
12  0.030000 -0.039657790731
13  0.032500 -0.045444716505
14  0.035000 -0.051645246149
15  0.037500 -0.058255222100
16  0.040000 -0.065284995252
17  0.042500 -0.072731652707
18  0.045000 -0.080594327317
19  0.047500 -0.088881519885
20  0.050000 -0.097591766316
21  0.052500 -0.106731431306
22  0.055000 -0.116300692315
23  0.057500 -0.126300564659
24  0.060000 -0.136729302934
25  0.062500 -0.147587357267
26  0.065000 -0.158865661506
27  0.067500 -0.170560106867
28  0.070000 -0.182661130283
29  0.072500 -0.195152341597
30  0.075000 -0.208015210616
31  0.077500 -0.221224666836
32  0.080000 -0.234752722913
33  0.082500 -0.248558616555
34  0.085000 -0.262592404239
35  0.087500 -0.276804412356
36  0.090000 -0.291126744494
37  0.092500 -0.305476556689
38  0.095000 -0.319765993590
39  0.097500 -0.333900925622
40  0.100000 -0.347765675261
41  0.102500 -0.361269213751
42  0.105000 -0.374300478918
43  0.107500 -0.386766226847
44  0.110000 -0.398572590811
45  0.112500 -0.409649392000
46  0.115000 -0.419934917677
47  0.117500 -0.429388980309
48  0.120000 -0.438000680873
49  0.122500 -0.445754027564
50  0.125000 -0.452657932116
51  0.127500 -0.458733902925
52  0.130000 -0.464014082407
53  0.132500 -0.468527254155
54  0.135000 -0.472312600889
55  0.137500 -0.475412460422
56  0.140000 -0.477877856772
57  0.142500 -0.479757732522
58  0.145000 -0.481096050829
59  0.147500 -0.481934399693
60  0.150000 -0.482316716701
61  0.152500 -0.482283613280
62  0.155000 -0.481879386565
63  0.157500 -0.481136557676
64  0.160000 -0.480092030127
65  0.162500 -0.478778288611
66  0.165000 -0.477226599435
67  0.167500 -0.475467318648
68  0.170000 -0.473521894122
69  0.172500 -0.471422003278
70  0.175000 -0.469190526178
71  0.177500 -0.466850098261
72  0.180000 -0.464418936101
73  0.182500 -0.461915948287
74  0.185000 -0.459363259426
75  0.187500 -0.456771772701
76  0.190000 -0.454159781365
77  0.192500 -0.451541011088
78  0.195000 -0.448929879082
79  0.197500 -0.446333995832
80  0.200000 -0.443762483253
81  0.202500 -0.441229804285
82  0.205000 -0.438745498924
83  0.207500 -0.436314760346
84  0.210000 -0.433940940933
85  0.212500 -0.431636333444
86  0.215000 -0.429404764531
87  0.217500 -0.427246479390
88  0.220000 -0.425169632771
89  0.222500 -0.423174705374
90  0.225000 -0.421263513678
91  0.227500 -0.419440644086
92  0.230000 -0.417706307279
93  0.232500 -0.416057675072
94  0.235000 -0.414498672823
95  0.237500 -0.413025601547
96  0.240000 -0.411641563963
97  0.242500 -0.410340300201
98  0.245000 -0.409118584582
99  0.247500 -0.407977611755
100  0.250000 -0.406910506248
101  0.252500 -0.405914769610
102  0.255000 -0.404983517055
103  0.257500 -0.404110025111
104  0.260000 -0.403290995846
105  0.262500 -0.402519766430
106  0.265000 -0.401791062092
107  0.267500 -0.401099362852
108  0.270000 -0.400438853806
109  0.272500 -0.399803953775
110  0.275000 -0.399188066126
111  0.277500 -0.398585024059
112  0.280000 -0.397988874491
113  0.282500 -0.397393476942
114  0.285000 -0.396797155876
115  0.287500 -0.396192758289
116  0.290000 -0.395577575041
117  0.292500 -0.394951785270
118  0.295000 -0.394310619678
119  0.297500 -0.393649384051
120  0.300000 -0.392968024997
121  0.302500 -0.392266171850
122  0.305000 -0.391542937648
123  0.307500 -0.390795351096
124  0.310000 -0.390024864700
125  0.312500 -0.389232028787
126  0.315000 -0.388418926661
127  0.317500 -0.387586664094
128  0.320000 -0.386737078591
129  0.322500 -0.385874000714
130  0.325000 -0.385000772938
131  0.327500 -0.384117867959
132  0.330000 -0.383230336969
133  0.332500 -0.382341005220
134  0.335000 -0.381456636851
135  0.337500 -0.380578367432
136  0.340000 -0.379712432450
137  0.342500 -0.378862872874
138  0.345000 -0.378032135570
139  0.347500 -0.377224975452
140  0.350000 -0.376445401775
141  0.352500 -0.375699508256
142  0.355000 -0.374990036976
143  0.357500 -0.374322295105
144  0.360000 -0.373698956692
145  0.362500 -0.373125696587
146  0.365000 -0.372608258850
147  0.367500 -0.372148356063
148  0.370000 -0.371750297444
149  0.372500 -0.371420264967
150  0.375000 -0.371160759095
151  0.377500 -0.370975006372
152  0.380000 -0.370868746230
153  0.382500 -0.370843715885
154  0.385000 -0.370901428485
155  0.387500 -0.371045254494
156  0.390000 -0.371278237088
157  0.392500 -0.371602395820
158  0.395000 -0.372018167914
159  0.397500 -0.372525750060
160  0.400000 -0.373126495032
161  0.402500 -0.373819832469
162  0.405000 -0.374604787880
163  0.407500 -0.375478593086
164  0.410000 -0.376440842126
165  0.412500 -0.377486044349
166  0.415000 -0.378610906120
167  0.417500 -0.379809424198
168  0.420000 -0.381074511809
169  0.422500 -0.382399089511
170  0.425000 -0.383772994254
171  0.427500 -0.385185942231
172  0.430000 -0.386624946336
173  0.432500 -0.388080241188
174  0.435000 -0.389540873663
175  0.437500 -0.390989999790
176  0.440000 -0.392413219216
177  0.442500 -0.393798183637
178  0.445000 -0.395133564108
179  0.447500 -0.396406181586
180  0.450000 -0.397607677244
181  0.452500 -0.398726206042
182  0.455000 -0.399754733775
183  0.457500 -0.400686024005
184  0.460000 -0.401511080824
185  0.462500 -0.402225453258
186  0.465000 -0.402824116335
187  0.467500 -0.403309741376
188  0.470000 -0.403678257031
189  0.472500 -0.403930289803
190  0.475000 -0.404067867841
191  0.477500 -0.404090512292
192  0.480000 -0.404001054721
193  0.482500 -0.403802483296
194  0.485000 -0.403495975062
195  0.487500 -0.403088893218
196  0.490000 -0.402581887097
197  0.492500 -0.401980367830
198  0.495000 -0.401287820991
199  0.497500 -0.400511743384
200  0.500000 -0.399656227871
201  0.502500 -0.398725049672
202  0.505000 -0.397722974070
203  0.507500 -0.396654871227
204  0.510000 -0.395526000622
205  0.512500 -0.394338914666
206  0.515000 -0.393100725273
207  0.517500 -0.391816694051
208  0.520000 -0.390491149789
209  0.522500 -0.389127151057
210  0.525000 -0.387730543839
211  0.527500 -0.386304093516
212  0.530000 -0.384853632666
213  0.532500 -0.383383430411
214  0.535000 -0.381897170987
215  0.537500 -0.380399296435
216  0.540000 -0.378893468435
217  0.542500 -0.377383905625
218  0.545000 -0.375873528375
219  0.547500 -0.374366014580
220  0.550000 -0.372865520802
221  0.552500 -0.371375194929
222  0.555000 -0.369898652758
223  0.557500 -0.368438947512
224  0.560000 -0.366999732300
225  0.562500 -0.365584252562
226  0.565000 -0.364194164813
227  0.567500 -0.362832939182
228  0.570000 -0.361503049247
229  0.572500 -0.360207169686
230  0.575000 -0.358948312260
231  0.577500 -0.357729513130
232  0.580000 -0.356551825528
233  0.582500 -0.355418732821
234  0.585000 -0.354332175177
235  0.587500 -0.353293218952
236  0.590000 -0.352304406600
237  0.592500 -0.351366701396
238  0.595000 -0.350482642694
239  0.597500 -0.349654203089
240  0.600000 -0.348883903978
241  0.602500 -0.348172013005
242  0.605000 -0.347519939650
243  0.607500 -0.346929151333
244  0.610000 -0.346399159345
245  0.612500 -0.345932017203
246  0.615000 -0.345528355259
247  0.617500 -0.345186660415
248  0.620000 -0.344907976704
249  0.622500 -0.344692226955
250  0.625000 -0.344540714915
251  0.627500 -0.344451657524
252  0.630000 -0.344424554811
253  0.632500 -0.344457900120
254  0.635000 -0.344552477206
255  0.637500 -0.344707791902
256  0.640000 -0.344921909078
257  0.642500 -0.345192909879
258  0.645000 -0.345518463236
259  0.647500 -0.345897392818
260  0.650000 -0.346325985106
261  0.652500 -0.346802491338
262  0.655000 -0.347324567942
263  0.657500 -0.347890948364
264  0.660000 -0.348496672488
265  0.662500 -0.349140878663
266  0.665000 -0.349820483269
267  0.667500 -0.350531699180
268  0.670000 -0.351272256053
269  0.672500 -0.352036387070
270  0.675000 -0.352822411247
271  0.677500 -0.353630171793
272  0.680000 -0.354453960874
273  0.682500 -0.355291987207
274  0.685000 -0.356141840029
275  0.687500 -0.357000955469
276  0.690000 -0.357865652135
277  0.692500 -0.358734398835
278  0.695000 -0.359605454983
279  0.697500 -0.360474698660
280  0.700000 -0.361342437042
281  0.702500 -0.362205889472
282  0.705000 -0.363063183604
283  0.707500 -0.363914163469
284  0.710000 -0.364757347840
285  0.712500 -0.365590122686
286  0.715000 -0.366412959399
287  0.717500 -0.367224219024
288  0.720000 -0.368021607471
289  0.722500 -0.368804594961
290  0.725000 -0.369572347179
291  0.727500 -0.370323377861
292  0.730000 -0.371056647802
293  0.732500 -0.371771858732
294  0.735000 -0.372468408269
295  0.737500 -0.373146054944
296  0.740000 -0.373803886654
297  0.742500 -0.374441028362
298  0.745000 -0.375054939967
299  0.747500 -0.375645810962
300  0.750000 -0.376213077931
301  0.752500 -0.376756007761
302  0.755000 -0.377273669598
303  0.757500 -0.377765460028
304  0.760000 -0.378230298625
305  0.762500 -0.378667585006
306  0.765000 -0.379076107232
307  0.767500 -0.379456272879
308  0.770000 -0.379805782555
309  0.772500 -0.380124794683
310  0.775000 -0.380412192678
311  0.777500 -0.380668493794
312  0.780000 -0.380892108965
313  0.782500 -0.381082113094
314  0.785000 -0.381239487913
315  0.787500 -0.381363989775
316  0.790000 -0.381456084354
317  0.792500 -0.381515425138
318  0.795000 -0.381542647192
319  0.797500 -0.381538128536
320  0.800000 -0.381500749458
321  0.802500 -0.381431708752
322  0.805000 -0.381331933484
323  0.807500 -0.381201780322
324  0.810000 -0.381042476520
325  0.812500 -0.380854990398
326  0.815000 -0.380639933431
327  0.817500 -0.380398487874
328  0.820000 -0.380131028927
329  0.822500 -0.379839307738
330  0.825000 -0.379524069335
331  0.827500 -0.379185270777
332  0.830000 -0.378824000336
333  0.832500 -0.378443379054
334  0.835000 -0.378044912569
335  0.837500 -0.377630140140
336  0.840000 -0.377200510867
337  0.842500 -0.376757585154
338  0.845000 -0.376303458981
339  0.847500 -0.375839178250
340  0.850000 -0.375365377661
341  0.852500 -0.374884718495
342  0.855000 -0.374398588039
343  0.857500 -0.373909855050
344  0.860000 -0.373420186326
345  0.862500 -0.372932176280
346  0.865000 -0.372446858390
347  0.867500 -0.371965730258
348  0.870000 -0.371490692025
349  0.872500 -0.371024084552
350  0.875000 -0.370567786416
351  0.877500 -0.370124408721
352  0.880000 -0.369695297033
353  0.882500 -0.369282781573
354  0.885000 -0.368887480154
355  0.887500 -0.368512297902
356  0.890000 -0.368158025156
357  0.892500 -0.367827618529
358  0.895000 -0.367522907104
359  0.897500 -0.367244799576
360  0.900000 -0.366995934972
361  0.902500 -0.366777791904
362  0.905000 -0.366593172544
363  0.907500 -0.366442568137
364  0.910000 -0.366327677523
365  0.912500 -0.366249956176
366  0.915000 -0.366211405015
367  0.917500 -0.366212865818
368  0.920000 -0.366256058108
369  0.922500 -0.366342034688
370  0.925000 -0.366472178163
371  0.927500 -0.366646991256
372  0.930000 -0.366867260545
373  0.932500 -0.367133022793
374  0.935000 -0.367444755084
375  0.937500 -0.367803213332
376  0.940000 -0.368207010793
377  0.942500 -0.368655420982
378  0.945000 -0.369149111482
379  0.947500 -0.369686620789
380  0.950000 -0.370266016287
381  0.952500 -0.370884433703
382  0.955000 -0.371539718911
383  0.957500 -0.372228671542
384  0.960000 -0.372948011079
385  0.962500 -0.373693028526
386  0.965000 -0.374460200761
387  0.967500 -0.375244074008
388  0.970000 -0.376039056593
389  0.972500 -0.376839263330
390  0.975000 -0.377639735128
391  0.977500 -0.378436330825
392  0.980000 -0.379222226755
393  0.982500 -0.379990387465
394  0.985000 -0.380737697197
395  0.987500 -0.381460589881
396  0.990000 -0.382153376136
397  0.992500 -0.382811804697
398  0.995000 -0.383432877614
399  0.997500 -0.384014446988
400  1.000000 -0.384554637485
401  1.002500 -0.385049915245
402  1.005000 -0.385500481938
403  1.007500 -0.385904600059
404  1.010000 -0.386262606857
405  1.012500 -0.386574526080
406  1.015000 -0.386838442832
407  1.017500 -0.387054362184
408  1.020000 -0.387226154270
409  1.022500 -0.387353358511
410  1.025000 -0.387437181267
411  1.027500 -0.387478001037
412  1.030000 -0.387479039293
413  1.032500 -0.387442048470
414  1.035000 -0.387367685477
415  1.037500 -0.387258436714
416  1.040000 -0.387114805115
417  1.042500 -0.386938345236
418  1.045000 -0.386731703814
419  1.047500 -0.386495350041
420  1.050000 -0.386231979907
421  1.052500 -0.385943148732
422  1.055000 -0.385631295422
423  1.057500 -0.385298637697
424  1.060000 -0.384945653181
425  1.062500 -0.384574584515
426  1.065000 -0.384186509005
427  1.067500 -0.383784319830
428  1.070000 -0.383369545958
429  1.072500 -0.382943285108
430  1.075000 -0.382506624919
431  1.077500 -0.382061733184
432  1.080000 -0.381610998357
433  1.082500 -0.381154940336
434  1.085000 -0.380695304991
435  1.087500 -0.380233337307
436  1.090000 -0.379770283863
437  1.092500 -0.379306234038
438  1.095000 -0.378842918314
439  1.097500 -0.378382308694
440  1.100000 -0.377925082012
441  1.102500 -0.377472553226
442  1.105000 -0.377025768490
443  1.107500 -0.376585146067
444  1.110000 -0.376152192045
445  1.112500 -0.375727066916
446  1.115000 -0.375310533588
447  1.117500 -0.374903243688
448  1.120000 -0.374505959971
449  1.122500 -0.374119334892
450  1.125000 -0.373743256408
451  1.127500 -0.373378086796
452  1.130000 -0.373023742845
453  1.132500 -0.372681010052
454  1.135000 -0.372350262660
455  1.137500 -0.372031430969
456  1.140000 -0.371724854317
457  1.142500 -0.371430793365
458  1.145000 -0.371148694542
459  1.147500 -0.370878168067
460  1.150000 -0.370619363263
461  1.152500 -0.370372667523
462  1.155000 -0.370137140739
463  1.157500 -0.369912242669
464  1.160000 -0.369698011001
465  1.162500 -0.369493912174
466  1.165000 -0.369300165307
467  1.167500 -0.369116164544
468  1.170000 -0.368941808576
469  1.172500 -0.368776466348
470  1.175000 -0.368619715073
471  1.177500 -0.368471540303
472  1.180000 -0.368331147933
473  1.182500 -0.368198837053
474  1.185000 -0.368074753840
475  1.187500 -0.367957476299
476  1.190000 -0.367847223396
477  1.192500 -0.367744518194
478  1.195000 -0.367647949850
479  1.197500 -0.367557619540
480  1.200000 -0.367473681779
481  1.202500 -0.367396393094
482  1.205000 -0.367325967092
483  1.207500 -0.367263005300
484  1.210000 -0.367206455533
485  1.212500 -0.367157193660
486  1.215000 -0.367115374041
487  1.217500 -0.367081980307
488  1.220000 -0.367056868590
489  1.222500 -0.367040701711
490  1.225000 -0.367032836376
491  1.227500 -0.367034018649
492  1.230000 -0.367045017127
493  1.232500 -0.367066642605
494  1.235000 -0.367098268385
495  1.237500 -0.367141151875
496  1.240000 -0.367195825032
497  1.242500 -0.367262994930
498  1.245000 -0.367343529770
499  1.247500 -0.367437913395
500  1.250000 -0.367546567237
501  1.252500 -0.367669705015
502  1.255000 -0.367809515626
503  1.257500 -0.367965259754
504  1.260000 -0.368138276190
505  1.262500 -0.368328384134
506  1.265000 -0.368536834282
507  1.267500 -0.368763803477
508  1.270000 -0.369009347262
509  1.272500 -0.369274008634
510  1.275000 -0.369556027018
511  1.277500 -0.369856175653
512  1.280000 -0.370175109992
513  1.282500 -0.370511540729
514  1.285000 -0.370863598694
515  1.287500 -0.371232279965
516  1.290000 -0.371616346324
517  1.292500 -0.372015201668
518  1.295000 -0.372426343421
519  1.297500 -0.372848105526
520  1.300000 -0.373279055867
521  1.302500 -0.373717342175
522  1.305000 -0.374160616180
523  1.307500 -0.374607200955
524  1.310000 -0.375054508305
525  1.312500 -0.375500333985
526  1.315000 -0.375941723590
527  1.317500 -0.376377345489
528  1.320000 -0.376803840364
529  1.322500 -0.377218036682
530  1.325000 -0.377619954134
531  1.327500 -0.378005498610
532  1.330000 -0.378372452185
533  1.332500 -0.378717865966
534  1.335000 -0.379039837809
535  1.337500 -0.379337694594
536  1.340000 -0.379608850416
537  1.342500 -0.379852951116
538  1.345000 -0.380069664029
539  1.347500 -0.380256993308
540  1.350000 -0.380414452766
541  1.352500 -0.380542856570
542  1.355000 -0.380640451821
543  1.357500 -0.380707124244
544  1.360000 -0.380743902153
545  1.362500 -0.380750934155
546  1.365000 -0.380728771197
547  1.367500 -0.380677442134
548  1.370000 -0.380597712585
549  1.372500 -0.380490369161
550  1.375000 -0.380356551823
551  1.377500 -0.380196722859
552  1.380000 -0.380012130375
553  1.382500 -0.379803269143
554  1.385000 -0.379571823261
555  1.387500 -0.379317789959
556  1.390000 -0.379043109213
557  1.392500 -0.378749136939
558  1.395000 -0.378436772662
559  1.397500 -0.378108054552
560  1.400000 -0.377763587568
561  1.402500 -0.377404903306
562  1.405000 -0.377032264124
563  1.407500 -0.376647724258
564  1.410000 -0.376252696549
565  1.412500 -0.375848801345
566  1.415000 -0.375437373081
567  1.417500 -0.375019743515
568  1.420000 -0.374597083321
569  1.422500 -0.374170590171
570  1.425000 -0.373742833486
571  1.427500 -0.373314423949
572  1.430000 -0.372886487467
573  1.432500 -0.372460443924
574  1.435000 -0.372037404732
575  1.437500 -0.371619424005
576  1.440000 -0.371208043273
577  1.442500 -0.370803883352
578  1.445000 -0.370408517226
579  1.447500 -0.370023613488
580  1.450000 -0.369650298692
581  1.452500 -0.369290453542
582  1.455000 -0.368945302001
583  1.457500 -0.368615874234
584  1.460000 -0.368304465180
585  1.462500 -0.368012268239
586  1.465000 -0.367740947084
587  1.467500 -0.367491010075
588  1.470000 -0.367264622248
589  1.472500 -0.367062030519
590  1.475000 -0.366885087418
591  1.477500 -0.366735329958
592  1.480000 -0.366614113186
593  1.482500 -0.366522138338
594  1.485000 -0.366461224933
595  1.487500 -0.366432464625
596  1.490000 -0.366437077925
597  1.492500 -0.366476627199
598  1.495000 -0.366552234419
599  1.497500 -0.366665342529
600  1.500000 -0.366816091988
601  1.502500 -0.367004376688
602  1.505000 -0.367231483865
603  1.507500 -0.367496995049
604  1.510000 -0.367800957320
605  1.512500 -0.368143393833
606  1.515000 -0.368524541135
607  1.517500 -0.368943116278
608  1.520000 -0.369396822183
609  1.522500 -0.369884390901
610  1.525000 -0.370403904861
611  1.527500 -0.370953262487
612  1.530000 -0.371529515128
613  1.532500 -0.372129582640
614  1.535000 -0.372749401170
615  1.537500 -0.373384924567
616  1.540000 -0.374031828035
617  1.542500 -0.374684562011
618  1.545000 -0.375338671061
619  1.547500 -0.375989540169
620  1.550000 -0.376630489514
621  1.552500 -0.377257014619
622  1.555000 -0.377864454405
623  1.557500 -0.378450935254
624  1.560000 -0.379010058140
625  1.562500 -0.379540958410
626  1.565000 -0.380039417937
627  1.567500 -0.380503789076
628  1.570000 -0.380931609467
629  1.572500 -0.381322817609
630  1.575000 -0.381676895773
631  1.577500 -0.381991588682
632  1.580000 -0.382267104264
633  1.582500 -0.382503975148
634  1.585000 -0.382703289132
635  1.587500 -0.382865936171
636  1.590000 -0.382991521373
637  1.592500 -0.383080922054
638  1.595000 -0.383135804717
639  1.597500 -0.383157734252
640  1.600000 -0.383147633858
641  1.602500 -0.383105188783
642  1.605000 -0.383033394091
643  1.607500 -0.382932456196
644  1.610000 -0.382804019726
645  1.612500 -0.382649774177
646  1.615000 -0.382470472312
647  1.617500 -0.382268488673
648  1.620000 -0.382044752684
649  1.622500 -0.381800976890
650  1.625000 -0.381537834990
651  1.627500 -0.381257821935
652  1.630000 -0.380961131720
653  1.632500 -0.380649552000
654  1.635000 -0.380324340151
655  1.637500 -0.379986972218
656  1.640000 -0.379638336057
657  1.642500 -0.379280444293
658  1.645000 -0.378913655098
659  1.647500 -0.378539506033
660  1.650000 -0.378158689113
661  1.652500 -0.377772097182
662  1.655000 -0.377380835067
663  1.657500 -0.376986551037
664  1.660000 -0.376590010710
665  1.662500 -0.376192221479
666  1.665000 -0.375794642953
667  1.667500 -0.375397696184
668  1.670000 -0.375002694915
669  1.672500 -0.374610665749
670  1.675000 -0.374222360392
671  1.677500 -0.373839018572
672  1.680000 -0.373461084904
673  1.682500 -0.373089951238
674  1.685000 -0.372725810114
675  1.687500 -0.372370055438
676  1.690000 -0.372023311202
677  1.692500 -0.371685909246
678  1.695000 -0.371358881390
679  1.697500 -0.371042908222
680  1.700000 -0.370738427420
681  1.702500 -0.370446200220
682  1.705000 -0.370166436060
683  1.707500 -0.369899729062
684  1.710000 -0.369647035046
685  1.712500 -0.369408418262
686  1.715000 -0.369184342785
687  1.717500 -0.368975262315
688  1.720000 -0.368781487112
689  1.722500 -0.368603672102
690  1.725000 -0.368441743317
691  1.727500 -0.368295150425
692  1.730000 -0.368164241668
693  1.732500 -0.368049717247
694  1.735000 -0.367951725035
695  1.737500 -0.367869211230
696  1.740000 -0.367802845719
697  1.742500 -0.367751953801
698  1.745000 -0.367716591558
699  1.747500 -0.367696529730
700  1.750000 -0.367691918174
701  1.752500 -0.367702177830
702  1.755000 -0.367726246771
703  1.757500 -0.367764052969
704  1.760000 -0.367815105214
705  1.762500 -0.367878655781
706  1.765000 -0.367954325063
707  1.767500 -0.368042080634
708  1.770000 -0.368140846568
709  1.772500 -0.368250359577
710  1.775000 -0.368370101382
711  1.777500 -0.368499127825
712  1.780000 -0.368636890611
713  1.782500 -0.368782964368
714  1.785000 -0.368935763526
715  1.787500 -0.369095970096
716  1.790000 -0.369262145511
717  1.792500 -0.369433990907
718  1.795000 -0.369610917564
719  1.797500 -0.369792219053
720  1.800000 -0.369978243472
721  1.802500 -0.370168285461
722  1.805000 -0.370361959233
723  1.807500 -0.370558737181
724  1.810000 -0.370758134208
725  1.812500 -0.370959900270
726  1.815000 -0.371164753832
727  1.817500 -0.371371762575
728  1.820000 -0.371580627105
729  1.822500 -0.371791842803
730  1.825000 -0.372004474195
731  1.827500 -0.372218945474
732  1.830000 -0.372434930912
733  1.832500 -0.372653201976
734  1.835000 -0.372873707769
735  1.837500 -0.373096173813
736  1.840000 -0.373320423664
737  1.842500 -0.373547515836
738  1.845000 -0.373777120877
739  1.847500 -0.374009658847
740  1.850000 -0.374245424577
741  1.852500 -0.374483826426
742  1.855000 -0.374725734366
743  1.857500 -0.374970044230
744  1.860000 -0.375217027969
745  1.862500 -0.375467238891
746  1.865000 -0.375720829966
747  1.867500 -0.375977558202
748  1.870000 -0.376237206384
749  1.872500 -0.376499765158
750  1.875000 -0.376764168302
751  1.877500 -0.377030794907
752  1.880000 -0.377298747948
753  1.882500 -0.377568534719
754  1.885000 -0.377839548553
755  1.887500 -0.378111203615
756  1.890000 -0.378382542749
757  1.892500 -0.378652405029
758  1.895000 -0.378920662683
759  1.897500 -0.379187367049
760  1.900000 -0.379451190243
761  1.902500 -0.379711366986
762  1.905000 -0.379966883744
763  1.907500 -0.380217181165
764  1.910000 -0.380461889361
765  1.912500 -0.380700253292
766  1.915000 -0.380931534510
767  1.917500 -0.381154602350
768  1.920000 -0.381368842330
769  1.922500 -0.381573780557
770  1.925000 -0.381768534544
771  1.927500 -0.381951674461
772  1.930000 -0.382123601722
773  1.932500 -0.382283306592
774  1.935000 -0.382430205021
775  1.937500 -0.382564669869
776  1.940000 -0.382685732231
777  1.942500 -0.382793776267
778  1.945000 -0.382888144935
779  1.947500 -0.382968986773
780  1.950000 -0.383036466499
781  1.952500 -0.383090295002
782  1.955000 -0.383130886895
783  1.957500 -0.383157924576
784  1.960000 -0.383171487480
785  1.962500 -0.383172264864
786  1.965000 -0.383160130484
787  1.967500 -0.383135630678
788  1.970000 -0.383098981607
789  1.972500 -0.383050459609
790  1.975000 -0.382991130719
791  1.977500 -0.382921400147
792  1.980000 -0.382841603858
793  1.982500 -0.382752311805
794  1.985000 -0.382654278897
795  1.987500 -0.382547421900
796  1.990000 -0.382433626565
797  1.992500 -0.382313028143
798  1.995000 -0.382186224908
799  1.997500 -0.382053912905
800  2.000000 -0.381916516805
801  2.002500 -0.381775187759
802  2.005000 -0.381630814615
803  2.007500 -0.381483658257
804  2.010000 -0.381334263758
805  2.012500 -0.381184324211
806  2.015000 -0.381033664212
807  2.017500 -0.380883487653
808  2.020000 -0.380734503706
809  2.022500 -0.380587949270
810  2.025000 -0.380444175030
811  2.027500 -0.380303603853
812  2.030000 -0.380167338695
813  2.032500 -0.380036252267
814  2.035000 -0.379911472086
815  2.037500 -0.379793309245
816  2.040000 -0.379682151926
817  2.042500 -0.379579142275
818  2.045000 -0.379485187518
819  2.047500 -0.379400558274
820  2.050000 -0.379326012291
821  2.052500 -0.379262623830
822  2.055000 -0.379210917470
823  2.057500 -0.379171675311
824  2.060000 -0.379145968664
825  2.062500 -0.379133720794
826  2.065000 -0.379136240221
827  2.067500 -0.379154130452
828  2.070000 -0.379187930777
829  2.072500 -0.379238324197
830  2.075000 -0.379305652498
831  2.077500 -0.379389795539
832  2.080000 -0.379491503142
833  2.082500 -0.379611337486
834  2.085000 -0.379748765789
835  2.087500 -0.379904039636
836  2.090000 -0.380076817578
837  2.092500 -0.380267193090
838  2.095000 -0.380474924302
839  2.097500 -0.380699465895
840  2.100000 -0.380940630748
841  2.102500 -0.381197838065
842  2.105000 -0.381470998779
843  2.107500 -0.381758790340
844  2.110000 -0.382060608073
845  2.112500 -0.382374817653
846  2.115000 -0.382700828116
847  2.117500 -0.383037567206
848  2.120000 -0.383383112059
849  2.122500 -0.383736175856
850  2.125000 -0.384094508906
851  2.127500 -0.384456288658
852  2.130000 -0.384819725790
853  2.132500 -0.385183043650
854  2.135000 -0.385546040188
855  2.137500 -0.385905536981
856  2.140000 -0.386260135290
857  2.142500 -0.386607779105
858  2.145000 -0.386947139704
859  2.147500 -0.387277098714
860  2.150000 -0.387596525140
861  2.152500 -0.387903817977
862  2.155000 -0.388198098474
863  2.157500 -0.388479188164
864  2.160000 -0.388745873929
865  2.162500 -0.388997627270
866  2.165000 -0.389233269382
867  2.167500 -0.389452600773
868  2.170000 -0.389655411270
869  2.172500 -0.389841268351
870  2.175000 -0.390010277776
871  2.177500 -0.390162893209
872  2.180000 -0.390297884583
873  2.182500 -0.390416593212
874  2.185000 -0.390518603894
875  2.187500 -0.390604821070
876  2.190000 -0.390675450324
877  2.192500 -0.390731091362
878  2.195000 -0.390772047709
879  2.197500 -0.390798823169
880  2.200000 -0.390811888266
881  2.202500 -0.390811319765
882  2.205000 -0.390797999437
883  2.207500 -0.390772148662
884  2.210000 -0.390734446778
885  2.212500 -0.390684848595
886  2.215000 -0.390624540879
887  2.217500 -0.390553239617
888  2.220000 -0.390472222953
889  2.222500 -0.390381684863
890  2.225000 -0.390281783480
891  2.227500 -0.390173509219
892  2.230000 -0.390056896763
893  2.232500 -0.389932657571
894  2.235000 -0.389801052071
895  2.237500 -0.389662329789
896  2.240000 -0.389517312472
897  2.242500 -0.389366443531
898  2.245000 -0.389210254652
899  2.247500 -0.389049033947
900  2.250000 -0.388882714691
901  2.252500 -0.388711919173
902  2.255000 -0.388537303087
903  2.257500 -0.388359276340
904  2.260000 -0.388177621433
905  2.262500 -0.387993134744
906  2.265000 -0.387806057397
907  2.267500 -0.387617007875
908  2.270000 -0.387426668552
909  2.272500 -0.387235199028
910  2.275000 -0.387042602914
911  2.277500 -0.386849356067
912  2.280000 -0.386655558485
913  2.282500 -0.386461671424
914  2.285000 -0.386267912543
915  2.287500 -0.386074858154
916  2.290000 -0.385883120009
917  2.292500 -0.385692860182
918  2.295000 -0.385504616529
919  2.297500 -0.385318817611
920  2.300000 -0.385135236705
921  2.302500 -0.384954748041
922  2.305000 -0.384777537203
923  2.307500 -0.384603956958
924  2.310000 -0.384434219914
925  2.312500 -0.384269202634
926  2.315000 -0.384109191629
927  2.317500 -0.383954509571
928  2.320000 -0.383805957830
929  2.322500 -0.383663775648
930  2.325000 -0.383528400307
931  2.327500 -0.383400780081
932  2.330000 -0.383280963962
933  2.332500 -0.383169830111
934  2.335000 -0.383067530537
935  2.337500 -0.382974449744
936  2.340000 -0.382891310459
937  2.342500 -0.382818724257
938  2.345000 -0.382757245430
939  2.347500 -0.382707237851
940  2.350000 -0.382669566604
941  2.352500 -0.382644620592
942  2.355000 -0.382633299790
943  2.357500 -0.382636429483
944  2.360000 -0.382654064522
945  2.362500 -0.382686853926
946  2.365000 -0.382735781039
947  2.367500 -0.382801709688
948  2.370000 -0.382884562187
949  2.372500 -0.382985657133
950  2.375000 -0.383105469758
951  2.377500 -0.383244303466
952  2.380000 -0.383402970380
953  2.382500 -0.383581810870
954  2.385000 -0.383780790600
955  2.387500 -0.384000638814
956  2.390000 -0.384241276345
957  2.392500 -0.384502585615
958  2.395000 -0.384785709108
959  2.397500 -0.385089626701
960  2.400000 -0.385414780511
961  2.402500 -0.385760309667
962  2.405000 -0.386125677729
963  2.407500 -0.386509267918
964  2.410000 -0.386911178911
965  2.412500 -0.387328894803
966  2.415000 -0.387761181630
967  2.417500 -0.388206888283
968  2.420000 -0.388662459791
969  2.422500 -0.389126066656
970  2.425000 -0.389594386130
971  2.427500 -0.390065339825
972  2.430000 -0.390535968799
973  2.432500 -0.391003369684
974  2.435000 -0.391464527322
975  2.437500 -0.391917367644
976  2.440000 -0.392358690976
977  2.442500 -0.392785080923
978  2.445000 -0.393194896794
979  2.447500 -0.393585925421
980  2.450000 -0.393955784837
981  2.452500 -0.394303446804
982  2.455000 -0.394628097594
983  2.457500 -0.394928292095
984  2.460000 -0.395203510052
985  2.462500 -0.395454246663
986  2.465000 -0.395679703895
987  2.467500 -0.395879606264
988  2.470000 -0.396054272343
989  2.472500 -0.396204209683
990  2.475000 -0.396329792146
991  2.477500 -0.396431569810
992  2.480000 -0.396509825282
993  2.482500 -0.396566000912
994  2.485000 -0.396600543830
995  2.487500 -0.396613946211
996  2.490000 -0.396607532962
997  2.492500 -0.396582166797
998  2.495000 -0.396538418070
999  2.497500 -0.396477209265
1000  2.500000 -0.396399290707
1001  2.502500 -0.396305875318
1002  2.505000 -0.396197951213
1003  2.507500 -0.396076274731
1004  2.510000 -0.395942188384
1005  2.512500 -0.395796359052
1006  2.515000 -0.395639835184
1007  2.517500 -0.395473354427
1008  2.520000 -0.395298200307
1009  2.522500 -0.395115207345
1010  2.525000 -0.394925281236
1011  2.527500 -0.394729386119
1012  2.530000 -0.394528807166
1013  2.532500 -0.394324194638
1014  2.535000 -0.394116715847
1015  2.537500 -0.393907251944
1016  2.540000 -0.393696564550
1017  2.542500 -0.393485901301
1018  2.545000 -0.393275825191
1019  2.547500 -0.393067251888
1020  2.550000 -0.392861154031
1021  2.552500 -0.392658479713
1022  2.555000 -0.392460278315
1023  2.557500 -0.392267422360
1024  2.560000 -0.392080867634
1025  2.562500 -0.391901306140
1026  2.565000 -0.391729600911
1027  2.567500 -0.391566768831
1028  2.570000 -0.391413769313
1029  2.572500 -0.391271526536
1030  2.575000 -0.391140774644
1031  2.577500 -0.391022229461
1032  2.580000 -0.390917186637
1033  2.582500 -0.390826169281
1034  2.585000 -0.390749768586
1035  2.587500 -0.390688926329
1036  2.590000 -0.390644774267
1037  2.592500 -0.390617772868
1038  2.595000 -0.390608529129
1039  2.597500 -0.390618014222
1040  2.600000 -0.390646090147
1041  2.602500 -0.390694062755
1042  2.605000 -0.390762460880
1043  2.607500 -0.390851413911
1044  2.610000 -0.390961200556
1045  2.612500 -0.391092380003
1046  2.615000 -0.391244407719
1047  2.617500 -0.391417984633
1048  2.620000 -0.391612246141
1049  2.622500 -0.391826965558
1050  2.625000 -0.392061490301
1051  2.627500 -0.392315242630
1052  2.630000 -0.392586999798
1053  2.632500 -0.392875384928
1054  2.635000 -0.393179517336
1055  2.637500 -0.393497030643
1056  2.640000 -0.393826172313
1057  2.642500 -0.394164993386
1058  2.645000 -0.394511747696
1059  2.647500 -0.394863806891
1060  2.650000 -0.395219198210
1061  2.652500 -0.395575460483
1062  2.655000 -0.395930457552
1063  2.657500 -0.396281556338
1064  2.660000 -0.396626670087
1065  2.662500 -0.396963725650
1066  2.665000 -0.397291234588
1067  2.667500 -0.397606941252
1068  2.670000 -0.397910401506
1069  2.672500 -0.398200058764
1070  2.675000 -0.398474681098
1071  2.677500 -0.398733926533
1072  2.680000 -0.398977239814
1073  2.682500 -0.399204214628
1074  2.685000 -0.399415192415
1075  2.687500 -0.399610155068
1076  2.690000 -0.399789184798
1077  2.692500 -0.399952544557
1078  2.695000 -0.400100523477
1079  2.697500 -0.400233802368
1080  2.700000 -0.400352271561
1081  2.702500 -0.400456839540
1082  2.705000 -0.400548126341
1083  2.707500 -0.400627135469
1084  2.710000 -0.400694302262
1085  2.712500 -0.400750475845
1086  2.715000 -0.400796076314
1087  2.717500 -0.400832400327
1088  2.720000 -0.400859883498
1089  2.722500 -0.400879270771
1090  2.725000 -0.400891263750
1091  2.727500 -0.400896260259
1092  2.730000 -0.400895272899
1093  2.732500 -0.400889121450
1094  2.735000 -0.400878225448
1095  2.737500 -0.400863455206
1096  2.740000 -0.400845611779
1097  2.742500 -0.400825045928
1098  2.745000 -0.400802269648
1099  2.747500 -0.400777815967
1100  2.750000 -0.400752513212
1101  2.752500 -0.400726274388
1102  2.755000 -0.400699764388
1103  2.757500 -0.400673458149
1104  2.760000 -0.400647438198
1105  2.762500 -0.400622275963
1106  2.765000 -0.400598121655
1107  2.767500 -0.400575308415
1108  2.770000 -0.400554063219
1109  2.772500 -0.400534241124
1110  2.775000 -0.400515748415
1111  2.777500 -0.400498711421
1112  2.780000 -0.400483038668
1113  2.782500 -0.400468433078
1114  2.785000 -0.400455128512
1115  2.787500 -0.400442529411
1116  2.790000 -0.400430313221
1117  2.792500 -0.400418343781
1118  2.795000 -0.400406069131
1119  2.797500 -0.400393144374
1120  2.800000 -0.400379131997
1121  2.802500 -0.400363967071
1122  2.805000 -0.400346827042
1123  2.807500 -0.400327145349
1124  2.810000 -0.400304851815
1125  2.812500 -0.400278817048
1126  2.815000 -0.400248781167
1127  2.817500 -0.400214542868
1128  2.820000 -0.400175525503
1129  2.822500 -0.400131338792
1130  2.825000 -0.400081513561
1131  2.827500 -0.400025932693
1132  2.830000 -0.399963995338
1133  2.832500 -0.399895818417
1134  2.835000 -0.399820703404
1135  2.837500 -0.399739197113
1136  2.840000 -0.399650764088
1137  2.842500 -0.399555580030
1138  2.845000 -0.399453451461
1139  2.847500 -0.399344630078
1140  2.850000 -0.399229182393
1141  2.852500 -0.399107273883
1142  2.855000 -0.398979273353
1143  2.857500 -0.398845247367
1144  2.860000 -0.398705616841
1145  2.862500 -0.398560812384
1146  2.865000 -0.398411164498
1147  2.867500 -0.398257296549
1148  2.870000 -0.398099674699
1149  2.872500 -0.397938890119
1150  2.875000 -0.397775677144
1151  2.877500 -0.397610166606
1152  2.880000 -0.397443365002
1153  2.882500 -0.397275702355
1154  2.885000 -0.397107782851
1155  2.887500 -0.396940395535
1156  2.890000 -0.396774256507
1157  2.892500 -0.396610073689
1158  2.895000 -0.396448593296
1159  2.897500 -0.396290631784
1160  2.900000 -0.396137038640
1161  2.902500 -0.395988652275
1162  2.905000 -0.395846688671
1163  2.907500 -0.395711689608
1164  2.910000 -0.395584549769
1165  2.912500 -0.395466302557
1166  2.915000 -0.395357870308
1167  2.917500 -0.395260128139
1168  2.920000 -0.395174445312
1169  2.922500 -0.395101544541
1170  2.925000 -0.395042437354
1171  2.927500 -0.394998420821
1172  2.930000 -0.394970882155
1173  2.932500 -0.394960915505
1174  2.935000 -0.394970002491
1175  2.937500 -0.394999276301
1176  2.940000 -0.395049909551
1177  2.942500 -0.395123743914
1178  2.945000 -0.395221907294
1179  2.947500 -0.395346090551
1180  2.950000 -0.395497863216
1181  2.952500 -0.395678582280
1182  2.955000 -0.395890536404
1183  2.957500 -0.396135223616
1184  2.960000 -0.396414744489
1185  2.962500 -0.396730653140
1186  2.965000 -0.397085293274
1187  2.967500 -0.397480375862
1188  2.970000 -0.397918057098
1189  2.972500 -0.398400923580
1190  2.975000 -0.398929860772
1191  2.977500 -0.399506831741
1192  2.980000 -0.400133052996
1193  2.982500 -0.400807975661
1194  2.985000 -0.401530501812
1195  2.987500 -0.402299316306
1196  2.990000 -0.403109928479
1197  2.992500 -0.403956162535
1198  2.995000 -0.404829133195
1199  2.997500 -0.405718554210
1200  3.000000 -0.406612591228
1201  3.002500 -0.407497462545
1202  3.005000 -0.408360417423
1203  3.007500 -0.409192171293
1204  3.010000 -0.409984674200
1205  3.012500 -0.410731741711
1206  3.015000 -0.411430410778
1207  3.017500 -0.412078999608
1208  3.020000 -0.412676986972
1209  3.022500 -0.413225098895
1210  3.025000 -0.413724369231
1211  3.027500 -0.414176484109
1212  3.030000 -0.414583975438
1213  3.032500 -0.414948283501
1214  3.035000 -0.415272180432
1215  3.037500 -0.415557698957
1216  3.040000 -0.415806793332
1217  3.042500 -0.416021858945
1218  3.045000 -0.416204415808
1219  3.047500 -0.416356814495
1220  3.050000 -0.416480365966
1221  3.052500 -0.416577510929
1222  3.055000 -0.416649816029
1223  3.057500 -0.416698674815
1224  3.060000 -0.416725715653
1225  3.062500 -0.416732543762
1226  3.065000 -0.416720724001
1227  3.067500 -0.416691494579
1228  3.070000 -0.416646411382
1229  3.072500 -0.416586611529
1230  3.075000 -0.416513080602
1231  3.077500 -0.416427597593
1232  3.080000 -0.416331131172
1233  3.082500 -0.416224756383
1234  3.085000 -0.416109671781
1235  3.087500 -0.415986970523
1236  3.090000 -0.415857574715
1237  3.092500 -0.415722624262
1238  3.095000 -0.415583007903
1239  3.097500 -0.415439915681
1240  3.100000 -0.415294196040
1241  3.102500 -0.415146800119
1242  3.105000 -0.414998391181
1243  3.107500 -0.414850206993
1244  3.110000 -0.414702845037
1245  3.112500 -0.414557406826
1246  3.115000 -0.414414780252
1247  3.117500 -0.414275427038
1248  3.120000 -0.414140483474
1249  3.122500 -0.414010610174
1250  3.125000 -0.413886598365
1251  3.127500 -0.413769299139
1252  3.130000 -0.413659421689
1253  3.132500 -0.413557488719
1254  3.135000 -0.413464425218
1255  3.137500 -0.413380806128
1256  3.140000 -0.413307075687
1257  3.142500 -0.413244155941
1258  3.145000 -0.413192484155
1259  3.147500 -0.413152546078
1260  3.150000 -0.413124834674
1261  3.152500 -0.413110265093
1262  3.155000 -0.413108655346
1263  3.157500 -0.413121007325
1264  3.160000 -0.413147598522
1265  3.162500 -0.413188648459
1266  3.165000 -0.413244331318
1267  3.167500 -0.413315030795
1268  3.170000 -0.413400203925
1269  3.172500 -0.413499909809
1270  3.175000 -0.413613931743
1271  3.177500 -0.413742017589
1272  3.180000 -0.413884228980
1273  3.182500 -0.414039603046
1274  3.185000 -0.414207490607
1275  3.187500 -0.414387395343
1276  3.190000 -0.414578466450
1277  3.192500 -0.414778872219
1278  3.195000 -0.414988120886
1279  3.197500 -0.415204847070
1280  3.200000 -0.415428144588
1281  3.202500 -0.415656717745
1282  3.205000 -0.415889043413
1283  3.207500 -0.416123733762
1284  3.210000 -0.416359773844
1285  3.212500 -0.416595693054
1286  3.215000 -0.416830104371
1287  3.217500 -0.417062076804
1288  3.220000 -0.417290400096
1289  3.222500 -0.417514093024
1290  3.225000 -0.417732492750
1291  3.227500 -0.417944827909
1292  3.230000 -0.418150478679
1293  3.232500 -0.418349359686
1294  3.235000 -0.418540621337
1295  3.237500 -0.418724145770
1296  3.240000 -0.418899820231
1297  3.242500 -0.419067837870
1298  3.245000 -0.419227921800
1299  3.247500 -0.419380423312
1300  3.250000 -0.419525131800
1301  3.252500 -0.419662612349
1302  3.255000 -0.419792797009
1303  3.257500 -0.419916507650
1304  3.260000 -0.420034271405
1305  3.262500 -0.420146069413
1306  3.265000 -0.420252446221
1307  3.267500 -0.420353476770
1308  3.270000 -0.420450104262
1309  3.272500 -0.420542362595
1310  3.275000 -0.420630841372
1311  3.277500 -0.420715933214
1312  3.280000 -0.420798397767
1313  3.282500 -0.420878251046
1314  3.285000 -0.420955861307
1315  3.287500 -0.421032066837
1316  3.290000 -0.421106646750
1317  3.292500 -0.421180614668
1318  3.295000 -0.421253791398
1319  3.297500 -0.421326758016
1320  3.300000 -0.421399635208
1321  3.302500 -0.421472853599
1322  3.305000 -0.421546424431
1323  3.307500 -0.421620720678
1324  3.310000 -0.421695309578
1325  3.312500 -0.421770825469
1326  3.315000 -0.421847101356
1327  3.317500 -0.421923821435
1328  3.320000 -0.422000985077
1329  3.322500 -0.422078438385
1330  3.325000 -0.422155872680
1331  3.327500 -0.422233600383
1332  3.330000 -0.422310545842
1333  3.332500 -0.422386745380
1334  3.335000 -0.422462038731
1335  3.337500 -0.422535761703
1336  3.340000 -0.422607892140
1337  3.342500 -0.422677092241
1338  3.345000 -0.422743457868
1339  3.347500 -0.422806230383
1340  3.350000 -0.422865141229
1341  3.352500 -0.422919298155
1342  3.355000 -0.422968577035
1343  3.357500 -0.423012315044
1344  3.360000 -0.423050041818
1345  3.362500 -0.423081574511
1346  3.365000 -0.423105992512
1347  3.367500 -0.423123304478
1348  3.370000 -0.423133348105
1349  3.372500 -0.423135711424
1350  3.375000 -0.423130220113
1351  3.377500 -0.423116478819
1352  3.380000 -0.423094715113
1353  3.382500 -0.423064687081
1354  3.385000 -0.423026914631
1355  3.387500 -0.422981077708
1356  3.390000 -0.422927362418
1357  3.392500 -0.422865406721
1358  3.395000 -0.422795771818
1359  3.397500 -0.422718554391
1360  3.400000 -0.422634080505
1361  3.402500 -0.422542423122
1362  3.405000 -0.422444271156
1363  3.407500 -0.422339802496
1364  3.410000 -0.422229250049
1365  3.412500 -0.422113470154
1366  3.415000 -0.421992647710
1367  3.417500 -0.421866965819
1368  3.420000 -0.421736888250
1369  3.422500 -0.421602827923
1370  3.425000 -0.421465474015
1371  3.427500 -0.421325286812
1372  3.430000 -0.421182926882
1373  3.432500 -0.421038618125
1374  3.435000 -0.420893261824
1375  3.437500 -0.420747303995
1376  3.440000 -0.420601452324
1377  3.442500 -0.420456176082
1378  3.445000 -0.420312019834
1379  3.447500 -0.420169746062
1380  3.450000 -0.420029852844
1381  3.452500 -0.419892847514
1382  3.455000 -0.419759446834
1383  3.457500 -0.419630172661
1384  3.460000 -0.419505802634
1385  3.462500 -0.419387144253
1386  3.465000 -0.419274822601
1387  3.467500 -0.419169267033
1388  3.470000 -0.419071132074
1389  3.472500 -0.418980925200
1390  3.475000 -0.418899682985
1391  3.477500 -0.418827997209
1392  3.480000 -0.418766552839
1393  3.482500 -0.418716053843
1394  3.485000 -0.418676933633
1395  3.487500 -0.418649920705
1396  3.490000 -0.418635804222
1397  3.492500 -0.418635152364
1398  3.495000 -0.418648495841
1399  3.497500 -0.418676425684
1400  3.500000 -0.418719432002
1401  3.502500 -0.418778355223
1402  3.505000 -0.418853378637
1403  3.507500 -0.418945161655
1404  3.510000 -0.419053812790
1405  3.512500 -0.419180260368
1406  3.515000 -0.419324341332
1407  3.517500 -0.419486436874
1408  3.520000 -0.419666912155
1409  3.522500 -0.419864999011
1410  3.525000 -0.420080955925
1411  3.527500 -0.420314231395
1412  3.530000 -0.420564133211
1413  3.532500 -0.420829544473
1414  3.535000 -0.421110103146
1415  3.537500 -0.421404232059
1416  3.540000 -0.421710687918
1417  3.542500 -0.422027438087
1418  3.545000 -0.422352289235
1419  3.547500 -0.422683369243
1420  3.550000 -0.423018366457
1421  3.552500 -0.423354986834
1422  3.555000 -0.423691013869
1423  3.557500 -0.424024753421
1424  3.560000 -0.424353462823
1425  3.562500 -0.424674791573
1426  3.565000 -0.424986854393
1427  3.567500 -0.425288339170
1428  3.570000 -0.425578219132
1429  3.572500 -0.425854336189
1430  3.575000 -0.426116112529
1431  3.577500 -0.426362933197
1432  3.580000 -0.426593771267
1433  3.582500 -0.426808910575
1434  3.585000 -0.427008119967
1435  3.587500 -0.427191560093
1436  3.590000 -0.427358524372
1437  3.592500 -0.427509816514
1438  3.595000 -0.427645411267
1439  3.597500 -0.427765731161
1440  3.600000 -0.427871586804
1441  3.602500 -0.427963040027
1442  3.605000 -0.428040876548
1443  3.607500 -0.428105959287
1444  3.610000 -0.428158275534
1445  3.612500 -0.428198452937
1446  3.615000 -0.428227282096
1447  3.617500 -0.428245445712
1448  3.620000 -0.428253302172
1449  3.622500 -0.428251574540
1450  3.625000 -0.428240962690
1451  3.627500 -0.428222192341
1452  3.630000 -0.428195624498
1453  3.632500 -0.428162134138
1454  3.635000 -0.428122022725
1455  3.637500 -0.428075702696
1456  3.640000 -0.428023763411
1457  3.642500 -0.427966902296
1458  3.645000 -0.427905211134
1459  3.647500 -0.427839594205
1460  3.650000 -0.427770518870
1461  3.652500 -0.427698348706
1462  3.655000 -0.427623642442
1463  3.657500 -0.427546990238
1464  3.660000 -0.427468677392
1465  3.662500 -0.427389361599
1466  3.665000 -0.427309348346
1467  3.667500 -0.427228795469
1468  3.670000 -0.427148161439
1469  3.672500 -0.427067570272
1470  3.675000 -0.426987747608
1471  3.677500 -0.426908675795
1472  3.680000 -0.426830591024
1473  3.682500 -0.426754056783
1474  3.685000 -0.426679032385
1475  3.687500 -0.426605634611
1476  3.690000 -0.426534334243
1477  3.692500 -0.426465466185
1478  3.695000 -0.426399217883
1479  3.697500 -0.426335699737
1480  3.700000 -0.426275000067
1481  3.702500 -0.426217403378
1482  3.705000 -0.426163410189
1483  3.707500 -0.426112613776
1484  3.710000 -0.426065296891
1485  3.712500 -0.426021764561
1486  3.715000 -0.425981838806
1487  3.717500 -0.425945949208
1488  3.720000 -0.425914238139
1489  3.722500 -0.425886592484
1490  3.725000 -0.425863165689
1491  3.727500 -0.425843416419
1492  3.730000 -0.425827732297
1493  3.732500 -0.425816016562
1494  3.735000 -0.425808268584
1495  3.737500 -0.425804690242
1496  3.740000 -0.425805706934
1497  3.742500 -0.425811069739
1498  3.745000 -0.425820705419
1499  3.747500 -0.425834715012
1500  3.750000 -0.425853170673
1501  3.752500 -0.425876073623
1502  3.755000 -0.425903705665
1503  3.757500 -0.425935858593
1504  3.760000 -0.425972574094
1505  3.762500 -0.426014200408
1506  3.765000 -0.426060522546
1507  3.767500 -0.426111907458
1508  3.770000 -0.426167703368
1509  3.772500 -0.426228537785
1510  3.775000 -0.426294198028
1511  3.777500 -0.426364729298
1512  3.780000 -0.426440232530
1513  3.782500 -0.426521535931
1514  3.785000 -0.426608191658
1515  3.787500 -0.426700599223
1516  3.790000 -0.426798866774
1517  3.792500 -0.426902765189
1518  3.795000 -0.427012540578
1519  3.797500 -0.427128450890
1520  3.800000 -0.427250246747
1521  3.802500 -0.427378355355
1522  3.805000 -0.427512601874
1523  3.807500 -0.427653018843
1524  3.810000 -0.427799377776
1525  3.812500 -0.427951440650
1526  3.815000 -0.428109184567
1527  3.817500 -0.428272349180
1528  3.820000 -0.428440625223
1529  3.822500 -0.428613733981
1530  3.825000 -0.428791453365
1531  3.827500 -0.428973346591
1532  3.830000 -0.429158911578
1533  3.832500 -0.429347516389
1534  3.835000 -0.429538756828
1535  3.837500 -0.429732060331
1536  3.840000 -0.429926264401
1537  3.842500 -0.430121022005
1538  3.845000 -0.430315159536
1539  3.847500 -0.430507937213
1540  3.850000 -0.430698512376
1541  3.852500 -0.430885910506
1542  3.855000 -0.431069054561
1543  3.857500 -0.431247068439
1544  3.860000 -0.431419258541
1545  3.862500 -0.431584960802
1546  3.865000 -0.431743021064
1547  3.867500 -0.431893101879
1548  3.870000 -0.432034322352
1549  3.872500 -0.432166194779
1550  3.875000 -0.432288316143
1551  3.877500 -0.432400015165
1552  3.880000 -0.432500765240
1553  3.882500 -0.432590284793
1554  3.885000 -0.432668746380
1555  3.887500 -0.432735663177
1556  3.890000 -0.432790744963
1557  3.892500 -0.432833973606
1558  3.895000 -0.432865484315
1559  3.897500 -0.432885582866
1560  3.900000 -0.432894163713
1561  3.902500 -0.432891695602
1562  3.905000 -0.432877965031
1563  3.907500 -0.432853551722
1564  3.910000 -0.432818833369
1565  3.912500 -0.432773306873
1566  3.915000 -0.432718028382
1567  3.917500 -0.432653232487
1568  3.920000 -0.432578985461
1569  3.922500 -0.432496131423
1570  3.925000 -0.432405160524
1571  3.927500 -0.432306239055
1572  3.930000 -0.432199857153
1573  3.932500 -0.432086593404
1574  3.935000 -0.431967166164
1575  3.937500 -0.431841662363
1576  3.940000 -0.431710560881
1577  3.942500 -0.431574373319
1578  3.945000 -0.431433556303
1579  3.947500 -0.431288468303
1580  3.950000 -0.431139521877
1581  3.952500 -0.430987367602
1582  3.955000 -0.430832959755
1583  3.957500 -0.430676739089
1584  3.960000 -0.430519055058
1585  3.962500 -0.430360385396
1586  3.965000 -0.430201251115
1587  3.967500 -0.430041974327
1588  3.970000 -0.429883360414
1589  3.972500 -0.429725801679
1590  3.975000 -0.429569836279
1591  3.977500 -0.429415834055
1592  3.980000 -0.429264313043
1593  3.982500 -0.429115870643
1594  3.985000 -0.428970870526
1595  3.987500 -0.428830159603
1596  3.990000 -0.428694350244
1597  3.992500 -0.428563832078
1598  3.995000 -0.428439179716
1599  3.997500 -0.428320917384
1600  4.000000 -0.428209545321
1601  4.002500 -0.428105598205
1602  4.005000 -0.428009408717
1603  4.007500 -0.427921777006
1604  4.010000 -0.427843138453
1605  4.012500 -0.427773835222
1606  4.015000 -0.427714770141
1607  4.017500 -0.427666167780
1608  4.020000 -0.427628128213
1609  4.022500 -0.427601188070
1610  4.025000 -0.427585959770
1611  4.027500 -0.427582792836
1612  4.030000 -0.427592211792
1613  4.032500 -0.427614513493
1614  4.035000 -0.427650071517
1615  4.037500 -0.427699009184
1616  4.040000 -0.427761735757
1617  4.042500 -0.427838539271
1618  4.045000 -0.427929226318
1619  4.047500 -0.428034101244
1620  4.050000 -0.428152673872
1621  4.052500 -0.428285318992
1622  4.055000 -0.428431479604
1623  4.057500 -0.428590881549
1624  4.060000 -0.428762719534
1625  4.062500 -0.428946686284
1626  4.065000 -0.429141876679
1627  4.067500 -0.429346992684
1628  4.070000 -0.429561290135
1629  4.072500 -0.429783453145
1630  4.075000 -0.430012033533
1631  4.077500 -0.430245881541
1632  4.080000 -0.430483557328
1633  4.082500 -0.430723660585
1634  4.085000 -0.430964579776
1635  4.087500 -0.431204755887
1636  4.090000 -0.431442593308
1637  4.092500 -0.431677145806
1638  4.095000 -0.431906689876
1639  4.097500 -0.432131168088
1640  4.100000 -0.432348961426
1641  4.102500 -0.432559282390
1642  4.105000 -0.432761781997
1643  4.107500 -0.432956147662
1644  4.110000 -0.433141563492
1645  4.112500 -0.433317875305
1646  4.115000 -0.433484947833
1647  4.117500 -0.433642148604
1648  4.120000 -0.433789749202
1649  4.122500 -0.433927728005
1650  4.125000 -0.434056569566
1651  4.127500 -0.434175771625
1652  4.130000 -0.434286180885
1653  4.132500 -0.434387907160
1654  4.135000 -0.434481384768
1655  4.137500 -0.434566929748
1656  4.140000 -0.434644623575
1657  4.142500 -0.434715479477
1658  4.145000 -0.434779545849
1659  4.147500 -0.434837777146
1660  4.150000 -0.434890587971
1661  4.152500 -0.434938029359
1662  4.155000 -0.434980458104
1663  4.157500 -0.435018506699
1664  4.160000 -0.435052826132
1665  4.162500 -0.435083795213
1666  4.165000 -0.435111663600
1667  4.167500 -0.435136908959
1668  4.170000 -0.435160275119
1669  4.172500 -0.435181891058
1670  4.175000 -0.435201824784
1671  4.177500 -0.435220801343
1672  4.180000 -0.435239077213
1673  4.182500 -0.435257280216
1674  4.185000 -0.435275428983
1675  4.187500 -0.435293784953
1676  4.190000 -0.435312704170
1677  4.192500 -0.435332377451
1678  4.195000 -0.435353571789
1679  4.197500 -0.435376456133
1680  4.200000 -0.435400724780
1681  4.202500 -0.435426999799
1682  4.205000 -0.435455214408
1683  4.207500 -0.435485495430
1684  4.210000 -0.435517971738
1685  4.212500 -0.435552272942
1686  4.215000 -0.435588691581
1687  4.217500 -0.435627082244
1688  4.220000 -0.435667365267
1689  4.222500 -0.435709601611
1690  4.225000 -0.435753445744
1691  4.227500 -0.435798873435
1692  4.230000 -0.435845533604
1693  4.232500 -0.435893133597
1694  4.235000 -0.435941597793
1695  4.237500 -0.435990180651
1696  4.240000 -0.436038965172
1697  4.242500 -0.436087559531
1698  4.245000 -0.436135723873
1699  4.247500 -0.436183344559
1700  4.250000 -0.436229634664
1701  4.252500 -0.436274578946
1702  4.255000 -0.436317814286
1703  4.257500 -0.436358940131
1704  4.260000 -0.436397637117
1705  4.262500 -0.436433753395
1706  4.265000 -0.436467218171
1707  4.267500 -0.436497671074
1708  4.270000 -0.436524831814
1709  4.272500 -0.436548763436
1710  4.275000 -0.436568949339
1711  4.277500 -0.436585462489
1712  4.280000 -0.436598174793
1713  4.282500 -0.436607174731
1714  4.285000 -0.436612452013
1715  4.287500 -0.436614104884
1716  4.290000 -0.436612040730
1717  4.292500 -0.436606539286
1718  4.295000 -0.436597532773
1719  4.297500 -0.436585190052
1720  4.300000 -0.436569907449
1721  4.302500 -0.436551899991
1722  4.305000 -0.436531353242
1723  4.307500 -0.436508475968
1724  4.310000 -0.436483154089
1725  4.312500 -0.436456138083
1726  4.315000 -0.436427632517
1727  4.317500 -0.436397985345
1728  4.320000 -0.436367479185
1729  4.322500 -0.436336207462
1730  4.325000 -0.436305047512
1731  4.327500 -0.436274158888
1732  4.330000 -0.436243872119
1733  4.332500 -0.436214689645
1734  4.335000 -0.436186817487
1735  4.337500 -0.436161028110
1736  4.340000 -0.436137471355
1737  4.342500 -0.436116508736
1738  4.345000 -0.436098764151
1739  4.347500 -0.436084405428
1740  4.350000 -0.436074047197
1741  4.352500 -0.436068108514
1742  4.355000 -0.436066808579
1743  4.357500 -0.436070906926
1744  4.360000 -0.436080556904
1745  4.362500 -0.436096291687
1746  4.365000 -0.436118532280
1747  4.367500 -0.436147838292
1748  4.370000 -0.436184489561
1749  4.372500 -0.436228514526
1750  4.375000 -0.436280244568
1751  4.377500 -0.436340317857
1752  4.380000 -0.436408294833
1753  4.382500 -0.436485267538
1754  4.385000 -0.436571353933
1755  4.387500 -0.436666840197
1756  4.390000 -0.436771540675
1757  4.392500 -0.436885433394
1758  4.395000 -0.437008477541
1759  4.397500 -0.437141055073
1760  4.400000 -0.437282250943
1761  4.402500 -0.437432211487
1762  4.405000 -0.437590790819
1763  4.407500 -0.437757275524
1764  4.410000 -0.437930620020
1765  4.412500 -0.438110672017
1766  4.415000 -0.438296381682
1767  4.417500 -0.438486576063
1768  4.420000 -0.438680647486
1769  4.422500 -0.438877723609
1770  4.425000 -0.439076389177
1771  4.427500 -0.439275856913
1772  4.430000 -0.439474758645
1773  4.432500 -0.439671797866
1774  4.435000 -0.439865920615
1775  4.437500 -0.440055848897
1776  4.440000 -0.440240986806
1777  4.442500 -0.440419701604
1778  4.445000 -0.440591112342
1779  4.447500 -0.440754439037
1780  4.450000 -0.440909176738
1781  4.452500 -0.441054505162
1782  4.455000 -0.441190067187
1783  4.457500 -0.441315025218
1784  4.460000 -0.441429254291
1785  4.462500 -0.441532621280
1786  4.465000 -0.441624788326
1787  4.467500 -0.441705705788
1788  4.470000 -0.441775474070
1789  4.472500 -0.441834314574
1790  4.475000 -0.441882584055
1791  4.477500 -0.441920086900
1792  4.480000 -0.441947362408
1793  4.482500 -0.441964302904
1794  4.485000 -0.441971464339
1795  4.487500 -0.441969050755
1796  4.490000 -0.441957430409
1797  4.492500 -0.441937001800
1798  4.495000 -0.441908087214
1799  4.497500 -0.441871211028
1800  4.500000 -0.441826629851
1801  4.502500 -0.441774591858
1802  4.505000 -0.441715674720
1803  4.507500 -0.441650370584
1804  4.510000 -0.441579340860
1805  4.512500 -0.441502878551
1806  4.515000 -0.441421542397
1807  4.517500 -0.441335663370
1808  4.520000 -0.441245622716
1809  4.522500 -0.441151923577
1810  4.525000 -0.441054919629
1811  4.527500 -0.440954939433
1812  4.530000 -0.440852347139
1813  4.532500 -0.440747938010
1814  4.535000 -0.440642025732
1815  4.537500 -0.440534931224
1816  4.540000 -0.440427088638
1817  4.542500 -0.440318910420
1818  4.545000 -0.440211055224
1819  4.547500 -0.440103461937
1820  4.550000 -0.439997031221
1821  4.552500 -0.439891933220
1822  4.555000 -0.439788742367
1823  4.557500 -0.439687873359
1824  4.560000 -0.439589789600
1825  4.562500 -0.439494671928
1826  4.565000 -0.439402967501
1827  4.567500 -0.439315116164
1828  4.570000 -0.439231691991
1829  4.572500 -0.439152993806
1830  4.575000 -0.439079250706
1831  4.577500 -0.439011075320
1832  4.580000 -0.438948749558
1833  4.582500 -0.438892993936
1834  4.585000 -0.438843576181
1835  4.587500 -0.438800935555
1836  4.590000 -0.438765516484
1837  4.592500 -0.438738000234
1838  4.595000 -0.438718464070
1839  4.597500 -0.438707244553
1840  4.600000 -0.438704819526
1841  4.602500 -0.438711261862
1842  4.605000 -0.438726870116
1843  4.607500 -0.438751873008
1844  4.610000 -0.438786684460
1845  4.612500 -0.438831375670
1846  4.615000 -0.438886452974
1847  4.617500 -0.438951715719
1848  4.620000 -0.439027857786
1849  4.622500 -0.439114699292
1850  4.625000 -0.439212315688
1851  4.627500 -0.439320406618
1852  4.630000 -0.439439530945
1853  4.632500 -0.439569348207
1854  4.635000 -0.439709724293
1855  4.637500 -0.439860576171
1856  4.640000 -0.440021489832
1857  4.642500 -0.440191955063
1858  4.645000 -0.440371800113
1859  4.647500 -0.440560435993
1860  4.650000 -0.440757346936
1861  4.652500 -0.440961704276
1862  4.655000 -0.441172616898
1863  4.657500 -0.441389648896
1864  4.660000 -0.441611662442
1865  4.662500 -0.441837520145
1866  4.665000 -0.442066702236
1867  4.667500 -0.442297941640
1868  4.670000 -0.442530342792
1869  4.672500 -0.442762790199
1870  4.675000 -0.442994072075
1871  4.677500 -0.443223561935
1872  4.680000 -0.443449877490
1873  4.682500 -0.443672220980
1874  4.685000 -0.443889891434
1875  4.687500 -0.444101830503
1876  4.690000 -0.444307561796
1877  4.692500 -0.444506794533
1878  4.695000 -0.444698825027
1879  4.697500 -0.444883616909
1880  4.700000 -0.445060431484
1881  4.702500 -0.445228977146
1882  4.705000 -0.445389145042
1883  4.707500 -0.445540861494
1884  4.710000 -0.445684218438
1885  4.712500 -0.445819450186
1886  4.715000 -0.445946173545
1887  4.717500 -0.446064417092
1888  4.720000 -0.446174439663
1889  4.722500 -0.446276468682
1890  4.725000 -0.446370183083
1891  4.727500 -0.446456317844
1892  4.730000 -0.446534798164
1893  4.732500 -0.446605654282
1894  4.735000 -0.446669690652
1895  4.737500 -0.446726662046
1896  4.740000 -0.446777377816
1897  4.742500 -0.446821722924
1898  4.745000 -0.446859873485
1899  4.747500 -0.446892288931
1900  4.750000 -0.446918774756
1901  4.752500 -0.446939831163
1902  4.755000 -0.446955747314
1903  4.757500 -0.446966792333
1904  4.760000 -0.446973477379
1905  4.762500 -0.446975799902
1906  4.765000 -0.446973951979
1907  4.767500 -0.446968389849
1908  4.770000 -0.446959177099
1909  4.772500 -0.446946673756
1910  4.775000 -0.446931075752
1911  4.777500 -0.446912554370
1912  4.780000 -0.446891335404
1913  4.782500 -0.446867818664
1914  4.785000 -0.446842329495
1915  4.787500 -0.446815169595
1916  4.790000 -0.446786490221
1917  4.792500 -0.446755987023
1918  4.795000 -0.446724414087
1919  4.797500 -0.446691887699
1920  4.800000 -0.446658435222
1921  4.802500 -0.446624401139
1922  4.805000 -0.446590108007
1923  4.807500 -0.446555637650
1924  4.810000 -0.446520858371
1925  4.812500 -0.446486465154
1926  4.815000 -0.446452480840
1927  4.817500 -0.446419377115
1928  4.820000 -0.446387097867
1929  4.822500 -0.446355714226
1930  4.825000 -0.446325352781
1931  4.827500 -0.446296105665
1932  4.830000 -0.446268415120
1933  4.832500 -0.446242293923
1934  4.835000 -0.446217936909
1935  4.837500 -0.446195390959
1936  4.840000 -0.446174825720
1937  4.842500 -0.446156237944
1938  4.845000 -0.446139742020
1939  4.847500 -0.446125990039
1940  4.850000 -0.446114733720
1941  4.852500 -0.446106062014
1942  4.855000 -0.446100591988
1943  4.857500 -0.446097918725
1944  4.860000 -0.446098456522
1945  4.862500 -0.446102201877
1946  4.865000 -0.446109172231
1947  4.867500 -0.446119546852
1948  4.870000 -0.446133266420
1949  4.872500 -0.446150565142
1950  4.875000 -0.446171526301
1951  4.877500 -0.446196102327
1952  4.880000 -0.446224538038
1953  4.882500 -0.446256767091
1954  4.885000 -0.446292707140
1955  4.887500 -0.446332325980
1956  4.890000 -0.446375921198
1957  4.892500 -0.446423026723
1958  4.895000 -0.446474079440
1959  4.897500 -0.446529191843
1960  4.900000 -0.446587992533
1961  4.902500 -0.446650715555
1962  4.905000 -0.446717018269
1963  4.907500 -0.446786936837
1964  4.910000 -0.446860017010
1965  4.912500 -0.446936419083
1966  4.915000 -0.447016056411
1967  4.917500 -0.447098823166
1968  4.920000 -0.447184611695
1969  4.922500 -0.447273549746
1970  4.925000 -0.447365412411
1971  4.927500 -0.447459700536
1972  4.930000 -0.447555950441
1973  4.932500 -0.447654350688
1974  4.935000 -0.447754361790
1975  4.937500 -0.447855654864
1976  4.940000 -0.447958403116
1977  4.942500 -0.448062286068
1978  4.945000 -0.448166466870
1979  4.947500 -0.448271263720
1980  4.950000 -0.448376030090
1981  4.952500 -0.448480908634
1982  4.955000 -0.448585440592
1983  4.957500 -0.448689066501
1984  4.960000 -0.448792056033
1985  4.962500 -0.448893956511
1986  4.965000 -0.448994586601
1987  4.967500 -0.449093386515
1988  4.970000 -0.449190411961
1989  4.972500 -0.449285437994
1990  4.975000 -0.449377633100
1991  4.977500 -0.449467019137
1992  4.980000 -0.449553196940
1993  4.982500 -0.449636371455
1994  4.985000 -0.449716365251
1995  4.987500 -0.449792558516
1996  4.990000 -0.449865253659
1997  4.992500 -0.449933904999
1998  4.995000 -0.449998485788
1999  4.997500 -0.450059028312
2000  5.000000 -0.450115357487
2001  5.002500 -0.450167741979
2002  5.005000 -0.450215751502
2003  5.007500 -0.450259623204
2004  5.010000 -0.450298971315
2005  5.012500 -0.450333744147
2006  5.015000 -0.450364143891
2007  5.017500 -0.450390142406
2008  5.020000 -0.450411770772
2009  5.022500 -0.450428945083
2010  5.025000 -0.450441802735
2011  5.027500 -0.450450413447
2012  5.030000 -0.450454639471
2013  5.032500 -0.450454643354
2014  5.035000 -0.450450529746
2015  5.037500 -0.450442651008
2016  5.040000 -0.450430866674
2017  5.042500 -0.450415345767
2018  5.045000 -0.450396249411
2019  5.047500 -0.450373557639
2020  5.050000 -0.450347605059
2021  5.052500 -0.450318236725
2022  5.055000 -0.450285724220
2023  5.057500 -0.450250187805
2024  5.060000 -0.450211886293
2025  5.062500 -0.450171092231
2026  5.065000 -0.450128016470
2027  5.067500 -0.450082723838
2028  5.070000 -0.450035411697
2029  5.072500 -0.449986339403
2030  5.075000 -0.449935442508
2031  5.077500 -0.449883127616
2032  5.080000 -0.449829528796
2033  5.082500 -0.449774888235
2034  5.085000 -0.449719286434
2035  5.087500 -0.449663006451
2036  5.090000 -0.449605960755
2037  5.092500 -0.449548526088
2038  5.095000 -0.449490949655
2039  5.097500 -0.449433212626
2040  5.100000 -0.449375604010
2041  5.102500 -0.449318306865
2042  5.105000 -0.449261543425
2043  5.107500 -0.449205550663
2044  5.110000 -0.449150498692
2045  5.112500 -0.449096477235
2046  5.115000 -0.449043807437
2047  5.117500 -0.448992653507
2048  5.120000 -0.448942974993
2049  5.122500 -0.448895113372
2050  5.125000 -0.448849490797
2051  5.127500 -0.448805878369
2052  5.130000 -0.448764596610
2053  5.132500 -0.448726131171
2054  5.135000 -0.448690398618
2055  5.137500 -0.448657753977
2056  5.140000 -0.448628301519
2057  5.142500 -0.448602030626
2058  5.145000 -0.448579195969
2059  5.147500 -0.448559796324
2060  5.150000 -0.448544172921
2061  5.152500 -0.448532204166
2062  5.155000 -0.448524416267
2063  5.157500 -0.448520688375
2064  5.160000 -0.448521102133
2065  5.162500 -0.448525872474
2066  5.165000 -0.448534981809
2067  5.167500 -0.448548758293
2068  5.170000 -0.448567389405
2069  5.172500 -0.448590705002
2070  5.175000 -0.448618978956
2071  5.177500 -0.448652091470
2072  5.180000 -0.448690087408
2073  5.182500 -0.448733099191
2074  5.185000 -0.448781281850
2075  5.187500 -0.448834797934
2076  5.190000 -0.448893310824
2077  5.192500 -0.448957033257
2078  5.195000 -0.449025816799
2079  5.197500 -0.449099951469
2080  5.200000 -0.449179324598
2081  5.202500 -0.449263616782
2082  5.205000 -0.449352891791
2083  5.207500 -0.449447195760
2084  5.210000 -0.449546287409
2085  5.212500 -0.449650296737
2086  5.215000 -0.449758894582
2087  5.217500 -0.449872351330
2088  5.220000 -0.449990355610
2089  5.222500 -0.450113028044
2090  5.225000 -0.450239854926
2091  5.227500 -0.450370577984
2092  5.230000 -0.450504914054
2093  5.232500 -0.450642720059
2094  5.235000 -0.450783482039
2095  5.237500 -0.450927427150
2096  5.240000 -0.451074402982
2097  5.242500 -0.451224004858
2098  5.245000 -0.451376048812
2099  5.247500 -0.451529891207
2100  5.250000 -0.451685392309
2101  5.252500 -0.451842180129
2102  5.255000 -0.452000105576
2103  5.257500 -0.452159035514
2104  5.260000 -0.452318622127
2105  5.262500 -0.452478720589
2106  5.265000 -0.452638628128
2107  5.267500 -0.452798157089
2108  5.270000 -0.452957270212
2109  5.272500 -0.453115954283
2110  5.275000 -0.453273682281
2111  5.277500 -0.453430302212
2112  5.280000 -0.453585263514
2113  5.282500 -0.453738696295
2114  5.285000 -0.453889984007
2115  5.287500 -0.454038754514
2116  5.290000 -0.454185351165
2117  5.292500 -0.454329256756
2118  5.295000 -0.454470426516
2119  5.297500 -0.454608041727
2120  5.300000 -0.454742205739
2121  5.302500 -0.454872976058
2122  5.305000 -0.455000179010
2123  5.307500 -0.455123436354
2124  5.310000 -0.455242795483
2125  5.312500 -0.455357986328
2126  5.315000 -0.455468817476
2127  5.317500 -0.455575378367
2128  5.320000 -0.455677426424
2129  5.322500 -0.455774871038
2130  5.325000 -0.455867761138
2131  5.327500 -0.455955873087
2132  5.330000 -0.456039502167
2133  5.332500 -0.456118291732
2134  5.335000 -0.456192050133
2135  5.337500 -0.456260939173
2136  5.340000 -0.456325118274
2137  5.342500 -0.456384289527
2138  5.345000 -0.456438472351
2139  5.347500 -0.456487717520
2140  5.350000 -0.456532065080
2141  5.352500 -0.456571578098
2142  5.355000 -0.456606344984
2143  5.357500 -0.456636275362
2144  5.360000 -0.456661668999
2145  5.362500 -0.456682364265
2146  5.365000 -0.456698507398
2147  5.367500 -0.456710122144
2148  5.370000 -0.456717492719
2149  5.372500 -0.456720780613
2150  5.375000 -0.456719845886
2151  5.377500 -0.456715128223
2152  5.380000 -0.456706580532
2153  5.382500 -0.456694405585
2154  5.385000 -0.456678788213
2155  5.387500 -0.456659886592
2156  5.390000 -0.456637923606
2157  5.392500 -0.456612935823
2158  5.395000 -0.456585286286
2159  5.397500 -0.456555374377
2160  5.400000 -0.456523153602
2161  5.402500 -0.456488811234
2162  5.405000 -0.456452732630
2163  5.407500 -0.456415051927
2164  5.410000 -0.456375904085
2165  5.412500 -0.456335593656
2166  5.415000 -0.456294535935
2167  5.417500 -0.456252954082
2168  5.420000 -0.456211026707
2169  5.422500 -0.456169007046
2170  5.425000 -0.456127166483
2171  5.427500 -0.456085823345
2172  5.430000 -0.456045022790
2173  5.432500 -0.456005342243
2174  5.435000 -0.455966793005
2175  5.437500 -0.455929938697
2176  5.440000 -0.455895076147
2177  5.442500 -0.455862555862
2178  5.445000 -0.455832746119
2179  5.447500 -0.455805607272
2180  5.450000 -0.455781694650
2181  5.452500 -0.455761412058
2182  5.455000 -0.455744934280
2183  5.457500 -0.455732637624
2184  5.460000 -0.455724798457
2185  5.462500 -0.455721626932
2186  5.465000 -0.455723545118
2187  5.467500 -0.455731056919
2188  5.470000 -0.455744410924
2189  5.472500 -0.455763782310
2190  5.475000 -0.455789735511
2191  5.477500 -0.455822505614
2192  5.480000 -0.455862454958
2193  5.482500 -0.455909765703
2194  5.485000 -0.455964753325
2195  5.487500 -0.456027921429
2196  5.490000 -0.456099121305
2197  5.492500 -0.456178799011
2198  5.495000 -0.456266859868
2199  5.497500 -0.456363639312
2200  5.500000 -0.456469156091
2201  5.502500 -0.456583870073
2202  5.505000 -0.456707152421
2203  5.507500 -0.456839172946
2204  5.510000 -0.456980097147
2205  5.512500 -0.457129818818
2206  5.515000 -0.457287653936
2207  5.517500 -0.457453569314
2208  5.520000 -0.457626780801
2209  5.522500 -0.457806788525
2210  5.525000 -0.457992877436
2211  5.527500 -0.458184373310
2212  5.530000 -0.458380216057
2213  5.532500 -0.458579679425
2214  5.535000 -0.458781431798
2215  5.537500 -0.458984625727
2216  5.540000 -0.459188197439
2217  5.542500 -0.459390751754
2218  5.545000 -0.459590996887
2219  5.547500 -0.459788131032
2220  5.550000 -0.459980808609
2221  5.552500 -0.460168174780
2222  5.555000 -0.460349507041
2223  5.557500 -0.460523957204
2224  5.560000 -0.460690761413
2225  5.562500 -0.460849393640
2226  5.565000 -0.460999487847
2227  5.567500 -0.461140406355
2228  5.570000 -0.461272034731
2229  5.572500 -0.461394354847
2230  5.575000 -0.461506897068
2231  5.577500 -0.461610107097
2232  5.580000 -0.461704062326
2233  5.582500 -0.461788520802
2234  5.585000 -0.461863637407
2235  5.587500 -0.461929805792
2236  5.590000 -0.461987154586
2237  5.592500 -0.462035752961
2238  5.595000 -0.462076274811
2239  5.597500 -0.462108966646
2240  5.600000 -0.462134253781
2241  5.602500 -0.462152192423
2242  5.605000 -0.462163427262
2243  5.607500 -0.462168197203
2244  5.610000 -0.462166711468
2245  5.612500 -0.462159229217
2246  5.615000 -0.462146322861
2247  5.617500 -0.462128497412
2248  5.620000 -0.462106330292
2249  5.622500 -0.462079677478
2250  5.625000 -0.462049203780
2251  5.627500 -0.462015404760
2252  5.630000 -0.461978479562
2253  5.632500 -0.461938902163
2254  5.635000 -0.461896833157
2255  5.637500 -0.461852963363
2256  5.640000 -0.461807420262
2257  5.642500 -0.461760768544
2258  5.645000 -0.461713459749
2259  5.647500 -0.461665701171
2260  5.650000 -0.461617975165
2261  5.652500 -0.461570524532
2262  5.655000 -0.461523814928
2263  5.657500 -0.461478044459
2264  5.660000 -0.461433711525
2265  5.662500 -0.461390855866
2266  5.665000 -0.461350076538
2267  5.667500 -0.461311510226
2268  5.670000 -0.461275712973
2269  5.672500 -0.461242703832
2270  5.675000 -0.461212908477
2271  5.677500 -0.461186638200
2272  5.680000 -0.461164161805
2273  5.682500 -0.461145809717
2274  5.685000 -0.461131601513
2275  5.687500 -0.461121840679
2276  5.690000 -0.461116948665
2277  5.692500 -0.461116866092
2278  5.695000 -0.461121706346
2279  5.697500 -0.461131805822
2280  5.700000 -0.461147356081
2281  5.702500 -0.461168497687
2282  5.705000 -0.461195249891
2283  5.707500 -0.461227598797
2284  5.710000 -0.461265646588
2285  5.712500 -0.461309028697
2286  5.715000 -0.461357829099
2287  5.717500 -0.461412186395
2288  5.720000 -0.461472193064
2289  5.722500 -0.461537301067
2290  5.725000 -0.461607429150
2291  5.727500 -0.461682298379
2292  5.730000 -0.461761801580
2293  5.732500 -0.461845626808
2294  5.735000 -0.461933575013
2295  5.737500 -0.462025301668
2296  5.740000 -0.462120387437
2297  5.742500 -0.462218507684
2298  5.745000 -0.462319031730
2299  5.747500 -0.462421666960
2300  5.750000 -0.462526084016
2301  5.752500 -0.462631642601
2302  5.755000 -0.462738164843
2303  5.757500 -0.462845143084
2304  5.760000 -0.462952305342
2305  5.762500 -0.463059141568
2306  5.765000 -0.463165587021
2307  5.767500 -0.463271291357
2308  5.770000 -0.463375843866
2309  5.772500 -0.463478982088
2310  5.775000 -0.463580827679
2311  5.777500 -0.463681206171
2312  5.780000 -0.463779779515
2313  5.782500 -0.463876674410
2314  5.785000 -0.463971812922
2315  5.787500 -0.464065003119
2316  5.790000 -0.464156453023
2317  5.792500 -0.464246311987
2318  5.795000 -0.464334566960
2319  5.797500 -0.464421344180
2320  5.800000 -0.464506737958
2321  5.802500 -0.464591116918
2322  5.805000 -0.464674453112
2323  5.807500 -0.464757158183
2324  5.810000 -0.464839274267
2325  5.812500 -0.464921172396
2326  5.815000 -0.465003064083
2327  5.817500 -0.465085081823
2328  5.820000 -0.465167709382
2329  5.822500 -0.465251090607
2330  5.825000 -0.465335719495
2331  5.827500 -0.465421713301
2332  5.830000 -0.465509425972
2333  5.832500 -0.465598889964
2334  5.835000 -0.465690368313
2335  5.837500 -0.465784403942
2336  5.840000 -0.465881272392
2337  5.842500 -0.465981080763
2338  5.845000 -0.466083786191
2339  5.847500 -0.466189880242
2340  5.850000 -0.466299622650
2341  5.852500 -0.466412900534
2342  5.855000 -0.466530033555
2343  5.857500 -0.466650918622
2344  5.860000 -0.466775795550
2345  5.862500 -0.466904432085
2346  5.865000 -0.467037029419
2347  5.867500 -0.467173139795
2348  5.870000 -0.467312805391
2349  5.872500 -0.467455654184
2350  5.875000 -0.467601723659
2351  5.877500 -0.467750483272
2352  5.880000 -0.467901464858
2353  5.882500 -0.468054119022
2354  5.885000 -0.468208022252
2355  5.887500 -0.468362502691
2356  5.890000 -0.468516884975
2357  5.892500 -0.468670607515
2358  5.895000 -0.468822939111
2359  5.897500 -0.468973352316
2360  5.900000 -0.469121157377
2361  5.902500 -0.469265421467
2362  5.905000 -0.469405695571
2363  5.907500 -0.469541447212
2364  5.910000 -0.469672237922
2365  5.912500 -0.469797270357
2366  5.915000 -0.469916111523
2367  5.917500 -0.470028372517
2368  5.920000 -0.470133577503
2369  5.922500 -0.470231664004
2370  5.925000 -0.470322265407
2371  5.927500 -0.470405315818
2372  5.930000 -0.470480469920
2373  5.932500 -0.470547729696
2374  5.935000 -0.470607164602
2375  5.937500 -0.470658988416
2376  5.940000 -0.470703198184
2377  5.942500 -0.470739985388
2378  5.945000 -0.470769402787
2379  5.947500 -0.470791703600
2380  5.950000 -0.470807004411
2381  5.952500 -0.470815500521
2382  5.955000 -0.470817637564
2383  5.957500 -0.470813775256
2384  5.960000 -0.470804184716
2385  5.962500 -0.470789083417
2386  5.965000 -0.470768865106
2387  5.967500 -0.470743840483
2388  5.970000 -0.470714475271
2389  5.972500 -0.470680966248
2390  5.975000 -0.470643983629
2391  5.977500 -0.470603617952
2392  5.980000 -0.470560363605
2393  5.982500 -0.470514471897
2394  5.985000 -0.470466548326
2395  5.987500 -0.470416896309
2396  5.990000 -0.470365938086
2397  5.992500 -0.470314078705
2398  5.995000 -0.470261811418
2399  5.997500 -0.470209443202
2400  6.000000 -0.470157392711
2401  6.002500 -0.470106321778
2402  6.005000 -0.470056494513
2403  6.007500 -0.470008496165
2404  6.010000 -0.469962663454
2405  6.012500 -0.469919577078
2406  6.015000 -0.469879599546
2407  6.017500 -0.469843217534
2408  6.020000 -0.469810777258
2409  6.022500 -0.469782856263
2410  6.025000 -0.469759874063
2411  6.027500 -0.469742432413
2412  6.030000 -0.469730901719
2413  6.032500 -0.469725920368
2414  6.035000 -0.469728122888
2415  6.037500 -0.469737965495
2416  6.040000 -0.469755947769
2417  6.042500 -0.469782551616
2418  6.045000 -0.469818425580
2419  6.047500 -0.469864130477
2420  6.050000 -0.469920356694
2421  6.052500 -0.469987438834
2422  6.055000 -0.470066045380
2423  6.057500 -0.470156691863
2424  6.060000 -0.470259921185
2425  6.062500 -0.470376303081
2426  6.065000 -0.470506165241
2427  6.067500 -0.470649999117
2428  6.070000 -0.470807998637
2429  6.072500 -0.470980532995
2430  6.075000 -0.471167848894
2431  6.077500 -0.471370026150
2432  6.080000 -0.471586794180
2433  6.082500 -0.471817818034
2434  6.085000 -0.472062711221
2435  6.087500 -0.472320233755
2436  6.090000 -0.472589831100
2437  6.092500 -0.472869581287
2438  6.095000 -0.473157601929
2439  6.097500 -0.473451640863
2440  6.100000 -0.473749172653
2441  6.102500 -0.474047743637
2442  6.105000 -0.474344885986
2443  6.107500 -0.474637904346
2444  6.110000 -0.474924331522
2445  6.112500 -0.475201967161
2446  6.115000 -0.475469423159
2447  6.117500 -0.475724706158
2448  6.120000 -0.475966579998
2449  6.122500 -0.476194415699
2450  6.125000 -0.476407912090
2451  6.127500 -0.476606600443
2452  6.130000 -0.476790259684
2453  6.132500 -0.476959182950
2454  6.135000 -0.477113143381
2455  6.137500 -0.477252504659
2456  6.140000 -0.477377971146
2457  6.142500 -0.477489868374
2458  6.145000 -0.477588695686
2459  6.147500 -0.477675158056
2460  6.150000 -0.477749529089
2461  6.152500 -0.477812486933
2462  6.155000 -0.477864600251
2463  6.157500 -0.477906390938
2464  6.160000 -0.477938502027
2465  6.162500 -0.477961403508
2466  6.165000 -0.477975551555
2467  6.167500 -0.477981593806
2468  6.170000 -0.477980003865
2469  6.172500 -0.477971362541
2470  6.175000 -0.477955964943
2471  6.177500 -0.477934389937
2472  6.180000 -0.477907097124
2473  6.182500 -0.477874620345
2474  6.185000 -0.477837220736
2475  6.187500 -0.477795549299
2476  6.190000 -0.477749903042
2477  6.192500 -0.477700696621
2478  6.195000 -0.477648376613
2479  6.197500 -0.477593448086
2480  6.200000 -0.477536171620
2481  6.202500 -0.477476930921
2482  6.205000 -0.477416258130
2483  6.207500 -0.477354338345
2484  6.210000 -0.477291392068
2485  6.212500 -0.477228016418
2486  6.215000 -0.477164373756
2487  6.217500 -0.477100946480
2488  6.220000 -0.477038063133
2489  6.222500 -0.476975929506
2490  6.225000 -0.476914744594
2491  6.227500 -0.476854869222
2492  6.230000 -0.476796473502
2493  6.232500 -0.476739819419
2494  6.235000 -0.476685166501
2495  6.237500 -0.476632712929
2496  6.240000 -0.476582793611
2497  6.242500 -0.476535505058
2498  6.245000 -0.476491185102
2499  6.247500 -0.476449822163
2500  6.250000 -0.476411509382
2501  6.252500 -0.476376476774
2502  6.255000 -0.476344717102
2503  6.257500 -0.476316478475
2504  6.260000 -0.476291795429
2505  6.262500 -0.476270671250
2506  6.265000 -0.476253241883
2507  6.267500 -0.476239535972
2508  6.270000 -0.476229695106
2509  6.272500 -0.476223540413
2510  6.275000 -0.476221273135
2511  6.277500 -0.476222739652
2512  6.280000 -0.476227917185
2513  6.282500 -0.476236783404
2514  6.285000 -0.476249041269
2515  6.287500 -0.476264821307
2516  6.290000 -0.476283869271
2517  6.292500 -0.476306059585
2518  6.295000 -0.476331090642
2519  6.297500 -0.476358809163
2520  6.300000 -0.476389150843
2521  6.302500 -0.476421907795
2522  6.305000 -0.476457315336
2523  6.307500 -0.476494781479
2524  6.310000 -0.476534338807
2525  6.312500 -0.476575653260
2526  6.315000 -0.476618480759
2527  6.317500 -0.476662963150
2528  6.320000 -0.476708686712
2529  6.322500 -0.476755719897
2530  6.325000 -0.476803710035
2531  6.327500 -0.476852844114
2532  6.330000 -0.476902868458
2533  6.332500 -0.476953745936
2534  6.335000 -0.477005368996
2535  6.337500 -0.477058048058
2536  6.340000 -0.477111722490
2537  6.342500 -0.477166500553
2538  6.345000 -0.477221897901
2539  6.347500 -0.477278068438
2540  6.350000 -0.477335414937
2541  6.352500 -0.477393679033
2542  6.355000 -0.477453144384
2543  6.357500 -0.477513804871
2544  6.360000 -0.477575581566
2545  6.362500 -0.477638899319
2546  6.365000 -0.477704119802
2547  6.367500 -0.477771176142
2548  6.370000 -0.477840182717
2549  6.372500 -0.477911186935
2550  6.375000 -0.477984121494
2551  6.377500 -0.478059290386
2552  6.380000 -0.478136588230
2553  6.382500 -0.478216450602
2554  6.385000 -0.478298993740
2555  6.387500 -0.478384014243
2556  6.390000 -0.478471909074
2557  6.392500 -0.478562627657
2558  6.395000 -0.478656092850
2559  6.397500 -0.478752514484
2560  6.400000 -0.478851752919
2561  6.402500 -0.478953699027
2562  6.405000 -0.479058225166
2563  6.407500 -0.479165433318
2564  6.410000 -0.479274925858
2565  6.412500 -0.479386721470
2566  6.415000 -0.479500517004
2567  6.417500 -0.479615947239
2568  6.420000 -0.479733121149
2569  6.422500 -0.479851415881
2570  6.425000 -0.479970742072
2571  6.427500 -0.480090523714
2572  6.430000 -0.480210220115
2573  6.432500 -0.480329495243
2574  6.435000 -0.480447929243
2575  6.437500 -0.480564975098
2576  6.440000 -0.480680154705
2577  6.442500 -0.480793062511
2578  6.445000 -0.480903319999
2579  6.447500 -0.481010428505
2580  6.450000 -0.481113923850
2581  6.452500 -0.481213633699
2582  6.455000 -0.481309385459
2583  6.457500 -0.481400489842
2584  6.460000 -0.481486583542
2585  6.462500 -0.481567636303
2586  6.465000 -0.481643200088
2587  6.467500 -0.481713217220
2588  6.470000 -0.481777357985
2589  6.472500 -0.481835939674
2590  6.475000 -0.481888653781
2591  6.477500 -0.481935483740
2592  6.480000 -0.481976404547
2593  6.482500 -0.482011545170
2594  6.485000 -0.482041032543
2595  6.487500 -0.482064914483
2596  6.490000 -0.482083221047
2597  6.492500 -0.482095999666
2598  6.495000 -0.482103594353
2599  6.497500 -0.482106122320
2600  6.500000 -0.482103511033
2601  6.502500 -0.482096454370
2602  6.505000 -0.482084822596
2603  6.507500 -0.482068921167
2604  6.510000 -0.482049014500
2605  6.512500 -0.482025415455
2606  6.515000 -0.481998359462
2607  6.517500 -0.481968185646
2608  6.520000 -0.481935274449
2609  6.522500 -0.481899793981
2610  6.525000 -0.481862135645
2611  6.527500 -0.481822425224
2612  6.530000 -0.481781164785
2613  6.532500 -0.481738632424
2614  6.535000 -0.481695047296
2615  6.537500 -0.481650864173
2616  6.540000 -0.481606165938
2617  6.542500 -0.481561236134
2618  6.545000 -0.481516426159
2619  6.547500 -0.481472048490
2620  6.550000 -0.481428491453
2621  6.552500 -0.481385977036
2622  6.555000 -0.481344833508
2623  6.557500 -0.481305520918
2624  6.560000 -0.481268316618
2625  6.562500 -0.481233481211
2626  6.565000 -0.481201256260
2627  6.567500 -0.481171925988
2628  6.570000 -0.481145697390
2629  6.572500 -0.481122964671
2630  6.575000 -0.481104123956
2631  6.577500 -0.481089456679
2632  6.580000 -0.481079054804
2633  6.582500 -0.481073187523
2634  6.585000 -0.481072149401
2635  6.587500 -0.481076261158
2636  6.590000 -0.481085726152
2637  6.592500 -0.481100946829
2638  6.595000 -0.481121931097
2639  6.597500 -0.481148886780
2640  6.600000 -0.481182078678
2641  6.602500 -0.481221625741
2642  6.605000 -0.481267451510
2643  6.607500 -0.481320012081
2644  6.610000 -0.481379040650
2645  6.612500 -0.481445018264
2646  6.615000 -0.481517854872
2647  6.617500 -0.481597367338
2648  6.620000 -0.481683518173
2649  6.622500 -0.481776329333
2650  6.625000 -0.481875478452
2651  6.627500 -0.481980657454
2652  6.630000 -0.482091704342
2653  6.632500 -0.482208340774
2654  6.635000 -0.482330202501
2655  6.637500 -0.482457080292
2656  6.640000 -0.482588152615
2657  6.642500 -0.482723245757
2658  6.645000 -0.482861678731
2659  6.647500 -0.483002961861
2660  6.650000 -0.483146456169
2661  6.652500 -0.483291594635
2662  6.655000 -0.483438028937
2663  6.657500 -0.483585212167
2664  6.660000 -0.483732251865
2665  6.662500 -0.483878512392
2666  6.665000 -0.484023536537
2667  6.667500 -0.484166608452
2668  6.670000 -0.484307361825
2669  6.672500 -0.484445585498
2670  6.675000 -0.484580928329
2671  6.677500 -0.484712980683
2672  6.680000 -0.484841797439
2673  6.682500 -0.484967077077
2674  6.685000 -0.485088668346
2675  6.687500 -0.485206535132
2676  6.690000 -0.485320467873
2677  6.692500 -0.485430229184
2678  6.695000 -0.485535899466
2679  6.697500 -0.485637398492
2680  6.700000 -0.485734977938
2681  6.702500 -0.485828527958
2682  6.705000 -0.485918580561
2683  6.707500 -0.486004619690
2684  6.710000 -0.486087034839
2685  6.712500 -0.486166018729
2686  6.715000 -0.486241685505
2687  6.717500 -0.486313973881
2688  6.720000 -0.486383083039
2689  6.722500 -0.486449214167
2690  6.725000 -0.486512618587
2691  6.727500 -0.486573415443
2692  6.730000 -0.486631696423
2693  6.732500 -0.486687339510
2694  6.735000 -0.486740906520
2695  6.737500 -0.486792245877
2696  6.740000 -0.486841606106
2697  6.742500 -0.486889021096
2698  6.745000 -0.486934608516
2699  6.747500 -0.486978582153
2700  6.750000 -0.487020918573
2701  6.752500 -0.487061792645
2702  6.755000 -0.487101271015
2703  6.757500 -0.487139270564
2704  6.760000 -0.487175923073
2705  6.762500 -0.487211259799
2706  6.765000 -0.487245339764
2707  6.767500 -0.487278085990
2708  6.770000 -0.487309467883
2709  6.772500 -0.487339436597
2710  6.775000 -0.487368127547
2711  6.777500 -0.487395532690
2712  6.780000 -0.487421517397
2713  6.782500 -0.487446051490
2714  6.785000 -0.487469164636
2715  6.787500 -0.487490910697
2716  6.790000 -0.487511059494
2717  6.792500 -0.487529815874
2718  6.795000 -0.487546933918
2719  6.797500 -0.487562445242
2720  6.800000 -0.487576139703
2721  6.802500 -0.487588232843
2722  6.805000 -0.487598694068
2723  6.807500 -0.487607234725
2724  6.810000 -0.487614078929
2725  6.812500 -0.487619206766
2726  6.815000 -0.487622594526
2727  6.817500 -0.487624292159
2728  6.820000 -0.487624235992
2729  6.822500 -0.487622420182
2730  6.825000 -0.487618972481
2731  6.827500 -0.487613927303
2732  6.830000 -0.487607447175
2733  6.832500 -0.487599555771
2734  6.835000 -0.487590479578
2735  6.837500 -0.487580231048
2736  6.840000 -0.487568861818
2737  6.842500 -0.487556483289
2738  6.845000 -0.487543408667
2739  6.847500 -0.487529466644
2740  6.850000 -0.487514903335
2741  6.852500 -0.487500112956
2742  6.855000 -0.487485139596
2743  6.857500 -0.487470217300
2744  6.860000 -0.487455751024
2745  6.862500 -0.487441774102
2746  6.865000 -0.487428556685
2747  6.867500 -0.487416434606
2748  6.870000 -0.487405623256
2749  6.872500 -0.487396244460
2750  6.875000 -0.487388568787
2751  6.877500 -0.487383000372
2752  6.880000 -0.487379787145
2753  6.882500 -0.487379573340
2754  6.885000 -0.487382344597
2755  6.887500 -0.487388429527
2756  6.890000 -0.487398231843
2757  6.892500 -0.487412160282
2758  6.895000 -0.487430439714
2759  6.897500 -0.487453581807
2760  6.900000 -0.487481622916
2761  6.902500 -0.487515274014
2762  6.905000 -0.487554581083
2763  6.907500 -0.487600117854
2764  6.910000 -0.487652454800
2765  6.912500 -0.487711555506
2766  6.915000 -0.487778105927
2767  6.917500 -0.487852378287
2768  6.920000 -0.487934851276
2769  6.922500 -0.488025677553
2770  6.925000 -0.488125451213
2771  6.927500 -0.488234410569
2772  6.930000 -0.488353006286
2773  6.932500 -0.488481446725
2774  6.935000 -0.488620052399
2775  6.937500 -0.488769287510
2776  6.940000 -0.488928928289
2777  6.942500 -0.489098970574
2778  6.945000 -0.489279486754
2779  6.947500 -0.489470386764
2780  6.950000 -0.489671242571
2781  6.952500 -0.489881518340
2782  6.955000 -0.490100763303
2783  6.957500 -0.490328594420
2784  6.960000 -0.490563981716
2785  6.962500 -0.490805719666
2786  6.965000 -0.491052275534
2787  6.967500 -0.491302315386
2788  6.970000 -0.491554065531
2789  6.972500 -0.491806112394
2790  6.975000 -0.492056504551
2791  6.977500 -0.492303334995
2792  6.980000 -0.492545408036
2793  6.982500 -0.492780954211
2794  6.985000 -0.493008766094
2795  6.987500 -0.493228019322
2796  6.990000 -0.493437544084
2797  6.992500 -0.493636812480
2798  6.995000 -0.493825136538
2799  6.997500 -0.494002333455
2800  7.000000 -0.494168283630
2801  7.002500 -0.494323047632
2802  7.005000 -0.494466662200
2803  7.007500 -0.494599247043
2804  7.010000 -0.494720967516
2805  7.012500 -0.494831949400
2806  7.015000 -0.494932612320
2807  7.017500 -0.495023306682
2808  7.020000 -0.495104139461
2809  7.022500 -0.495175750529
2810  7.025000 -0.495238427629
2811  7.027500 -0.495292599702
2812  7.030000 -0.495338797701
2813  7.032500 -0.495377173476
2814  7.035000 -0.495408492738
2815  7.037500 -0.495433136177
2816  7.040000 -0.495451401794
2817  7.042500 -0.495463772889
2818  7.045000 -0.495470458172
2819  7.047500 -0.495472011932
2820  7.050000 -0.495469008421
2821  7.052500 -0.495461650608
2822  7.055000 -0.495450339601
2823  7.057500 -0.495435478636
2824  7.060000 -0.495417592432
2825  7.062500 -0.495397069046
2826  7.065000 -0.495374003529
2827  7.067500 -0.495348834588
2828  7.070000 -0.495322019039
2829  7.072500 -0.495293785990
2830  7.075000 -0.495264579125
2831  7.077500 -0.495234593255
2832  7.080000 -0.495204234312
2833  7.082500 -0.495173850384
2834  7.085000 -0.495143834680
2835  7.087500 -0.495114450569
2836  7.090000 -0.495086020278
2837  7.092500 -0.495058823633
2838  7.095000 -0.495033210153
2839  7.097500 -0.495009461104
2840  7.100000 -0.494987818090
2841  7.102500 -0.494968549031
2842  7.105000 -0.494951996268
2843  7.107500 -0.494938287945
2844  7.110000 -0.494927685780
2845  7.112500 -0.494920461356
2846  7.115000 -0.494916835661
2847  7.117500 -0.494916981553
2848  7.120000 -0.494921185700
2849  7.122500 -0.494929741395
2850  7.125000 -0.494942719106
2851  7.127500 -0.494960187481
2852  7.130000 -0.494982358042
2853  7.132500 -0.495009394363
2854  7.135000 -0.495041308022
2855  7.137500 -0.495078198341
2856  7.140000 -0.495120063809
2857  7.142500 -0.495166990616
2858  7.145000 -0.495218925277
2859  7.147500 -0.495275615531
2860  7.150000 -0.495337415911
2861  7.152500 -0.495404001976
2862  7.155000 -0.495475053449
2863  7.157500 -0.495550387000
2864  7.160000 -0.495630067124
2865  7.162500 -0.495713916771
2866  7.165000 -0.495801255382
2867  7.167500 -0.495891884276
2868  7.170000 -0.495985575033
2869  7.172500 -0.496081959725
2870  7.175000 -0.496180558602
2871  7.177500 -0.496280852960
2872  7.180000 -0.496382651713
2873  7.182500 -0.496485280746
2874  7.185000 -0.496588453704
2875  7.187500 -0.496692012465
2876  7.190000 -0.496795679876
2877  7.192500 -0.496898630109
2878  7.195000 -0.497000541128
2879  7.197500 -0.497101140659
2880  7.200000 -0.497200168898
2881  7.202500 -0.497297413207
2882  7.205000 -0.497392855417
2883  7.207500 -0.497485889863
2884  7.210000 -0.497576454203
2885  7.212500 -0.497664530264
2886  7.215000 -0.497750271951
2887  7.217500 -0.497833172846
2888  7.220000 -0.497913588496
2889  7.222500 -0.497991224288
2890  7.225000 -0.498066441149
2891  7.227500 -0.498139462556
2892  7.230000 -0.498210142732
2893  7.232500 -0.498278410471
2894  7.235000 -0.498344346239
2895  7.237500 -0.498408066413
2896  7.240000 -0.498469828148
2897  7.242500 -0.498529814062
2898  7.245000 -0.498587853547
2899  7.247500 -0.498644204012
2900  7.250000 -0.498698802660
2901  7.252500 -0.498751828166
2902  7.255000 -0.498803555837
2903  7.257500 -0.498854330561
2904  7.260000 -0.498903919472
2905  7.262500 -0.498952646808
2906  7.265000 -0.499000453033
2907  7.267500 -0.499047587645
2908  7.270000 -0.499094071600
2909  7.272500 -0.499140130274
2910  7.275000 -0.499185881991
2911  7.277500 -0.499231185203
2912  7.280000 -0.499276339392
2913  7.282500 -0.499321103101
2914  7.285000 -0.499365682910
2915  7.287500 -0.499410170621
2916  7.290000 -0.499454254569
2917  7.292500 -0.499498070652
2918  7.295000 -0.499541533353
2919  7.297500 -0.499584679018
2920  7.300000 -0.499627402639
2921  7.302500 -0.499669579600
2922  7.305000 -0.499711106438
2923  7.307500 -0.499751967805
2924  7.310000 -0.499791832129
2925  7.312500 -0.499830792359
2926  7.315000 -0.499868464708
2927  7.317500 -0.499904825078
2928  7.320000 -0.499939446245
2929  7.322500 -0.499972630403
2930  7.325000 -0.500003998144
2931  7.327500 -0.500033297682
2932  7.330000 -0.500060472570
2933  7.332500 -0.500085199167
2934  7.335000 -0.500107501552
2935  7.337500 -0.500127232868
2936  7.340000 -0.500144342277
2937  7.342500 -0.500158591567
2938  7.345000 -0.500169875464
2939  7.347500 -0.500177974113
2940  7.350000 -0.500183023089
2941  7.352500 -0.500184846512
2942  7.355000 -0.500183437638
2943  7.357500 -0.500178704317
2944  7.360000 -0.500170617973
2945  7.362500 -0.500159440695
2946  7.365000 -0.500145017763
2947  7.367500 -0.500127618837
2948  7.370000 -0.500107095951
2949  7.372500 -0.500083700226
2950  7.375000 -0.500057504184
2951  7.377500 -0.500028433760
2952  7.380000 -0.499996853075
2953  7.382500 -0.499962581781
2954  7.385000 -0.499925808671
2955  7.387500 -0.499886753498
2956  7.390000 -0.499845502261
2957  7.392500 -0.499802267798
2958  7.395000 -0.499757289367
2959  7.397500 -0.499710751830
2960  7.400000 -0.499662733843
2961  7.402500 -0.499613461459
2962  7.405000 -0.499562996433
2963  7.407500 -0.499511948278
2964  7.410000 -0.499460277393
2965  7.412500 -0.499408352771
2966  7.415000 -0.499356405942
2967  7.417500 -0.499304723992
2968  7.420000 -0.499253315771
2969  7.422500 -0.499202424484
2970  7.425000 -0.499152408584
2971  7.427500 -0.499103369738
2972  7.430000 -0.499055778883
2973  7.432500 -0.499009963416
2974  7.435000 -0.498966197255
2975  7.437500 -0.498924400016
2976  7.440000 -0.498885111963
2977  7.442500 -0.498848584741
2978  7.445000 -0.498815053739
2979  7.447500 -0.498784838290
2980  7.450000 -0.498758129590
2981  7.452500 -0.498735233632
2982  7.455000 -0.498716418416
2983  7.457500 -0.498701762404
2984  7.460000 -0.498691720793
2985  7.462500 -0.498686725708
2986  7.465000 -0.498687007914
2987  7.467500 -0.498692825997
2988  7.470000 -0.498704452814
2989  7.472500 -0.498721958556
2990  7.475000 -0.498745730837
2991  7.477500 -0.498775894016
2992  7.480000 -0.498812775107
2993  7.482500 -0.498856536774
2994  7.485000 -0.498907357449
2995  7.487500 -0.498965363075
2996  7.490000 -0.499030784208
2997  7.492500 -0.499103811291
2998  7.495000 -0.499184236157
2999  7.497500 -0.499272014895
