# l[56]( l_56(t) ) connection: point31-point32
# n t l_56(t)      l_differential_56(t)
0 0.000000 1.000000000000 1.000000000000
1 0.002500 1.000000000000 1.000000000000
2 0.005000 1.000000000000 1.000000000000
3 0.007500 1.000000000000 1.000000000000
4 0.010000 1.000000000000 1.000000000000
5 0.012500 1.000000000000 1.000000000000
6 0.015000 1.000000000000 1.000000000000
7 0.017500 1.000000000000 1.000000000000
8 0.020000 1.000000000000 1.000000000000
9 0.022500 1.000000000000 1.000000000000
10 0.025000 1.000000000000 1.000000000000
11 0.027500 1.000000000000 1.000000000000
12 0.030000 1.000000000000 1.000000000000
13 0.032500 1.000000000000 1.000000000000
14 0.035000 1.000000000000 1.000000000000
15 0.037500 1.000000000000 1.000000000000
16 0.040000 1.000000000000 1.000000000000
17 0.042500 1.000000000000 1.000000000000
18 0.045000 1.000000000000 1.000000000000
19 0.047500 1.000000000000 1.000000000000
20 0.050000 1.000000000000 1.000000000000
21 0.052500 1.000000000000 1.000000000000
22 0.055000 1.000000000000 1.000000000000
23 0.057500 1.000000000000 1.000000000000
24 0.060000 1.000000000000 1.000000000000
25 0.062500 1.000000000000 1.000000000000
26 0.065000 1.000000000000 1.000000000000
27 0.067500 1.000000000000 1.000000000000
28 0.070000 1.000000000000 1.000000000000
29 0.072500 1.000000000000 1.000000000000
30 0.075000 1.000000000000 1.000000000000
31 0.077500 1.000000000000 1.000000000000
32 0.080000 1.000000000000 1.000000000000
33 0.082500 1.000000000000 1.000000000000
34 0.085000 1.000000000000 1.000000000000
35 0.087500 1.000000000000 1.000000000000
36 0.090000 1.000000000000 1.000000000000
37 0.092500 1.000000000000 1.000000000000
38 0.095000 1.000000000000 1.000000000000
39 0.097500 1.000000000000 1.000000000000
40 0.100000 1.000000000000 1.000000000000
41 0.102500 1.000000000000 1.000000000000
42 0.105000 1.000000000000 1.000000000000
43 0.107500 1.000000000000 1.000000000000
44 0.110000 1.000000000000 1.000000000000
45 0.112500 1.000000000000 1.000000000000
46 0.115000 1.000000000000 1.000000000000
47 0.117500 1.000000000000 1.000000000000
48 0.120000 1.000000000000 1.000000000000
49 0.122500 1.000000000000 1.000000000000
50 0.125000 1.000000000000 1.000000000000
51 0.127500 1.000000000000 1.000000000000
52 0.130000 1.000000000000 1.000000000000
53 0.132500 1.000000000000 1.000000000000
54 0.135000 1.000000000000 1.000000000000
55 0.137500 1.000000000000 1.000000000000
56 0.140000 1.000000000000 1.000000000000
57 0.142500 1.000000000000 1.000000000000
58 0.145000 1.000000000000 1.000000000000
59 0.147500 1.000000000000 1.000000000000
60 0.150000 1.000000000000 1.000000000000
61 0.152500 1.000000000000 1.000000000000
62 0.155000 1.000000000000 1.000000000000
63 0.157500 1.000000000000 1.000000000000
64 0.160000 1.000000000000 1.000000000000
65 0.162500 1.000000000000 1.000000000000
66 0.165000 1.000000000000 1.000000000000
67 0.167500 1.000000000000 1.000000000000
68 0.170000 1.000000000000 1.000000000000
69 0.172500 1.000000000000 1.000000000000
70 0.175000 1.000000000000 1.000000000000
71 0.177500 1.000000000000 1.000000000000
72 0.180000 1.000000000000 1.000000000000
73 0.182500 1.000000000000 1.000000000000
74 0.185000 1.000000000000 1.000000000000
75 0.187500 1.000000000000 1.000000000000
76 0.190000 1.000000000000 1.000000000000
77 0.192500 1.000000000000 1.000000000000
78 0.195000 1.000000000000 1.000000000000
79 0.197500 1.000000000000 1.000000000000
80 0.200000 1.000000000000 1.000000000000
81 0.202500 1.000000000000 1.000000000000
82 0.205000 1.000000000000 1.000000000000
83 0.207500 1.000000000000 1.000000000000
84 0.210000 1.000000000000 1.000000000000
85 0.212500 1.000000000000 1.000000000000
86 0.215000 1.000000000000 1.000000000000
87 0.217500 1.000000000000 1.000000000000
88 0.220000 1.000000000000 1.000000000000
89 0.222500 1.000000000000 1.000000000000
90 0.225000 1.000000000000 1.000000000000
91 0.227500 1.000000000000 1.000000000000
92 0.230000 1.000000000000 1.000000000000
93 0.232500 1.000000000000 1.000000000000
94 0.235000 1.000000000000 1.000000000000
95 0.237500 1.000000000000 1.000000000000
96 0.240000 1.000000000000 1.000000000000
97 0.242500 1.000000000000 1.000000000000
98 0.245000 1.000000000000 1.000000000000
99 0.247500 1.000000000000 1.000000000000
100 0.250000 1.000000000000 1.000000000000
101 0.252500 1.000000000000 1.000000000000
102 0.255000 1.000000000000 1.000000000000
103 0.257500 1.000000000000 1.000000000000
104 0.260000 1.000000000000 1.000000000000
105 0.262500 1.000000000000 1.000000000000
106 0.265000 1.000000000000 1.000000000000
107 0.267500 1.000000000000 1.000000000000
108 0.270000 1.000000000000 1.000000000000
109 0.272500 1.000000000000 1.000000000000
110 0.275000 1.000000000000 1.000000000000
111 0.277500 1.000000000000 1.000000000000
112 0.280000 1.000000000000 1.000000000000
113 0.282500 1.000000000000 1.000000000000
114 0.285000 1.000000000000 1.000000000000
115 0.287500 1.000000000000 1.000000000000
116 0.290000 1.000000000000 1.000000000000
117 0.292500 1.000000000000 1.000000000000
118 0.295000 1.000000000000 1.000000000000
119 0.297500 1.000000000000 1.000000000000
120 0.300000 1.000000000000 1.000000000000
121 0.302500 1.000000000000 1.000000000000
122 0.305000 1.000000000000 1.000000000000
123 0.307500 1.000000000000 1.000000000000
124 0.310000 1.000000000000 1.000000000000
125 0.312500 1.000000000000 1.000000000000
126 0.315000 1.000000000000 1.000000000000
127 0.317500 1.000000000000 1.000000000000
128 0.320000 1.000000000000 1.000000000000
129 0.322500 1.000000000000 1.000000000000
130 0.325000 1.000000000000 1.000000000000
131 0.327500 1.000000000000 1.000000000000
132 0.330000 1.000000000000 1.000000000000
133 0.332500 1.000000000000 1.000000000000
134 0.335000 1.000000000000 1.000000000000
135 0.337500 1.000000000000 1.000000000000
136 0.340000 1.000000000000 1.000000000000
137 0.342500 1.000000000000 1.000000000000
138 0.345000 1.000000000000 1.000000000000
139 0.347500 1.000000000000 1.000000000000
140 0.350000 1.000000000000 1.000000000000
141 0.352500 1.000000000000 1.000000000000
142 0.355000 1.000000000000 1.000000000000
143 0.357500 1.000000000000 1.000000000000
144 0.360000 1.000000000000 1.000000000000
145 0.362500 1.000000000000 1.000000000000
146 0.365000 1.000000000000 1.000000000000
147 0.367500 1.000000000000 1.000000000000
148 0.370000 1.000000000000 1.000000000000
149 0.372500 1.000000000000 1.000000000000
150 0.375000 1.000000000000 1.000000000000
151 0.377500 1.000000000000 1.000000000000
152 0.380000 1.000000000000 1.000000000000
153 0.382500 1.000000000000 1.000000000000
154 0.385000 1.000000000000 1.000000000000
155 0.387500 1.000000000000 1.000000000000
156 0.390000 1.000000000000 1.000000000000
157 0.392500 1.000000000000 1.000000000000
158 0.395000 1.000000000000 1.000000000000
159 0.397500 1.000000000000 1.000000000000
160 0.400000 1.000000000000 1.000000000000
161 0.402500 1.000000000000 1.000000000000
162 0.405000 1.000000000000 1.000000000000
163 0.407500 1.000000000000 1.000000000000
164 0.410000 1.000000000000 1.000000000000
165 0.412500 1.000000000000 1.000000000000
166 0.415000 1.000000000000 1.000000000000
167 0.417500 1.000000000000 1.000000000000
168 0.420000 1.000000000000 1.000000000000
169 0.422500 1.000000000000 1.000000000000
170 0.425000 1.000000000000 1.000000000000
171 0.427500 1.000000000000 1.000000000000
172 0.430000 1.000000000000 1.000000000000
173 0.432500 1.000000000000 1.000000000000
174 0.435000 1.000000000000 1.000000000000
175 0.437500 1.000000000000 1.000000000000
176 0.440000 1.000000000000 1.000000000000
177 0.442500 1.000000000000 1.000000000000
178 0.445000 1.000000000000 1.000000000000
179 0.447500 1.000000000000 1.000000000000
180 0.450000 1.000000000000 1.000000000000
181 0.452500 1.000000000000 1.000000000000
182 0.455000 1.000000000000 1.000000000000
183 0.457500 1.000000000000 1.000000000000
184 0.460000 1.000000000000 1.000000000000
185 0.462500 1.000000000000 1.000000000000
186 0.465000 1.000000000000 1.000000000000
187 0.467500 1.000000000000 1.000000000000
188 0.470000 1.000000000000 1.000000000000
189 0.472500 1.000000000000 1.000000000000
190 0.475000 1.000000000000 1.000000000000
191 0.477500 1.000000000000 1.000000000000
192 0.480000 1.000000000000 1.000000000000
193 0.482500 1.000000000000 1.000000000000
194 0.485000 1.000000000000 1.000000000000
195 0.487500 1.000000000000 1.000000000000
196 0.490000 1.000000000000 1.000000000000
197 0.492500 1.000000000000 1.000000000000
198 0.495000 1.000000000000 1.000000000000
199 0.497500 1.000000000000 1.000000000000
200 0.500000 1.000000000000 1.000000000000
201 0.502500 1.000000000000 1.000000000000
202 0.505000 1.000000000000 1.000000000000
203 0.507500 1.000000000000 1.000000000000
204 0.510000 1.000000000000 1.000000000000
205 0.512500 1.000000000000 1.000000000000
206 0.515000 1.000000000000 1.000000000000
207 0.517500 1.000000000000 1.000000000000
208 0.520000 1.000000000000 1.000000000000
209 0.522500 1.000000000000 1.000000000000
210 0.525000 1.000000000000 1.000000000000
211 0.527500 1.000000000000 1.000000000000
212 0.530000 1.000000000000 1.000000000000
213 0.532500 1.000000000000 1.000000000000
214 0.535000 1.000000000000 1.000000000000
215 0.537500 1.000000000000 1.000000000000
216 0.540000 1.000000000000 1.000000000000
217 0.542500 1.000000000000 1.000000000000
218 0.545000 1.000000000000 1.000000000000
219 0.547500 1.000000000000 1.000000000000
220 0.550000 1.000000000000 1.000000000000
221 0.552500 1.000000000000 1.000000000000
222 0.555000 1.000000000000 1.000000000000
223 0.557500 1.000000000000 1.000000000000
224 0.560000 1.000000000000 1.000000000000
225 0.562500 1.000000000000 1.000000000000
226 0.565000 1.000000000000 1.000000000000
227 0.567500 1.000000000000 1.000000000000
228 0.570000 1.000000000000 1.000000000000
229 0.572500 1.000000000000 1.000000000000
230 0.575000 1.000000000000 1.000000000000
231 0.577500 1.000000000000 1.000000000000
232 0.580000 1.000000000000 1.000000000000
233 0.582500 1.000000000000 1.000000000000
234 0.585000 1.000000000000 1.000000000000
235 0.587500 1.000000000000 1.000000000000
236 0.590000 1.000000000000 1.000000000000
237 0.592500 1.000000000000 1.000000000000
238 0.595000 1.000000000000 1.000000000000
239 0.597500 1.000000000000 1.000000000000
240 0.600000 1.000000000000 1.000000000000
241 0.602500 1.000000000000 1.000000000000
242 0.605000 1.000000000000 1.000000000000
243 0.607500 1.000000000000 1.000000000000
244 0.610000 1.000000000000 1.000000000000
245 0.612500 1.000000000000 1.000000000000
246 0.615000 1.000000000000 1.000000000000
247 0.617500 1.000000000000 1.000000000000
248 0.620000 1.000000000000 1.000000000000
249 0.622500 1.000000000000 1.000000000000
250 0.625000 1.000000000000 1.000000000000
251 0.627500 1.000000000000 1.000000000000
252 0.630000 1.000000000000 1.000000000000
253 0.632500 1.000000000000 1.000000000000
254 0.635000 1.000000000000 1.000000000000
255 0.637500 1.000000000000 1.000000000000
256 0.640000 1.000000000000 1.000000000000
257 0.642500 1.000000000000 1.000000000000
258 0.645000 1.000000000000 1.000000000000
259 0.647500 1.000000000000 1.000000000000
260 0.650000 1.000000000000 1.000000000000
261 0.652500 1.000000000000 1.000000000000
262 0.655000 1.000000000000 1.000000000000
263 0.657500 1.000000000000 1.000000000000
264 0.660000 1.000000000000 1.000000000000
265 0.662500 1.000000000000 1.000000000000
266 0.665000 1.000000000000 1.000000000000
267 0.667500 1.000000000000 1.000000000000
268 0.670000 1.000000000000 1.000000000000
269 0.672500 1.000000000000 1.000000000000
270 0.675000 1.000000000000 1.000000000000
271 0.677500 1.000000000000 1.000000000000
272 0.680000 1.000000000000 1.000000000000
273 0.682500 1.000000000000 1.000000000000
274 0.685000 1.000000000000 1.000000000000
275 0.687500 1.000000000000 1.000000000000
276 0.690000 1.000000000000 1.000000000000
277 0.692500 1.000000000000 1.000000000000
278 0.695000 1.000000000000 1.000000000000
279 0.697500 1.000000000000 1.000000000000
280 0.700000 1.000000000000 1.000000000000
281 0.702500 1.000000000000 1.000000000000
282 0.705000 1.000000000000 1.000000000000
283 0.707500 1.000000000000 1.000000000000
284 0.710000 1.000000000000 1.000000000000
285 0.712500 1.000000000000 1.000000000000
286 0.715000 1.000000000000 1.000000000000
287 0.717500 1.000000000000 1.000000000000
288 0.720000 1.000000000000 1.000000000000
289 0.722500 1.000000000000 1.000000000000
290 0.725000 1.000000000000 1.000000000000
291 0.727500 1.000000000000 1.000000000000
292 0.730000 1.000000000000 1.000000000000
293 0.732500 1.000000000000 1.000000000000
294 0.735000 1.000000000000 1.000000000000
295 0.737500 1.000000000000 1.000000000000
296 0.740000 1.000000000000 1.000000000000
297 0.742500 1.000000000000 1.000000000000
298 0.745000 1.000000000000 1.000000000000
299 0.747500 1.000000000000 1.000000000000
300 0.750000 1.000000000000 1.000000000000
301 0.752500 1.000000000000 1.000000000000
302 0.755000 1.000000000000 1.000000000000
303 0.757500 1.000000000000 1.000000000000
304 0.760000 1.000000000000 1.000000000000
305 0.762500 1.000000000000 1.000000000000
306 0.765000 1.000000000000 1.000000000000
307 0.767500 1.000000000000 1.000000000000
308 0.770000 1.000000000000 1.000000000000
309 0.772500 1.000000000000 1.000000000000
310 0.775000 1.000000000000 1.000000000000
311 0.777500 1.000000000000 1.000000000000
312 0.780000 1.000000000000 1.000000000000
313 0.782500 1.000000000000 1.000000000000
314 0.785000 1.000000000000 1.000000000000
315 0.787500 1.000000000000 1.000000000000
316 0.790000 1.000000000000 1.000000000000
317 0.792500 1.000000000000 1.000000000000
318 0.795000 1.000000000000 1.000000000000
319 0.797500 1.000000000000 1.000000000000
320 0.800000 1.000000000000 1.000000000000
321 0.802500 1.000000000000 1.000000000000
322 0.805000 1.000000000000 1.000000000000
323 0.807500 1.000000000000 1.000000000000
324 0.810000 1.000000000000 1.000000000000
325 0.812500 1.000000000000 1.000000000000
326 0.815000 1.000000000000 1.000000000000
327 0.817500 1.000000000000 1.000000000000
328 0.820000 1.000000000000 1.000000000000
329 0.822500 1.000000000000 1.000000000000
330 0.825000 1.000000000000 1.000000000000
331 0.827500 1.000000000000 1.000000000000
332 0.830000 1.000000000000 1.000000000000
333 0.832500 1.000000000000 1.000000000000
334 0.835000 1.000000000000 1.000000000000
335 0.837500 1.000000000000 1.000000000000
336 0.840000 1.000000000000 1.000000000000
337 0.842500 1.000000000000 1.000000000000
338 0.845000 1.000000000000 1.000000000000
339 0.847500 1.000000000000 1.000000000000
340 0.850000 1.000000000000 1.000000000000
341 0.852500 1.000000000000 1.000000000000
342 0.855000 1.000000000000 1.000000000000
343 0.857500 1.000000000000 1.000000000000
344 0.860000 1.000000000000 1.000000000000
345 0.862500 1.000000000000 1.000000000000
346 0.865000 1.000000000000 1.000000000000
347 0.867500 1.000000000000 1.000000000000
348 0.870000 1.000000000000 1.000000000000
349 0.872500 1.000000000000 1.000000000000
350 0.875000 1.000000000000 1.000000000000
351 0.877500 1.000000000000 1.000000000000
352 0.880000 1.000000000000 1.000000000000
353 0.882500 1.000000000000 1.000000000000
354 0.885000 1.000000000000 1.000000000000
355 0.887500 1.000000000000 1.000000000000
356 0.890000 1.000000000000 1.000000000000
357 0.892500 1.000000000000 1.000000000000
358 0.895000 1.000000000000 1.000000000000
359 0.897500 1.000000000000 1.000000000000
360 0.900000 1.000000000000 1.000000000000
361 0.902500 1.000000000000 1.000000000000
362 0.905000 1.000000000000 1.000000000000
363 0.907500 1.000000000000 1.000000000000
364 0.910000 1.000000000000 1.000000000000
365 0.912500 1.000000000000 1.000000000000
366 0.915000 1.000000000000 1.000000000000
367 0.917500 1.000000000000 1.000000000000
368 0.920000 1.000000000000 1.000000000000
369 0.922500 1.000000000000 1.000000000000
370 0.925000 1.000000000000 1.000000000000
371 0.927500 1.000000000000 1.000000000000
372 0.930000 1.000000000000 1.000000000000
373 0.932500 1.000000000000 1.000000000000
374 0.935000 1.000000000000 1.000000000000
375 0.937500 1.000000000000 1.000000000000
376 0.940000 1.000000000000 1.000000000000
377 0.942500 1.000000000000 1.000000000000
378 0.945000 1.000000000000 1.000000000000
379 0.947500 1.000000000000 1.000000000000
380 0.950000 1.000000000000 1.000000000000
381 0.952500 1.000000000000 1.000000000000
382 0.955000 1.000000000000 1.000000000000
383 0.957500 1.000000000000 1.000000000000
384 0.960000 1.000000000000 1.000000000000
385 0.962500 1.000000000000 1.000000000000
386 0.965000 1.000000000000 1.000000000000
387 0.967500 1.000000000000 1.000000000000
388 0.970000 1.000000000000 1.000000000000
389 0.972500 1.000000000000 1.000000000000
390 0.975000 1.000000000000 1.000000000000
391 0.977500 1.000000000000 1.000000000000
392 0.980000 1.000000000000 1.000000000000
393 0.982500 1.000000000000 1.000000000000
394 0.985000 1.000000000000 1.000000000000
395 0.987500 1.000000000000 1.000000000000
396 0.990000 1.000000000000 1.000000000000
397 0.992500 1.000000000000 1.000000000000
398 0.995000 1.000000000000 1.000000000000
399 0.997500 1.000000000000 1.000000000000
400 1.000000 1.000000000000 1.000000000000
401 1.002500 1.000000000000 1.000000000000
402 1.005000 1.000000000000 1.000000000000
403 1.007500 1.000000000000 1.000000000000
404 1.010000 1.000000000000 1.000000000000
405 1.012500 1.000000000000 1.000000000000
406 1.015000 1.000000000000 1.000000000000
407 1.017500 1.000000000000 1.000000000000
408 1.020000 1.000000000000 1.000000000000
409 1.022500 1.000000000000 1.000000000000
410 1.025000 1.000000000000 1.000000000000
411 1.027500 1.000000000000 1.000000000000
412 1.030000 1.000000000000 1.000000000000
413 1.032500 1.000000000000 1.000000000000
414 1.035000 1.000000000000 1.000000000000
415 1.037500 1.000000000000 1.000000000000
416 1.040000 1.000000000000 1.000000000000
417 1.042500 1.000000000000 1.000000000000
418 1.045000 1.000000000000 1.000000000000
419 1.047500 1.000000000000 1.000000000000
420 1.050000 1.000000000000 1.000000000000
421 1.052500 1.000000000000 1.000000000000
422 1.055000 1.000000000000 1.000000000000
423 1.057500 1.000000000000 1.000000000000
424 1.060000 1.000000000000 1.000000000000
425 1.062500 1.000000000000 1.000000000000
426 1.065000 1.000000000000 1.000000000000
427 1.067500 1.000000000000 1.000000000000
428 1.070000 1.000000000000 1.000000000000
429 1.072500 1.000000000000 1.000000000000
430 1.075000 1.000000000000 1.000000000000
431 1.077500 1.000000000000 1.000000000000
432 1.080000 1.000000000000 1.000000000000
433 1.082500 1.000000000000 1.000000000000
434 1.085000 1.000000000000 1.000000000000
435 1.087500 1.000000000000 1.000000000000
436 1.090000 1.000000000000 1.000000000000
437 1.092500 1.000000000000 1.000000000000
438 1.095000 1.000000000000 1.000000000000
439 1.097500 1.000000000000 1.000000000000
440 1.100000 1.000000000000 1.000000000000
441 1.102500 1.000000000000 1.000000000000
442 1.105000 1.000000000000 1.000000000000
443 1.107500 1.000000000000 1.000000000000
444 1.110000 1.000000000000 1.000000000000
445 1.112500 1.000000000000 1.000000000000
446 1.115000 1.000000000000 1.000000000000
447 1.117500 1.000000000000 1.000000000000
448 1.120000 1.000000000000 1.000000000000
449 1.122500 1.000000000000 1.000000000000
450 1.125000 1.000000000000 1.000000000000
451 1.127500 1.000000000000 1.000000000000
452 1.130000 1.000000000000 1.000000000000
453 1.132500 1.000000000000 1.000000000000
454 1.135000 1.000000000000 1.000000000000
455 1.137500 1.000000000000 1.000000000000
456 1.140000 1.000000000000 1.000000000000
457 1.142500 1.000000000000 1.000000000000
458 1.145000 1.000000000000 1.000000000000
459 1.147500 1.000000000000 1.000000000000
460 1.150000 1.000000000000 1.000000000000
461 1.152500 1.000000000000 1.000000000000
462 1.155000 1.000000000000 1.000000000000
463 1.157500 1.000000000000 1.000000000000
464 1.160000 1.000000000000 1.000000000000
465 1.162500 1.000000000000 1.000000000000
466 1.165000 1.000000000000 1.000000000000
467 1.167500 1.000000000000 1.000000000000
468 1.170000 1.000000000000 1.000000000000
469 1.172500 1.000000000000 1.000000000000
470 1.175000 1.000000000000 1.000000000000
471 1.177500 1.000000000000 1.000000000000
472 1.180000 1.000000000000 1.000000000000
473 1.182500 1.000000000000 1.000000000000
474 1.185000 1.000000000000 1.000000000000
475 1.187500 1.000000000000 1.000000000000
476 1.190000 1.000000000001 1.000000000001
477 1.192500 1.000000000001 1.000000000001
478 1.195000 1.000000000001 1.000000000001
479 1.197500 1.000000000001 1.000000000001
480 1.200000 1.000000000001 1.000000000001
481 1.202500 1.000000000001 1.000000000001
482 1.205000 1.000000000001 1.000000000001
483 1.207500 1.000000000002 1.000000000002
484 1.210000 1.000000000002 1.000000000002
485 1.212500 1.000000000002 1.000000000002
486 1.215000 1.000000000002 1.000000000002
487 1.217500 1.000000000003 1.000000000003
488 1.220000 1.000000000003 1.000000000003
489 1.222500 1.000000000004 1.000000000004
490 1.225000 1.000000000004 1.000000000004
491 1.227500 1.000000000005 1.000000000005
492 1.230000 1.000000000005 1.000000000005
493 1.232500 1.000000000006 1.000000000006
494 1.235000 1.000000000007 1.000000000007
495 1.237500 1.000000000007 1.000000000007
496 1.240000 1.000000000008 1.000000000008
497 1.242500 1.000000000009 1.000000000009
498 1.245000 1.000000000010 1.000000000010
499 1.247500 1.000000000011 1.000000000011
500 1.250000 1.000000000012 1.000000000012
501 1.252500 1.000000000013 1.000000000013
502 1.255000 1.000000000015 1.000000000015
503 1.257500 1.000000000016 1.000000000016
504 1.260000 1.000000000018 1.000000000018
505 1.262500 1.000000000019 1.000000000019
506 1.265000 1.000000000021 1.000000000021
507 1.267500 1.000000000023 1.000000000023
508 1.270000 1.000000000024 1.000000000024
509 1.272500 1.000000000026 1.000000000026
510 1.275000 1.000000000028 1.000000000028
511 1.277500 1.000000000030 1.000000000030
512 1.280000 1.000000000033 1.000000000033
513 1.282500 1.000000000035 1.000000000035
514 1.285000 1.000000000038 1.000000000038
515 1.287500 1.000000000040 1.000000000040
516 1.290000 1.000000000043 1.000000000043
517 1.292500 1.000000000046 1.000000000046
518 1.295000 1.000000000048 1.000000000048
519 1.297500 1.000000000051 1.000000000051
520 1.300000 1.000000000055 1.000000000055
521 1.302500 1.000000000058 1.000000000058
522 1.305000 1.000000000061 1.000000000061
523 1.307500 1.000000000065 1.000000000065
524 1.310000 1.000000000068 1.000000000068
525 1.312500 1.000000000072 1.000000000072
526 1.315000 1.000000000076 1.000000000076
527 1.317500 1.000000000080 1.000000000080
528 1.320000 1.000000000084 1.000000000084
529 1.322500 1.000000000088 1.000000000088
530 1.325000 1.000000000092 1.000000000092
531 1.327500 1.000000000097 1.000000000097
532 1.330000 1.000000000101 1.000000000101
533 1.332500 1.000000000106 1.000000000106
534 1.335000 1.000000000111 1.000000000111
535 1.337500 1.000000000115 1.000000000115
536 1.340000 1.000000000120 1.000000000120
537 1.342500 1.000000000126 1.000000000126
538 1.345000 1.000000000131 1.000000000131
539 1.347500 1.000000000136 1.000000000136
540 1.350000 1.000000000142 1.000000000142
541 1.352500 1.000000000147 1.000000000147
542 1.355000 1.000000000153 1.000000000153
543 1.357500 1.000000000159 1.000000000159
544 1.360000 1.000000000165 1.000000000165
545 1.362500 1.000000000171 1.000000000171
546 1.365000 1.000000000177 1.000000000177
547 1.367500 1.000000000183 1.000000000183
548 1.370000 1.000000000190 1.000000000190
549 1.372500 1.000000000196 1.000000000196
550 1.375000 1.000000000203 1.000000000203
551 1.377500 1.000000000210 1.000000000210
552 1.380000 1.000000000217 1.000000000217
553 1.382500 1.000000000224 1.000000000224
554 1.385000 1.000000000231 1.000000000231
555 1.387500 1.000000000239 1.000000000239
556 1.390000 1.000000000246 1.000000000246
557 1.392500 1.000000000254 1.000000000254
558 1.395000 1.000000000261 1.000000000261
559 1.397500 1.000000000269 1.000000000269
560 1.400000 1.000000000277 1.000000000277
561 1.402500 1.000000000285 1.000000000285
562 1.405000 1.000000000293 1.000000000293
563 1.407500 1.000000000301 1.000000000301
564 1.410000 1.000000000310 1.000000000310
565 1.412500 1.000000000318 1.000000000318
566 1.415000 1.000000000327 1.000000000327
567 1.417500 1.000000000336 1.000000000336
568 1.420000 1.000000000345 1.000000000345
569 1.422500 1.000000000354 1.000000000354
570 1.425000 1.000000000363 1.000000000363
571 1.427500 1.000000000372 1.000000000372
572 1.430000 1.000000000381 1.000000000381
573 1.432500 1.000000000391 1.000000000391
574 1.435000 1.000000000400 1.000000000400
575 1.437500 1.000000000410 1.000000000410
576 1.440000 1.000000000420 1.000000000420
577 1.442500 1.000000000430 1.000000000430
578 1.445000 1.000000000440 1.000000000440
579 1.447500 1.000000000450 1.000000000450
580 1.450000 1.000000000460 1.000000000460
581 1.452500 1.000000000470 1.000000000470
582 1.455000 1.000000000481 1.000000000481
583 1.457500 1.000000000491 1.000000000491
584 1.460000 1.000000000502 1.000000000502
585 1.462500 1.000000000513 1.000000000513
586 1.465000 1.000000000524 1.000000000524
587 1.467500 1.000000000535 1.000000000535
588 1.470000 1.000000000546 1.000000000546
589 1.472500 1.000000000557 1.000000000557
590 1.475000 1.000000000568 1.000000000568
591 1.477500 1.000000000580 1.000000000580
592 1.480000 1.000000000591 1.000000000591
593 1.482500 1.000000000603 1.000000000603
594 1.485000 1.000000000614 1.000000000614
595 1.487500 1.000000000626 1.000000000626
596 1.490000 1.000000000638 1.000000000638
597 1.492500 1.000000000650 1.000000000650
598 1.495000 1.000000000662 1.000000000662
599 1.497500 1.000000000675 1.000000000675
600 1.500000 1.000000000687 1.000000000687
601 1.502500 1.000000000699 1.000000000699
602 1.505000 1.000000000712 1.000000000712
603 1.507500 1.000000000724 1.000000000724
604 1.510000 1.000000000737 1.000000000737
605 1.512500 1.000000000750 1.000000000750
606 1.515000 1.000000000763 1.000000000763
607 1.517500 1.000000000776 1.000000000776
608 1.520000 1.000000000789 1.000000000789
609 1.522500 1.000000000802 1.000000000802
610 1.525000 1.000000000815 1.000000000815
611 1.527500 1.000000000828 1.000000000828
612 1.530000 1.000000000842 1.000000000842
613 1.532500 1.000000000855 1.000000000855
614 1.535000 1.000000000869 1.000000000869
615 1.537500 1.000000000883 1.000000000883
616 1.540000 1.000000000896 1.000000000896
617 1.542500 1.000000000910 1.000000000910
618 1.545000 1.000000000924 1.000000000924
619 1.547500 1.000000000938 1.000000000938
620 1.550000 1.000000000952 1.000000000952
621 1.552500 1.000000000966 1.000000000966
622 1.555000 1.000000000981 1.000000000981
623 1.557500 1.000000000995 1.000000000995
624 1.560000 1.000000001009 1.000000001009
625 1.562500 1.000000001024 1.000000001024
626 1.565000 1.000000001039 1.000000001039
627 1.567500 1.000000001053 1.000000001053
628 1.570000 1.000000001068 1.000000001068
629 1.572500 1.000000001083 1.000000001083
630 1.575000 1.000000001098 1.000000001098
631 1.577500 1.000000001113 1.000000001113
632 1.580000 1.000000001128 1.000000001128
633 1.582500 1.000000001143 1.000000001143
634 1.585000 1.000000001158 1.000000001158
635 1.587500 1.000000001173 1.000000001173
636 1.590000 1.000000001188 1.000000001188
637 1.592500 1.000000001204 1.000000001204
638 1.595000 1.000000001219 1.000000001219
639 1.597500 1.000000001235 1.000000001235
640 1.600000 1.000000001250 1.000000001250
641 1.602500 1.000000001266 1.000000001266
642 1.605000 1.000000001282 1.000000001282
643 1.607500 1.000000001298 1.000000001298
644 1.610000 1.000000001314 1.000000001314
645 1.612500 1.000000001330 1.000000001330
646 1.615000 1.000000001346 1.000000001346
647 1.617500 1.000000001362 1.000000001362
648 1.620000 1.000000001378 1.000000001378
649 1.622500 1.000000001394 1.000000001394
650 1.625000 1.000000001410 1.000000001410
651 1.627500 1.000000001426 1.000000001426
652 1.630000 1.000000001443 1.000000001443
653 1.632500 1.000000001459 1.000000001459
654 1.635000 1.000000001476 1.000000001476
655 1.637500 1.000000001492 1.000000001492
656 1.640000 1.000000001509 1.000000001509
657 1.642500 1.000000001526 1.000000001526
658 1.645000 1.000000001542 1.000000001542
659 1.647500 1.000000001559 1.000000001559
660 1.650000 1.000000001576 1.000000001576
661 1.652500 1.000000001593 1.000000001593
662 1.655000 1.000000001610 1.000000001610
663 1.657500 1.000000001627 1.000000001627
664 1.660000 1.000000001644 1.000000001644
665 1.662500 1.000000001661 1.000000001661
666 1.665000 1.000000001678 1.000000001678
667 1.667500 1.000000001695 1.000000001695
668 1.670000 1.000000001713 1.000000001713
669 1.672500 1.000000001730 1.000000001730
670 1.675000 1.000000001747 1.000000001747
671 1.677500 1.000000001765 1.000000001765
672 1.680000 1.000000001782 1.000000001782
673 1.682500 1.000000001800 1.000000001800
674 1.685000 1.000000001817 1.000000001817
675 1.687500 1.000000001835 1.000000001835
676 1.690000 1.000000001853 1.000000001853
677 1.692500 1.000000001870 1.000000001870
678 1.695000 1.000000001888 1.000000001888
679 1.697500 1.000000001906 1.000000001906
680 1.700000 1.000000001924 1.000000001924
681 1.702500 1.000000001942 1.000000001942
682 1.705000 1.000000001959 1.000000001959
683 1.707500 1.000000001977 1.000000001977
684 1.710000 1.000000001995 1.000000001995
685 1.712500 1.000000002014 1.000000002014
686 1.715000 1.000000002032 1.000000002032
687 1.717500 1.000000002050 1.000000002050
688 1.720000 1.000000002068 1.000000002068
689 1.722500 1.000000002086 1.000000002086
690 1.725000 1.000000002104 1.000000002104
691 1.727500 1.000000002123 1.000000002123
692 1.730000 1.000000002141 1.000000002141
693 1.732500 1.000000002159 1.000000002159
694 1.735000 1.000000002178 1.000000002178
695 1.737500 1.000000002196 1.000000002196
696 1.740000 1.000000002215 1.000000002215
697 1.742500 1.000000002233 1.000000002233
698 1.745000 1.000000002252 1.000000002252
699 1.747500 1.000000002270 1.000000002270
700 1.750000 1.000000002289 1.000000002289
701 1.752500 1.000000002308 1.000000002308
702 1.755000 1.000000002326 1.000000002326
703 1.757500 1.000000002345 1.000000002345
704 1.760000 1.000000002364 1.000000002364
705 1.762500 1.000000002383 1.000000002383
706 1.765000 1.000000002402 1.000000002402
707 1.767500 1.000000002421 1.000000002421
708 1.770000 1.000000002439 1.000000002439
709 1.772500 1.000000002458 1.000000002458
710 1.775000 1.000000002477 1.000000002477
711 1.777500 1.000000002496 1.000000002496
712 1.780000 1.000000002515 1.000000002515
713 1.782500 1.000000002534 1.000000002534
714 1.785000 1.000000002553 1.000000002553
715 1.787500 1.000000002573 1.000000002573
716 1.790000 1.000000002592 1.000000002592
717 1.792500 1.000000002611 1.000000002611
718 1.795000 1.000000002630 1.000000002630
719 1.797500 1.000000002649 1.000000002649
720 1.800000 1.000000002669 1.000000002669
721 1.802500 1.000000002688 1.000000002688
722 1.805000 1.000000002707 1.000000002707
723 1.807500 1.000000002727 1.000000002727
724 1.810000 1.000000002746 1.000000002746
725 1.812500 1.000000002765 1.000000002765
726 1.815000 1.000000002785 1.000000002785
727 1.817500 1.000000002804 1.000000002804
728 1.820000 1.000000002824 1.000000002824
729 1.822500 1.000000002843 1.000000002843
730 1.825000 1.000000002863 1.000000002863
731 1.827500 1.000000002882 1.000000002882
732 1.830000 1.000000002902 1.000000002902
733 1.832500 1.000000002921 1.000000002921
734 1.835000 1.000000002941 1.000000002941
735 1.837500 1.000000002961 1.000000002961
736 1.840000 1.000000002980 1.000000002980
737 1.842500 1.000000003000 1.000000003000
738 1.845000 1.000000003020 1.000000003020
739 1.847500 1.000000003039 1.000000003039
740 1.850000 1.000000003059 1.000000003059
741 1.852500 1.000000003079 1.000000003079
742 1.855000 1.000000003099 1.000000003099
743 1.857500 1.000000003118 1.000000003118
744 1.860000 1.000000003138 1.000000003138
745 1.862500 1.000000003158 1.000000003158
746 1.865000 1.000000003178 1.000000003178
747 1.867500 1.000000003198 1.000000003198
748 1.870000 1.000000003218 1.000000003218
749 1.872500 1.000000003238 1.000000003238
750 1.875000 1.000000003258 1.000000003258
751 1.877500 1.000000003278 1.000000003278
752 1.880000 1.000000003298 1.000000003298
753 1.882500 1.000000003318 1.000000003318
754 1.885000 1.000000003338 1.000000003338
755 1.887500 1.000000003358 1.000000003358
756 1.890000 1.000000003378 1.000000003378
757 1.892500 1.000000003398 1.000000003398
758 1.895000 1.000000003418 1.000000003418
759 1.897500 1.000000003438 1.000000003438
760 1.900000 1.000000003458 1.000000003458
761 1.902500 1.000000003478 1.000000003478
762 1.905000 1.000000003498 1.000000003498
763 1.907500 1.000000003519 1.000000003519
764 1.910000 1.000000003539 1.000000003539
765 1.912500 1.000000003559 1.000000003559
766 1.915000 1.000000003579 1.000000003579
767 1.917500 1.000000003599 1.000000003599
768 1.920000 1.000000003620 1.000000003620
769 1.922500 1.000000003640 1.000000003640
770 1.925000 1.000000003660 1.000000003660
771 1.927500 1.000000003680 1.000000003680
772 1.930000 1.000000003701 1.000000003701
773 1.932500 1.000000003721 1.000000003721
774 1.935000 1.000000003741 1.000000003741
775 1.937500 1.000000003762 1.000000003762
776 1.940000 1.000000003782 1.000000003782
777 1.942500 1.000000003802 1.000000003802
778 1.945000 1.000000003823 1.000000003823
779 1.947500 1.000000003843 1.000000003843
780 1.950000 1.000000003863 1.000000003863
781 1.952500 1.000000003884 1.000000003884
782 1.955000 1.000000003904 1.000000003904
783 1.957500 1.000000003925 1.000000003925
784 1.960000 1.000000003945 1.000000003945
785 1.962500 1.000000003966 1.000000003966
786 1.965000 1.000000003986 1.000000003986
787 1.967500 1.000000004007 1.000000004007
788 1.970000 1.000000004027 1.000000004027
789 1.972500 1.000000004048 1.000000004048
790 1.975000 1.000000004068 1.000000004068
791 1.977500 1.000000004089 1.000000004089
792 1.980000 1.000000004109 1.000000004109
793 1.982500 1.000000004130 1.000000004130
794 1.985000 1.000000004150 1.000000004150
795 1.987500 1.000000004171 1.000000004171
796 1.990000 1.000000004191 1.000000004191
797 1.992500 1.000000004212 1.000000004212
798 1.995000 1.000000004233 1.000000004233
799 1.997500 1.000000004253 1.000000004253
800 2.000000 1.000000004274 1.000000004274
801 2.002500 1.000000004294 1.000000004294
802 2.005000 1.000000004315 1.000000004315
803 2.007500 1.000000004336 1.000000004336
804 2.010000 1.000000004356 1.000000004356
805 2.012500 1.000000004377 1.000000004377
806 2.015000 1.000000004398 1.000000004398
807 2.017500 1.000000004418 1.000000004418
808 2.020000 1.000000004439 1.000000004439
809 2.022500 1.000000004460 1.000000004460
810 2.025000 1.000000004480 1.000000004480
811 2.027500 1.000000004501 1.000000004501
812 2.030000 1.000000004522 1.000000004522
813 2.032500 1.000000004543 1.000000004543
814 2.035000 1.000000004563 1.000000004563
815 2.037500 1.000000004584 1.000000004584
816 2.040000 1.000000004605 1.000000004605
817 2.042500 1.000000004626 1.000000004626
818 2.045000 1.000000004646 1.000000004646
819 2.047500 1.000000004667 1.000000004667
820 2.050000 1.000000004688 1.000000004688
821 2.052500 1.000000004709 1.000000004709
822 2.055000 1.000000004729 1.000000004729
823 2.057500 1.000000004750 1.000000004750
824 2.060000 1.000000004771 1.000000004771
825 2.062500 1.000000004792 1.000000004792
826 2.065000 1.000000004813 1.000000004813
827 2.067500 1.000000004833 1.000000004833
828 2.070000 1.000000004854 1.000000004854
829 2.072500 1.000000004875 1.000000004875
830 2.075000 1.000000004896 1.000000004896
831 2.077500 1.000000004917 1.000000004917
832 2.080000 1.000000004938 1.000000004938
833 2.082500 1.000000004958 1.000000004958
834 2.085000 1.000000004979 1.000000004979
835 2.087500 1.000000005000 1.000000005000
836 2.090000 1.000000005021 1.000000005021
837 2.092500 1.000000005042 1.000000005042
838 2.095000 1.000000005063 1.000000005063
839 2.097500 1.000000005084 1.000000005084
840 2.100000 1.000000005104 1.000000005104
841 2.102500 1.000000005125 1.000000005125
842 2.105000 1.000000005146 1.000000005146
843 2.107500 1.000000005167 1.000000005167
844 2.110000 1.000000005187 1.000000005187
845 2.112500 1.000000005208 1.000000005208
846 2.115000 1.000000005229 1.000000005229
847 2.117500 1.000000005249 1.000000005249
848 2.120000 1.000000005270 1.000000005270
849 2.122500 1.000000005290 1.000000005290
850 2.125000 1.000000005311 1.000000005311
851 2.127500 1.000000005331 1.000000005331
852 2.130000 1.000000005351 1.000000005351
853 2.132500 1.000000005371 1.000000005371
854 2.135000 1.000000005391 1.000000005391
855 2.137500 1.000000005410 1.000000005410
856 2.140000 1.000000005430 1.000000005430
857 2.142500 1.000000005449 1.000000005449
858 2.145000 1.000000005468 1.000000005468
859 2.147500 1.000000005487 1.000000005487
860 2.150000 1.000000005506 1.000000005506
861 2.152500 1.000000005524 1.000000005524
862 2.155000 1.000000005542 1.000000005542
863 2.157500 1.000000005559 1.000000005559
864 2.160000 1.000000005576 1.000000005576
865 2.162500 1.000000005593 1.000000005593
866 2.165000 1.000000005609 1.000000005609
867 2.167500 1.000000005625 1.000000005625
868 2.170000 1.000000005640 1.000000005640
869 2.172500 1.000000005655 1.000000005655
870 2.175000 1.000000005670 1.000000005670
871 2.177500 1.000000005683 1.000000005683
872 2.180000 1.000000005696 1.000000005696
873 2.182500 1.000000005709 1.000000005709
874 2.185000 1.000000005720 1.000000005720
875 2.187500 1.000000005732 1.000000005732
876 2.190000 1.000000005742 1.000000005742
877 2.192500 1.000000005752 1.000000005752
878 2.195000 1.000000005761 1.000000005761
879 2.197500 1.000000005769 1.000000005769
880 2.200000 1.000000005776 1.000000005776
881 2.202500 1.000000005783 1.000000005783
882 2.205000 1.000000005789 1.000000005789
883 2.207500 1.000000005794 1.000000005794
884 2.210000 1.000000005799 1.000000005799
885 2.212500 1.000000005802 1.000000005802
886 2.215000 1.000000005805 1.000000005805
887 2.217500 1.000000005807 1.000000005807
888 2.220000 1.000000005809 1.000000005809
889 2.222500 1.000000005809 1.000000005809
890 2.225000 1.000000005809 1.000000005809
891 2.227500 1.000000005808 1.000000005808
892 2.230000 1.000000005807 1.000000005807
893 2.232500 1.000000005804 1.000000005804
894 2.235000 1.000000005802 1.000000005802
895 2.237500 1.000000005798 1.000000005798
896 2.240000 1.000000005794 1.000000005794
897 2.242500 1.000000005789 1.000000005789
898 2.245000 1.000000005784 1.000000005784
899 2.247500 1.000000005778 1.000000005778
900 2.250000 1.000000005772 1.000000005772
901 2.252500 1.000000005765 1.000000005765
902 2.255000 1.000000005758 1.000000005758
903 2.257500 1.000000005750 1.000000005750
904 2.260000 1.000000005742 1.000000005742
905 2.262500 1.000000005733 1.000000005733
906 2.265000 1.000000005725 1.000000005725
907 2.267500 1.000000005715 1.000000005715
908 2.270000 1.000000005706 1.000000005706
909 2.272500 1.000000005696 1.000000005696
910 2.275000 1.000000005686 1.000000005686
911 2.277500 1.000000005676 1.000000005676
912 2.280000 1.000000005666 1.000000005666
913 2.282500 1.000000005656 1.000000005656
914 2.285000 1.000000005645 1.000000005645
915 2.287500 1.000000005634 1.000000005634
916 2.290000 1.000000005623 1.000000005623
917 2.292500 1.000000005612 1.000000005612
918 2.295000 1.000000005601 1.000000005601
919 2.297500 1.000000005590 1.000000005590
920 2.300000 1.000000005579 1.000000005579
921 2.302500 1.000000005567 1.000000005567
922 2.305000 1.000000005556 1.000000005556
923 2.307500 1.000000005545 1.000000005545
924 2.310000 1.000000005533 1.000000005533
925 2.312500 1.000000005522 1.000000005522
926 2.315000 1.000000005510 1.000000005510
927 2.317500 1.000000005499 1.000000005499
928 2.320000 1.000000005487 1.000000005487
929 2.322500 1.000000005476 1.000000005476
930 2.325000 1.000000005464 1.000000005464
931 2.327500 1.000000005453 1.000000005453
932 2.330000 1.000000005441 1.000000005441
933 2.332500 1.000000005430 1.000000005430
934 2.335000 1.000000005418 1.000000005418
935 2.337500 1.000000005407 1.000000005407
936 2.340000 1.000000005395 1.000000005395
937 2.342500 1.000000005384 1.000000005384
938 2.345000 1.000000005372 1.000000005372
939 2.347500 1.000000005361 1.000000005361
940 2.350000 1.000000005349 1.000000005349
941 2.352500 1.000000005338 1.000000005338
942 2.355000 1.000000005326 1.000000005326
943 2.357500 1.000000005315 1.000000005315
