# l[23]( l_23(t) ) connection: point12-point18
# n t l_23(t)      l_differential_23(t)
0 0.000000 1.000000000000 1.000000000000
1 0.002500 1.000000000000 1.000000000000
2 0.005000 1.000000000000 1.000000000000
3 0.007500 1.000000000000 1.000000000000
4 0.010000 1.000000000000 1.000000000000
5 0.012500 1.000000000000 1.000000000000
6 0.015000 1.000000000000 1.000000000000
7 0.017500 1.000000000000 1.000000000000
8 0.020000 1.000000000000 1.000000000000
9 0.022500 1.000000000000 1.000000000000
10 0.025000 1.000000000000 1.000000000000
11 0.027500 1.000000000000 1.000000000000
12 0.030000 1.000000000000 1.000000000000
13 0.032500 1.000000000000 1.000000000000
14 0.035000 1.000000000000 1.000000000000
15 0.037500 1.000000000000 1.000000000000
16 0.040000 1.000000000000 1.000000000000
17 0.042500 1.000000000000 1.000000000000
18 0.045000 1.000000000000 1.000000000000
19 0.047500 1.000000000000 1.000000000000
20 0.050000 1.000000000000 1.000000000000
21 0.052500 1.000000000000 1.000000000000
22 0.055000 1.000000000000 1.000000000000
23 0.057500 1.000000000000 1.000000000000
24 0.060000 1.000000000000 1.000000000000
25 0.062500 1.000000000000 1.000000000000
26 0.065000 1.000000000000 1.000000000000
27 0.067500 1.000000000000 1.000000000000
28 0.070000 1.000000000000 1.000000000000
29 0.072500 1.000000000000 1.000000000000
30 0.075000 1.000000000000 1.000000000000
31 0.077500 1.000000000000 1.000000000000
32 0.080000 1.000000000000 1.000000000000
33 0.082500 1.000000000000 1.000000000000
34 0.085000 1.000000000000 1.000000000000
35 0.087500 1.000000000000 1.000000000000
36 0.090000 1.000000000000 1.000000000000
37 0.092500 1.000000000000 1.000000000000
38 0.095000 1.000000000000 1.000000000000
39 0.097500 1.000000000000 1.000000000000
40 0.100000 1.000000000000 1.000000000000
41 0.102500 1.000000000000 1.000000000000
42 0.105000 1.000000000000 1.000000000000
43 0.107500 1.000000000000 1.000000000000
44 0.110000 1.000000000000 1.000000000000
45 0.112500 1.000000000000 1.000000000000
46 0.115000 1.000000000000 1.000000000000
47 0.117500 1.000000000000 1.000000000000
48 0.120000 1.000000000000 1.000000000000
49 0.122500 1.000000000000 1.000000000000
50 0.125000 1.000000000000 1.000000000000
51 0.127500 1.000000000000 1.000000000000
52 0.130000 1.000000000000 1.000000000000
53 0.132500 1.000000000000 1.000000000000
54 0.135000 1.000000000000 1.000000000000
55 0.137500 1.000000000000 1.000000000000
56 0.140000 1.000000000000 1.000000000000
57 0.142500 1.000000000000 1.000000000000
58 0.145000 1.000000000000 1.000000000000
59 0.147500 1.000000000000 1.000000000000
60 0.150000 1.000000000000 1.000000000000
61 0.152500 1.000000000000 1.000000000000
62 0.155000 1.000000000000 1.000000000000
63 0.157500 1.000000000000 1.000000000000
64 0.160000 1.000000000000 1.000000000000
65 0.162500 1.000000000000 1.000000000000
66 0.165000 1.000000000000 1.000000000000
67 0.167500 1.000000000000 1.000000000000
68 0.170000 1.000000000000 1.000000000000
69 0.172500 1.000000000000 1.000000000000
70 0.175000 1.000000000000 1.000000000000
71 0.177500 1.000000000000 1.000000000000
72 0.180000 1.000000000000 1.000000000000
73 0.182500 1.000000000000 1.000000000000
74 0.185000 1.000000000000 1.000000000000
75 0.187500 1.000000000000 1.000000000000
76 0.190000 1.000000000000 1.000000000000
77 0.192500 1.000000000000 1.000000000000
78 0.195000 1.000000000000 1.000000000000
79 0.197500 1.000000000000 1.000000000000
80 0.200000 1.000000000000 1.000000000000
81 0.202500 1.000000000000 1.000000000000
82 0.205000 1.000000000000 1.000000000000
83 0.207500 1.000000000000 1.000000000000
84 0.210000 1.000000000000 1.000000000000
85 0.212500 1.000000000000 1.000000000000
86 0.215000 1.000000000000 1.000000000000
87 0.217500 1.000000000000 1.000000000000
88 0.220000 1.000000000000 1.000000000000
89 0.222500 1.000000000000 1.000000000000
90 0.225000 1.000000000000 1.000000000000
91 0.227500 1.000000000000 1.000000000000
92 0.230000 1.000000000000 1.000000000000
93 0.232500 1.000000000000 1.000000000000
94 0.235000 1.000000000000 1.000000000000
95 0.237500 1.000000000000 1.000000000000
96 0.240000 1.000000000000 1.000000000000
97 0.242500 1.000000000000 1.000000000000
98 0.245000 1.000000000000 1.000000000000
99 0.247500 1.000000000000 1.000000000000
100 0.250000 1.000000000000 1.000000000000
101 0.252500 1.000000000000 1.000000000000
102 0.255000 1.000000000000 1.000000000000
103 0.257500 1.000000000000 1.000000000000
104 0.260000 1.000000000000 1.000000000000
105 0.262500 1.000000000000 1.000000000000
106 0.265000 1.000000000000 1.000000000000
107 0.267500 1.000000000000 1.000000000000
108 0.270000 1.000000000000 1.000000000000
109 0.272500 1.000000000000 1.000000000000
110 0.275000 1.000000000000 1.000000000000
111 0.277500 1.000000000000 1.000000000000
112 0.280000 1.000000000000 1.000000000000
113 0.282500 1.000000000000 1.000000000000
114 0.285000 1.000000000000 1.000000000000
115 0.287500 1.000000000000 1.000000000000
116 0.290000 1.000000000000 1.000000000000
117 0.292500 1.000000000000 1.000000000000
118 0.295000 1.000000000000 1.000000000000
119 0.297500 1.000000000000 1.000000000000
120 0.300000 1.000000000000 1.000000000000
121 0.302500 1.000000000000 1.000000000000
122 0.305000 1.000000000000 1.000000000000
123 0.307500 1.000000000000 1.000000000000
124 0.310000 1.000000000000 1.000000000000
125 0.312500 1.000000000000 1.000000000000
126 0.315000 1.000000000000 1.000000000000
127 0.317500 1.000000000000 1.000000000000
128 0.320000 1.000000000000 1.000000000000
129 0.322500 1.000000000000 1.000000000000
130 0.325000 1.000000000000 1.000000000000
131 0.327500 1.000000000000 1.000000000000
132 0.330000 1.000000000000 1.000000000000
133 0.332500 1.000000000000 1.000000000000
134 0.335000 1.000000000000 1.000000000000
135 0.337500 1.000000000000 1.000000000000
136 0.340000 1.000000000000 1.000000000000
137 0.342500 1.000000000000 1.000000000000
138 0.345000 1.000000000000 1.000000000000
139 0.347500 1.000000000000 1.000000000000
140 0.350000 1.000000000000 1.000000000000
141 0.352500 1.000000000000 1.000000000000
142 0.355000 1.000000000000 1.000000000000
143 0.357500 1.000000000000 1.000000000000
144 0.360000 1.000000000000 1.000000000000
145 0.362500 1.000000000000 1.000000000000
146 0.365000 1.000000000000 1.000000000000
147 0.367500 1.000000000000 1.000000000000
148 0.370000 1.000000000000 1.000000000000
149 0.372500 1.000000000000 1.000000000000
150 0.375000 1.000000000000 1.000000000000
151 0.377500 1.000000000000 1.000000000000
152 0.380000 1.000000000000 1.000000000000
153 0.382500 1.000000000000 1.000000000000
154 0.385000 1.000000000000 1.000000000000
155 0.387500 1.000000000000 1.000000000000
156 0.390000 1.000000000000 1.000000000000
157 0.392500 1.000000000000 1.000000000000
158 0.395000 1.000000000000 1.000000000000
159 0.397500 1.000000000000 1.000000000000
160 0.400000 1.000000000000 1.000000000000
161 0.402500 1.000000000000 1.000000000000
162 0.405000 1.000000000000 1.000000000000
163 0.407500 1.000000000000 1.000000000000
164 0.410000 1.000000000000 1.000000000000
165 0.412500 1.000000000000 1.000000000000
166 0.415000 1.000000000000 1.000000000000
167 0.417500 1.000000000000 1.000000000000
168 0.420000 1.000000000000 1.000000000000
169 0.422500 1.000000000000 1.000000000000
170 0.425000 1.000000000000 1.000000000000
171 0.427500 1.000000000000 1.000000000000
172 0.430000 1.000000000000 1.000000000000
173 0.432500 1.000000000000 1.000000000000
174 0.435000 1.000000000000 1.000000000000
175 0.437500 1.000000000000 1.000000000000
176 0.440000 1.000000000000 1.000000000000
177 0.442500 1.000000000000 1.000000000000
178 0.445000 1.000000000000 1.000000000000
179 0.447500 1.000000000000 1.000000000000
180 0.450000 1.000000000000 1.000000000000
181 0.452500 1.000000000000 1.000000000000
182 0.455000 1.000000000000 1.000000000000
183 0.457500 1.000000000000 1.000000000000
184 0.460000 1.000000000000 1.000000000000
185 0.462500 1.000000000000 1.000000000000
186 0.465000 1.000000000000 1.000000000000
187 0.467500 1.000000000000 1.000000000000
188 0.470000 1.000000000000 1.000000000000
189 0.472500 1.000000000000 1.000000000000
190 0.475000 1.000000000000 1.000000000000
191 0.477500 1.000000000000 1.000000000000
192 0.480000 1.000000000000 1.000000000000
193 0.482500 1.000000000000 1.000000000000
194 0.485000 1.000000000000 1.000000000000
195 0.487500 1.000000000000 1.000000000000
196 0.490000 1.000000000000 1.000000000000
197 0.492500 1.000000000000 1.000000000000
198 0.495000 1.000000000000 1.000000000000
199 0.497500 1.000000000000 1.000000000000
200 0.500000 1.000000000000 1.000000000000
201 0.502500 1.000000000000 1.000000000000
202 0.505000 1.000000000000 1.000000000000
203 0.507500 1.000000000000 1.000000000000
204 0.510000 1.000000000000 1.000000000000
205 0.512500 1.000000000000 1.000000000000
206 0.515000 1.000000000000 1.000000000000
207 0.517500 1.000000000000 1.000000000000
208 0.520000 1.000000000000 1.000000000000
209 0.522500 1.000000000000 1.000000000000
210 0.525000 1.000000000000 1.000000000000
211 0.527500 1.000000000000 1.000000000000
212 0.530000 1.000000000000 1.000000000000
213 0.532500 1.000000000000 1.000000000000
214 0.535000 1.000000000000 1.000000000000
215 0.537500 1.000000000000 1.000000000000
216 0.540000 1.000000000000 1.000000000000
217 0.542500 1.000000000000 1.000000000000
218 0.545000 1.000000000000 1.000000000000
219 0.547500 1.000000000000 1.000000000000
220 0.550000 1.000000000000 1.000000000000
221 0.552500 1.000000000000 1.000000000000
222 0.555000 1.000000000000 1.000000000000
223 0.557500 1.000000000000 1.000000000000
224 0.560000 1.000000000000 1.000000000000
225 0.562500 1.000000000000 1.000000000000
226 0.565000 1.000000000000 1.000000000000
227 0.567500 1.000000000000 1.000000000000
228 0.570000 1.000000000000 1.000000000000
229 0.572500 1.000000000000 1.000000000000
230 0.575000 1.000000000000 1.000000000000
231 0.577500 1.000000000000 1.000000000000
232 0.580000 1.000000000000 1.000000000000
233 0.582500 1.000000000000 1.000000000000
234 0.585000 1.000000000000 1.000000000000
235 0.587500 1.000000000000 1.000000000000
236 0.590000 1.000000000000 1.000000000000
237 0.592500 1.000000000000 1.000000000000
238 0.595000 1.000000000000 1.000000000000
239 0.597500 1.000000000000 1.000000000000
240 0.600000 1.000000000000 1.000000000000
241 0.602500 1.000000000000 1.000000000000
242 0.605000 1.000000000000 1.000000000000
243 0.607500 1.000000000000 1.000000000000
244 0.610000 1.000000000000 1.000000000000
245 0.612500 1.000000000000 1.000000000000
246 0.615000 1.000000000000 1.000000000000
247 0.617500 1.000000000000 1.000000000000
248 0.620000 1.000000000000 1.000000000000
249 0.622500 1.000000000000 1.000000000000
250 0.625000 1.000000000000 1.000000000000
251 0.627500 1.000000000000 1.000000000000
252 0.630000 1.000000000000 1.000000000000
253 0.632500 1.000000000000 1.000000000000
254 0.635000 1.000000000000 1.000000000000
255 0.637500 1.000000000000 1.000000000000
256 0.640000 1.000000000000 1.000000000000
257 0.642500 1.000000000000 1.000000000000
258 0.645000 1.000000000000 1.000000000000
259 0.647500 1.000000000000 1.000000000000
260 0.650000 1.000000000000 1.000000000000
261 0.652500 1.000000000000 1.000000000000
262 0.655000 1.000000000000 1.000000000000
263 0.657500 1.000000000000 1.000000000000
264 0.660000 1.000000000000 1.000000000000
265 0.662500 1.000000000000 1.000000000000
266 0.665000 1.000000000000 1.000000000000
267 0.667500 1.000000000000 1.000000000000
268 0.670000 1.000000000000 1.000000000000
269 0.672500 1.000000000000 1.000000000000
270 0.675000 1.000000000000 1.000000000000
271 0.677500 1.000000000000 1.000000000000
272 0.680000 1.000000000000 1.000000000000
273 0.682500 1.000000000000 1.000000000000
274 0.685000 1.000000000000 1.000000000000
275 0.687500 1.000000000000 1.000000000000
276 0.690000 1.000000000000 1.000000000000
277 0.692500 1.000000000000 1.000000000000
278 0.695000 1.000000000000 1.000000000000
279 0.697500 1.000000000000 1.000000000000
280 0.700000 1.000000000000 1.000000000000
281 0.702500 1.000000000000 1.000000000000
282 0.705000 1.000000000000 1.000000000000
283 0.707500 1.000000000000 1.000000000000
284 0.710000 1.000000000000 1.000000000000
285 0.712500 1.000000000000 1.000000000000
286 0.715000 1.000000000000 1.000000000000
287 0.717500 1.000000000000 1.000000000000
288 0.720000 1.000000000000 1.000000000000
289 0.722500 1.000000000000 1.000000000000
290 0.725000 1.000000000000 1.000000000000
291 0.727500 1.000000000000 1.000000000000
292 0.730000 1.000000000000 1.000000000000
293 0.732500 1.000000000000 1.000000000000
294 0.735000 1.000000000000 1.000000000000
295 0.737500 1.000000000000 1.000000000000
296 0.740000 1.000000000000 1.000000000000
297 0.742500 1.000000000000 1.000000000000
298 0.745000 1.000000000000 1.000000000000
299 0.747500 1.000000000000 1.000000000000
300 0.750000 1.000000000000 1.000000000000
301 0.752500 1.000000000000 1.000000000000
302 0.755000 1.000000000000 1.000000000000
303 0.757500 1.000000000000 1.000000000000
304 0.760000 1.000000000000 1.000000000000
305 0.762500 1.000000000000 1.000000000000
306 0.765000 1.000000000000 1.000000000000
307 0.767500 1.000000000000 1.000000000000
308 0.770000 1.000000000000 1.000000000000
309 0.772500 1.000000000000 1.000000000000
310 0.775000 1.000000000000 1.000000000000
311 0.777500 1.000000000000 1.000000000000
312 0.780000 1.000000000000 1.000000000000
313 0.782500 1.000000000000 1.000000000000
314 0.785000 1.000000000000 1.000000000000
315 0.787500 1.000000000000 1.000000000000
316 0.790000 1.000000000000 1.000000000000
317 0.792500 1.000000000000 1.000000000000
318 0.795000 1.000000000000 1.000000000000
319 0.797500 1.000000000000 1.000000000000
320 0.800000 1.000000000000 1.000000000000
321 0.802500 1.000000000000 1.000000000000
322 0.805000 1.000000000000 1.000000000000
323 0.807500 1.000000000000 1.000000000000
324 0.810000 1.000000000000 1.000000000000
325 0.812500 1.000000000000 1.000000000000
326 0.815000 1.000000000000 1.000000000000
327 0.817500 1.000000000000 1.000000000000
328 0.820000 1.000000000000 1.000000000000
329 0.822500 1.000000000000 1.000000000000
330 0.825000 1.000000000000 1.000000000000
331 0.827500 1.000000000000 1.000000000000
332 0.830000 1.000000000000 1.000000000000
333 0.832500 1.000000000000 1.000000000000
334 0.835000 1.000000000000 1.000000000000
335 0.837500 1.000000000000 1.000000000000
336 0.840000 1.000000000000 1.000000000000
337 0.842500 1.000000000000 1.000000000000
338 0.845000 1.000000000000 1.000000000000
339 0.847500 1.000000000000 1.000000000000
340 0.850000 1.000000000000 1.000000000000
341 0.852500 1.000000000000 1.000000000000
342 0.855000 1.000000000000 1.000000000000
343 0.857500 1.000000000000 1.000000000000
344 0.860000 1.000000000000 1.000000000000
345 0.862500 1.000000000000 1.000000000000
346 0.865000 1.000000000000 1.000000000000
347 0.867500 1.000000000000 1.000000000000
348 0.870000 1.000000000000 1.000000000000
349 0.872500 1.000000000000 1.000000000000
350 0.875000 1.000000000000 1.000000000000
351 0.877500 1.000000000000 1.000000000000
352 0.880000 1.000000000000 1.000000000000
353 0.882500 1.000000000000 1.000000000000
354 0.885000 1.000000000000 1.000000000000
355 0.887500 1.000000000000 1.000000000000
356 0.890000 1.000000000000 1.000000000000
357 0.892500 1.000000000000 1.000000000000
358 0.895000 1.000000000000 1.000000000000
359 0.897500 1.000000000000 1.000000000000
360 0.900000 1.000000000000 1.000000000000
361 0.902500 1.000000000000 1.000000000000
362 0.905000 1.000000000000 1.000000000000
363 0.907500 1.000000000000 1.000000000000
364 0.910000 1.000000000000 1.000000000000
365 0.912500 1.000000000000 1.000000000000
366 0.915000 1.000000000000 1.000000000000
367 0.917500 1.000000000000 1.000000000000
368 0.920000 1.000000000000 1.000000000000
369 0.922500 1.000000000000 1.000000000000
370 0.925000 1.000000000000 1.000000000000
371 0.927500 1.000000000000 1.000000000000
372 0.930000 1.000000000000 1.000000000000
373 0.932500 1.000000000000 1.000000000000
374 0.935000 1.000000000000 1.000000000000
375 0.937500 1.000000000000 1.000000000000
376 0.940000 1.000000000000 1.000000000000
377 0.942500 1.000000000000 1.000000000000
378 0.945000 1.000000000000 1.000000000000
379 0.947500 1.000000000000 1.000000000000
380 0.950000 1.000000000000 1.000000000000
381 0.952500 1.000000000000 1.000000000000
382 0.955000 1.000000000000 1.000000000000
383 0.957500 1.000000000000 1.000000000000
384 0.960000 1.000000000000 1.000000000000
385 0.962500 1.000000000000 1.000000000000
386 0.965000 1.000000000000 1.000000000000
387 0.967500 1.000000000000 1.000000000000
388 0.970000 1.000000000000 1.000000000000
389 0.972500 1.000000000000 1.000000000000
390 0.975000 1.000000000000 1.000000000000
391 0.977500 1.000000000000 1.000000000000
392 0.980000 1.000000000000 1.000000000000
393 0.982500 1.000000000000 1.000000000000
394 0.985000 1.000000000000 1.000000000000
395 0.987500 1.000000000000 1.000000000000
396 0.990000 1.000000000000 1.000000000000
397 0.992500 1.000000000000 1.000000000000
398 0.995000 1.000000000000 1.000000000000
399 0.997500 1.000000000000 1.000000000000
400 1.000000 1.000000000000 1.000000000000
401 1.002500 0.999999999998 0.999999999998
402 1.005000 0.999999999971 0.999999999971
403 1.007500 0.999999999841 0.999999999841
404 1.010000 0.999999999422 0.999999999422
405 1.012500 0.999999998368 0.999999998368
406 1.015000 0.999999996120 0.999999996120
407 1.017500 0.999999991859 0.999999991859
408 1.020000 0.999999984478 0.999999984478
409 1.022500 0.999999972557 0.999999972557
410 1.025000 0.999999954363 0.999999954363
411 1.027500 0.999999927857 0.999999927857
412 1.030000 0.999999890722 0.999999890722
413 1.032500 0.999999840399 0.999999840399
414 1.035000 0.999999774137 0.999999774137
415 1.037500 0.999999689053 0.999999689053
416 1.040000 0.999999582196 0.999999582196
417 1.042500 0.999999450615 0.999999450615
418 1.045000 0.999999291431 0.999999291431
419 1.047500 0.999999101908 0.999999101908
420 1.050000 0.999998879518 0.999998879518
421 1.052500 0.999998622004 0.999998622004
422 1.055000 0.999998327435 0.999998327435
423 1.057500 0.999997994252 0.999997994252
424 1.060000 0.999997621309 0.999997621309
425 1.062500 0.999997207897 0.999997207897
426 1.065000 0.999996753765 0.999996753765
427 1.067500 0.999996259127 0.999996259127
428 1.070000 0.999995724657 0.999995724657
429 1.072500 0.999995151483 0.999995151483
430 1.075000 0.999994541157 0.999994541157
431 1.077500 0.999993895635 0.999993895635
432 1.080000 0.999993217235 0.999993217235
433 1.082500 0.999992508598 0.999992508598
434 1.085000 0.999991772639 0.999991772639
435 1.087500 0.999991012503 0.999991012503
436 1.090000 0.999990231503 0.999990231503
437 1.092500 0.999989433078 0.999989433078
438 1.095000 0.999988620733 0.999988620733
439 1.097500 0.999987797988 0.999987797988
440 1.100000 0.999986968334 0.999986968334
441 1.102500 0.999986135179 0.999986135179
442 1.105000 0.999985301813 0.999985301813
443 1.107500 0.999984471365 0.999984471365
444 1.110000 0.999983646771 0.999983646771
445 1.112500 0.999982830747 0.999982830747
446 1.115000 0.999982025764 0.999982025764
447 1.117500 0.999981234035 0.999981234035
448 1.120000 0.999980457498 0.999980457498
449 1.122500 0.999979697811 0.999979697811
450 1.125000 0.999978956352 0.999978956352
451 1.127500 0.999978234218 0.999978234218
452 1.130000 0.999977532235 0.999977532235
453 1.132500 0.999976850969 0.999976850969
454 1.135000 0.999976190735 0.999976190735
455 1.137500 0.999975551621 0.999975551621
456 1.140000 0.999974933501 0.999974933501
457 1.142500 0.999974336059 0.999974336059
458 1.145000 0.999973758809 0.999973758809
459 1.147500 0.999973201118 0.999973201118
460 1.150000 0.999972662232 0.999972662232
461 1.152500 0.999972141294 0.999972141294
462 1.155000 0.999971637370 0.999971637370
463 1.157500 0.999971149468 0.999971149468
464 1.160000 0.999970676559 0.999970676559
465 1.162500 0.999970217598 0.999970217598
466 1.165000 0.999969771537 0.999969771537
467 1.167500 0.999969337346 0.999969337346
468 1.170000 0.999968914021 0.999968914021
469 1.172500 0.999968500600 0.999968500600
470 1.175000 0.999968096170 0.999968096170
471 1.177500 0.999967699878 0.999967699878
472 1.180000 0.999967310935 0.999967310935
473 1.182500 0.999966928620 0.999966928620
474 1.185000 0.999966552285 0.999966552285
475 1.187500 0.999966181354 0.999966181354
476 1.190000 0.999965815324 0.999965815324
477 1.192500 0.999965453764 0.999965453764
478 1.195000 0.999965096311 0.999965096311
479 1.197500 0.999964742669 0.999964742669
480 1.200000 0.999964392601 0.999964392601
481 1.202500 0.999964045930 0.999964045930
482 1.205000 0.999963702528 0.999963702528
483 1.207500 0.999963362315 0.999963362315
484 1.210000 0.999963025250 0.999963025250
485 1.212500 0.999962691328 0.999962691328
486 1.215000 0.999962360574 0.999962360574
487 1.217500 0.999962033036 0.999962033036
488 1.220000 0.999961708782 0.999961708782
489 1.222500 0.999961387892 0.999961387892
490 1.225000 0.999961070459 0.999961070459
491 1.227500 0.999960756578 0.999960756578
492 1.230000 0.999960446348 0.999960446348
493 1.232500 0.999960139865 0.999960139865
494 1.235000 0.999959837223 0.999959837223
495 1.237500 0.999959538509 0.999959538509
496 1.240000 0.999959243800 0.999959243800
497 1.242500 0.999958953164 0.999958953164
498 1.245000 0.999958666660 0.999958666660
499 1.247500 0.999958384333 0.999958384333
500 1.250000 0.999958106218 0.999958106218
501 1.252500 0.999957832336 0.999957832336
502 1.255000 0.999957562699 0.999957562699
503 1.257500 0.999957297305 0.999957297305
504 1.260000 0.999957036142 0.999957036142
505 1.262500 0.999956779189 0.999956779189
506 1.265000 0.999956526413 0.999956526413
507 1.267500 0.999956277777 0.999956277777
508 1.270000 0.999956033232 0.999956033232
509 1.272500 0.999955792726 0.999955792726
510 1.275000 0.999955556199 0.999955556199
511 1.277500 0.999955323588 0.999955323588
512 1.280000 0.999955094827 0.999955094827
513 1.282500 0.999954869846 0.999954869846
514 1.285000 0.999954648573 0.999954648573
515 1.287500 0.999954430938 0.999954430938
516 1.290000 0.999954216866 0.999954216866
517 1.292500 0.999954006286 0.999954006286
518 1.295000 0.999953799126 0.999953799126
519 1.297500 0.999953595315 0.999953595315
520 1.300000 0.999953394784 0.999953394784
521 1.302500 0.999953197466 0.999953197466
522 1.305000 0.999953003296 0.999953003296
523 1.307500 0.999952812209 0.999952812209
524 1.310000 0.999952624146 0.999952624146
525 1.312500 0.999952439047 0.999952439047
526 1.315000 0.999952256856 0.999952256856
527 1.317500 0.999952077519 0.999952077519
528 1.320000 0.999951900982 0.999951900982
529 1.322500 0.999951727197 0.999951727197
530 1.325000 0.999951556115 0.999951556115
531 1.327500 0.999951387688 0.999951387688
532 1.330000 0.999951221873 0.999951221873
533 1.332500 0.999951058626 0.999951058626
534 1.335000 0.999950897905 0.999950897905
535 1.337500 0.999950739669 0.999950739669
536 1.340000 0.999950583879 0.999950583879
537 1.342500 0.999950430495 0.999950430495
538 1.345000 0.999950279481 0.999950279481
539 1.347500 0.999950130800 0.999950130800
540 1.350000 0.999949984414 0.999949984414
541 1.352500 0.999949840289 0.999949840289
542 1.355000 0.999949698390 0.999949698390
543 1.357500 0.999949558683 0.999949558683
544 1.360000 0.999949421133 0.999949421133
545 1.362500 0.999949285707 0.999949285707
546 1.365000 0.999949152372 0.999949152372
547 1.367500 0.999949021096 0.999949021096
548 1.370000 0.999948891846 0.999948891846
549 1.372500 0.999948764592 0.999948764592
550 1.375000 0.999948639302 0.999948639302
551 1.377500 0.999948515945 0.999948515945
552 1.380000 0.999948394491 0.999948394491
553 1.382500 0.999948274911 0.999948274911
554 1.385000 0.999948157174 0.999948157174
555 1.387500 0.999948041254 0.999948041254
556 1.390000 0.999947927120 0.999947927120
557 1.392500 0.999947814745 0.999947814745
558 1.395000 0.999947704103 0.999947704103
559 1.397500 0.999947595165 0.999947595165
560 1.400000 0.999947487907 0.999947487907
561 1.402500 0.999947382301 0.999947382301
562 1.405000 0.999947278323 0.999947278323
563 1.407500 0.999947175948 0.999947175948
564 1.410000 0.999947075151 0.999947075151
565 1.412500 0.999946975909 0.999946975909
566 1.415000 0.999946878197 0.999946878197
567 1.417500 0.999946781994 0.999946781994
568 1.420000 0.999946687275 0.999946687275
569 1.422500 0.999946594019 0.999946594019
570 1.425000 0.999946502203 0.999946502203
571 1.427500 0.999946411806 0.999946411806
572 1.430000 0.999946322807 0.999946322807
573 1.432500 0.999946235185 0.999946235185
574 1.435000 0.999946148919 0.999946148919
575 1.437500 0.999946063989 0.999946063989
576 1.440000 0.999945980374 0.999945980374
577 1.442500 0.999945898055 0.999945898055
578 1.445000 0.999945817012 0.999945817012
579 1.447500 0.999945737225 0.999945737225
580 1.450000 0.999945658677 0.999945658677
581 1.452500 0.999945581347 0.999945581347
582 1.455000 0.999945505218 0.999945505218
583 1.457500 0.999945430270 0.999945430270
584 1.460000 0.999945356486 0.999945356486
585 1.462500 0.999945283848 0.999945283848
586 1.465000 0.999945212338 0.999945212338
587 1.467500 0.999945141939 0.999945141939
588 1.470000 0.999945072632 0.999945072632
589 1.472500 0.999945004402 0.999945004402
590 1.475000 0.999944937232 0.999944937232
591 1.477500 0.999944871104 0.999944871104
592 1.480000 0.999944806003 0.999944806003
593 1.482500 0.999944741912 0.999944741912
594 1.485000 0.999944678815 0.999944678815
595 1.487500 0.999944616698 0.999944616698
596 1.490000 0.999944555543 0.999944555543
597 1.492500 0.999944495337 0.999944495337
598 1.495000 0.999944436065 0.999944436065
599 1.497500 0.999944377711 0.999944377711
600 1.500000 0.999944320261 0.999944320261
601 1.502500 0.999944263701 0.999944263701
602 1.505000 0.999944208017 0.999944208017
603 1.507500 0.999944153195 0.999944153195
604 1.510000 0.999944099222 0.999944099222
605 1.512500 0.999944046084 0.999944046084
606 1.515000 0.999943993768 0.999943993768
607 1.517500 0.999943942262 0.999943942262
608 1.520000 0.999943891553 0.999943891553
609 1.522500 0.999943841629 0.999943841629
610 1.525000 0.999943792476 0.999943792476
611 1.527500 0.999943744084 0.999943744084
612 1.530000 0.999943696440 0.999943696440
613 1.532500 0.999943649533 0.999943649533
614 1.535000 0.999943603351 0.999943603351
615 1.537500 0.999943557884 0.999943557884
616 1.540000 0.999943513120 0.999943513120
617 1.542500 0.999943469048 0.999943469048
618 1.545000 0.999943425657 0.999943425657
619 1.547500 0.999943382938 0.999943382938
620 1.550000 0.999943340880 0.999943340880
621 1.552500 0.999943299472 0.999943299472
622 1.555000 0.999943258704 0.999943258704
623 1.557500 0.999943218568 0.999943218568
624 1.560000 0.999943179052 0.999943179052
625 1.562500 0.999943140148 0.999943140148
626 1.565000 0.999943101846 0.999943101846
627 1.567500 0.999943064136 0.999943064136
628 1.570000 0.999943027010 0.999943027010
629 1.572500 0.999942990459 0.999942990459
630 1.575000 0.999942954473 0.999942954473
631 1.577500 0.999942919044 0.999942919044
632 1.580000 0.999942884164 0.999942884164
633 1.582500 0.999942849823 0.999942849823
634 1.585000 0.999942816014 0.999942816014
635 1.587500 0.999942782729 0.999942782729
636 1.590000 0.999942749958 0.999942749958
637 1.592500 0.999942717695 0.999942717695
638 1.595000 0.999942685931 0.999942685931
639 1.597500 0.999942654659 0.999942654659
640 1.600000 0.999942623871 0.999942623871
641 1.602500 0.999942593559 0.999942593559
642 1.605000 0.999942563717 0.999942563717
643 1.607500 0.999942534336 0.999942534336
644 1.610000 0.999942505410 0.999942505410
645 1.612500 0.999942476932 0.999942476932
646 1.615000 0.999942448895 0.999942448895
647 1.617500 0.999942421291 0.999942421291
648 1.620000 0.999942394115 0.999942394115
649 1.622500 0.999942367359 0.999942367359
650 1.625000 0.999942341017 0.999942341017
651 1.627500 0.999942315083 0.999942315083
652 1.630000 0.999942289549 0.999942289549
653 1.632500 0.999942264411 0.999942264411
654 1.635000 0.999942239662 0.999942239662
655 1.637500 0.999942215296 0.999942215296
656 1.640000 0.999942191307 0.999942191307
657 1.642500 0.999942167688 0.999942167688
658 1.645000 0.999942144435 0.999942144435
659 1.647500 0.999942121542 0.999942121542
660 1.650000 0.999942099003 0.999942099003
661 1.652500 0.999942076812 0.999942076812
662 1.655000 0.999942054965 0.999942054965
663 1.657500 0.999942033455 0.999942033455
664 1.660000 0.999942012278 0.999942012278
665 1.662500 0.999941991429 0.999941991429
666 1.665000 0.999941970902 0.999941970902
667 1.667500 0.999941950693 0.999941950693
668 1.670000 0.999941930796 0.999941930796
669 1.672500 0.999941911206 0.999941911206
670 1.675000 0.999941891920 0.999941891920
671 1.677500 0.999941872932 0.999941872932
672 1.680000 0.999941854237 0.999941854237
673 1.682500 0.999941835832 0.999941835832
674 1.685000 0.999941817711 0.999941817711
675 1.687500 0.999941799870 0.999941799870
676 1.690000 0.999941782305 0.999941782305
677 1.692500 0.999941765011 0.999941765011
678 1.695000 0.999941747985 0.999941747985
679 1.697500 0.999941731222 0.999941731222
680 1.700000 0.999941714718 0.999941714718
681 1.702500 0.999941698469 0.999941698469
682 1.705000 0.999941682472 0.999941682472
683 1.707500 0.999941666722 0.999941666722
684 1.710000 0.999941651215 0.999941651215
685 1.712500 0.999941635947 0.999941635947
686 1.715000 0.999941620916 0.999941620916
687 1.717500 0.999941606117 0.999941606117
688 1.720000 0.999941591547 0.999941591547
689 1.722500 0.999941577202 0.999941577202
690 1.725000 0.999941563078 0.999941563078
691 1.727500 0.999941549173 0.999941549173
692 1.730000 0.999941535483 0.999941535483
693 1.732500 0.999941522004 0.999941522004
694 1.735000 0.999941508733 0.999941508733
695 1.737500 0.999941495668 0.999941495668
696 1.740000 0.999941482804 0.999941482804
697 1.742500 0.999941470139 0.999941470139
698 1.745000 0.999941457670 0.999941457670
699 1.747500 0.999941445393 0.999941445393
700 1.750000 0.999941433306 0.999941433306
701 1.752500 0.999941421405 0.999941421405
702 1.755000 0.999941409688 0.999941409688
703 1.757500 0.999941398153 0.999941398153
704 1.760000 0.999941386795 0.999941386795
705 1.762500 0.999941375613 0.999941375613
706 1.765000 0.999941364603 0.999941364603
707 1.767500 0.999941353764 0.999941353764
708 1.770000 0.999941343091 0.999941343091
709 1.772500 0.999941332584 0.999941332584
710 1.775000 0.999941322239 0.999941322239
711 1.777500 0.999941312053 0.999941312053
712 1.780000 0.999941302025 0.999941302025
713 1.782500 0.999941292151 0.999941292151
714 1.785000 0.999941282430 0.999941282430
715 1.787500 0.999941272859 0.999941272859
716 1.790000 0.999941263435 0.999941263435
717 1.792500 0.999941254157 0.999941254157
718 1.795000 0.999941245022 0.999941245022
719 1.797500 0.999941236029 0.999941236029
720 1.800000 0.999941227173 0.999941227173
721 1.802500 0.999941218455 0.999941218455
722 1.805000 0.999941209871 0.999941209871
723 1.807500 0.999941201419 0.999941201419
724 1.810000 0.999941193098 0.999941193098
725 1.812500 0.999941184905 0.999941184905
726 1.815000 0.999941176838 0.999941176838
727 1.817500 0.999941168896 0.999941168896
728 1.820000 0.999941161076 0.999941161076
729 1.822500 0.999941153377 0.999941153377
730 1.825000 0.999941145797 0.999941145797
731 1.827500 0.999941138333 0.999941138333
732 1.830000 0.999941130985 0.999941130985
733 1.832500 0.999941123749 0.999941123749
734 1.835000 0.999941116626 0.999941116626
735 1.837500 0.999941109612 0.999941109612
736 1.840000 0.999941102706 0.999941102706
737 1.842500 0.999941095906 0.999941095906
738 1.845000 0.999941089212 0.999941089212
739 1.847500 0.999941082620 0.999941082620
740 1.850000 0.999941076130 0.999941076130
741 1.852500 0.999941069740 0.999941069740
742 1.855000 0.999941063449 0.999941063449
743 1.857500 0.999941057254 0.999941057254
744 1.860000 0.999941051155 0.999941051155
745 1.862500 0.999941045149 0.999941045149
746 1.865000 0.999941039236 0.999941039236
747 1.867500 0.999941033414 0.999941033414
748 1.870000 0.999941027682 0.999941027682
749 1.872500 0.999941022038 0.999941022038
750 1.875000 0.999941016481 0.999941016481
751 1.877500 0.999941011009 0.999941011009
752 1.880000 0.999941005622 0.999941005622
753 1.882500 0.999941000317 0.999941000317
754 1.885000 0.999940995094 0.999940995094
755 1.887500 0.999940989951 0.999940989951
756 1.890000 0.999940984888 0.999940984888
757 1.892500 0.999940979902 0.999940979902
758 1.895000 0.999940974993 0.999940974993
759 1.897500 0.999940970160 0.999940970160
760 1.900000 0.999940965400 0.999940965400
761 1.902500 0.999940960714 0.999940960714
762 1.905000 0.999940956100 0.999940956100
763 1.907500 0.999940951557 0.999940951557
764 1.910000 0.999940947084 0.999940947084
765 1.912500 0.999940942679 0.999940942679
766 1.915000 0.999940938342 0.999940938342
767 1.917500 0.999940934072 0.999940934072
768 1.920000 0.999940929867 0.999940929867
769 1.922500 0.999940925727 0.999940925727
770 1.925000 0.999940921650 0.999940921650
771 1.927500 0.999940917636 0.999940917636
772 1.930000 0.999940913684 0.999940913684
773 1.932500 0.999940909792 0.999940909792
774 1.935000 0.999940905960 0.999940905960
775 1.937500 0.999940902187 0.999940902187
776 1.940000 0.999940898472 0.999940898472
777 1.942500 0.999940894813 0.999940894813
778 1.945000 0.999940891211 0.999940891211
779 1.947500 0.999940887664 0.999940887664
780 1.950000 0.999940884171 0.999940884171
781 1.952500 0.999940880732 0.999940880732
782 1.955000 0.999940877346 0.999940877346
783 1.957500 0.999940874011 0.999940874011
784 1.960000 0.999940870728 0.999940870728
785 1.962500 0.999940867495 0.999940867495
786 1.965000 0.999940864311 0.999940864311
787 1.967500 0.999940861176 0.999940861176
788 1.970000 0.999940858089 0.999940858089
789 1.972500 0.999940855050 0.999940855050
790 1.975000 0.999940852056 0.999940852056
791 1.977500 0.999940849109 0.999940849109
792 1.980000 0.999940846207 0.999940846207
793 1.982500 0.999940843349 0.999940843349
794 1.985000 0.999940840535 0.999940840535
795 1.987500 0.999940837764 0.999940837764
796 1.990000 0.999940835035 0.999940835035
797 1.992500 0.999940832348 0.999940832348
798 1.995000 0.999940829702 0.999940829702
799 1.997500 0.999940827096 0.999940827096
800 2.000000 0.999940824531 0.999940824531
801 2.002500 0.999940822005 0.999940822005
802 2.005000 0.999940819534 0.999940819534
803 2.007500 0.999940817166 0.999940817166
804 2.010000 0.999940815016 0.999940815016
805 2.012500 0.999940813301 0.999940813301
806 2.015000 0.999940812373 0.999940812373
807 2.017500 0.999940812742 0.999940812742
808 2.020000 0.999940815105 0.999940815105
809 2.022500 0.999940820350 0.999940820350
810 2.025000 0.999940829567 0.999940829567
811 2.027500 0.999940844032 0.999940844032
812 2.030000 0.999940865200 0.999940865200
813 2.032500 0.999940894676 0.999940894676
814 2.035000 0.999940934185 0.999940934185
815 2.037500 0.999940985537 0.999940985537
816 2.040000 0.999941050583 0.999941050583
817 2.042500 0.999941131174 0.999941131174
818 2.045000 0.999941229116 0.999941229116
819 2.047500 0.999941346127 0.999941346127
820 2.050000 0.999941483792 0.999941483792
821 2.052500 0.999941643529 0.999941643529
822 2.055000 0.999941826548 0.999941826548
823 2.057500 0.999942033827 0.999942033827
824 2.060000 0.999942266087 0.999942266087
825 2.062500 0.999942523773 0.999942523773
826 2.065000 0.999942807041 0.999942807041
827 2.067500 0.999943115758 0.999943115758
828 2.070000 0.999943449502 0.999943449502
829 2.072500 0.999943807565 0.999943807565
830 2.075000 0.999944188973 0.999944188973
831 2.077500 0.999944592500 0.999944592500
832 2.080000 0.999945016691 0.999945016691
833 2.082500 0.999945459889 0.999945459889
834 2.085000 0.999945920264 0.999945920264
835 2.087500 0.999946395846 0.999946395846
836 2.090000 0.999946884552 0.999946884552
837 2.092500 0.999947384227 0.999947384227
838 2.095000 0.999947892671 0.999947892671
839 2.097500 0.999948407674 0.999948407674
840 2.100000 0.999948927046 0.999948927046
841 2.102500 0.999949448648 0.999949448648
842 2.105000 0.999949970414 0.999949970414
843 2.107500 0.999950490382 0.999950490382
844 2.110000 0.999951006709 0.999951006709
845 2.112500 0.999951517688 0.999951517688
846 2.115000 0.999952021768 0.999952021768
847 2.117500 0.999952517562 0.999952517562
848 2.120000 0.999953003850 0.999953003850
849 2.122500 0.999953479593 0.999953479593
850 2.125000 0.999953943924 0.999953943924
851 2.127500 0.999954396154 0.999954396154
852 2.130000 0.999954835764 0.999954835764
853 2.132500 0.999955262397 0.999955262397
854 2.135000 0.999955675854 0.999955675854
855 2.137500 0.999956076080 0.999956076080
856 2.140000 0.999956463152 0.999956463152
857 2.142500 0.999956837269 0.999956837269
858 2.145000 0.999957198732 0.999957198732
859 2.147500 0.999957547939 0.999957547939
860 2.150000 0.999957885362 0.999957885362
861 2.152500 0.999958211538 0.999958211538
862 2.155000 0.999958527052 0.999958527052
863 2.157500 0.999958832526 0.999958832526
864 2.160000 0.999959128605 0.999959128605
865 2.162500 0.999959415943 0.999959415943
866 2.165000 0.999959695197 0.999959695197
867 2.167500 0.999959967015 0.999959967015
868 2.170000 0.999960232024 0.999960232024
869 2.172500 0.999960490829 0.999960490829
870 2.175000 0.999960744001 0.999960744001
871 2.177500 0.999960992075 0.999960992075
872 2.180000 0.999961235547 0.999961235547
873 2.182500 0.999961474868 0.999961474868
874 2.185000 0.999961710445 0.999961710445
875 2.187500 0.999961942640 0.999961942640
876 2.190000 0.999962171766 0.999962171766
877 2.192500 0.999962398096 0.999962398096
878 2.195000 0.999962621856 0.999962621856
879 2.197500 0.999962843232 0.999962843232
880 2.200000 0.999963062373 0.999963062373
881 2.202500 0.999963279390 0.999963279390
882 2.205000 0.999963494363 0.999963494363
883 2.207500 0.999963707343 0.999963707343
884 2.210000 0.999963918354 0.999963918354
885 2.212500 0.999964127400 0.999964127400
886 2.215000 0.999964334466 0.999964334466
887 2.217500 0.999964539521 0.999964539521
888 2.220000 0.999964742524 0.999964742524
889 2.222500 0.999964943421 0.999964943421
890 2.225000 0.999965142158 0.999965142158
891 2.227500 0.999965338672 0.999965338672
892 2.230000 0.999965532903 0.999965532903
893 2.232500 0.999965724789 0.999965724789
894 2.235000 0.999965914272 0.999965914272
895 2.237500 0.999966101298 0.999966101298
896 2.240000 0.999966285818 0.999966285818
897 2.242500 0.999966467788 0.999966467788
898 2.245000 0.999966647172 0.999966647172
899 2.247500 0.999966823942 0.999966823942
900 2.250000 0.999966998076 0.999966998076
901 2.252500 0.999967169559 0.999967169559
902 2.255000 0.999967338385 0.999967338385
903 2.257500 0.999967504555 0.999967504555
904 2.260000 0.999967668076 0.999967668076
905 2.262500 0.999967828962 0.999967828962
906 2.265000 0.999967987231 0.999967987231
907 2.267500 0.999968142909 0.999968142909
908 2.270000 0.999968296026 0.999968296026
909 2.272500 0.999968446614 0.999968446614
910 2.275000 0.999968594710 0.999968594710
911 2.277500 0.999968740354 0.999968740354
912 2.280000 0.999968883588 0.999968883588
913 2.282500 0.999969024454 0.999969024454
914 2.285000 0.999969162999 0.999969162999
915 2.287500 0.999969299266 0.999969299266
916 2.290000 0.999969433302 0.999969433302
917 2.292500 0.999969565151 0.999969565151
918 2.295000 0.999969694859 0.999969694859
919 2.297500 0.999969822469 0.999969822469
920 2.300000 0.999969948026 0.999969948026
921 2.302500 0.999970071571 0.999970071571
922 2.305000 0.999970193145 0.999970193145
923 2.307500 0.999970312788 0.999970312788
924 2.310000 0.999970430538 0.999970430538
925 2.312500 0.999970546431 0.999970546431
926 2.315000 0.999970660504 0.999970660504
927 2.317500 0.999970772791 0.999970772791
928 2.320000 0.999970883323 0.999970883323
929 2.322500 0.999970992132 0.999970992132
930 2.325000 0.999971099249 0.999971099249
931 2.327500 0.999971204703 0.999971204703
932 2.330000 0.999971308522 0.999971308522
933 2.332500 0.999971410733 0.999971410733
934 2.335000 0.999971511362 0.999971511362
935 2.337500 0.999971610435 0.999971610435
936 2.340000 0.999971707977 0.999971707977
937 2.342500 0.999971804011 0.999971804011
938 2.345000 0.999971898562 0.999971898562
939 2.347500 0.999971991652 0.999971991652
940 2.350000 0.999972083304 0.999972083304
941 2.352500 0.999972173541 0.999972173541
942 2.355000 0.999972262384 0.999972262384
943 2.357500 0.999972349855 0.999972349855
