# l[50]( l_50(t) ) connection: point27-point28
# n t l_50(t)      l_differential_50(t)
0 0.000000 1.000000000000 1.000000000000
1 0.002500 1.000000000000 1.000000000000
2 0.005000 1.000000000000 1.000000000000
3 0.007500 1.000000000000 1.000000000000
4 0.010000 1.000000000000 1.000000000000
5 0.012500 1.000000000000 1.000000000000
6 0.015000 1.000000000000 1.000000000000
7 0.017500 1.000000000000 1.000000000000
8 0.020000 1.000000000000 1.000000000000
9 0.022500 1.000000000000 1.000000000000
10 0.025000 1.000000000000 1.000000000000
11 0.027500 1.000000000000 1.000000000000
12 0.030000 1.000000000000 1.000000000000
13 0.032500 1.000000000000 1.000000000000
14 0.035000 1.000000000000 1.000000000000
15 0.037500 1.000000000000 1.000000000000
16 0.040000 1.000000000000 1.000000000000
17 0.042500 1.000000000000 1.000000000000
18 0.045000 1.000000000000 1.000000000000
19 0.047500 1.000000000000 1.000000000000
20 0.050000 1.000000000000 1.000000000000
21 0.052500 1.000000000000 1.000000000000
22 0.055000 1.000000000000 1.000000000000
23 0.057500 1.000000000000 1.000000000000
24 0.060000 1.000000000000 1.000000000000
25 0.062500 1.000000000000 1.000000000000
26 0.065000 1.000000000000 1.000000000000
27 0.067500 1.000000000000 1.000000000000
28 0.070000 1.000000000000 1.000000000000
29 0.072500 1.000000000000 1.000000000000
30 0.075000 1.000000000000 1.000000000000
31 0.077500 1.000000000000 1.000000000000
32 0.080000 1.000000000000 1.000000000000
33 0.082500 1.000000000000 1.000000000000
34 0.085000 1.000000000000 1.000000000000
35 0.087500 1.000000000000 1.000000000000
36 0.090000 1.000000000000 1.000000000000
37 0.092500 1.000000000000 1.000000000000
38 0.095000 1.000000000000 1.000000000000
39 0.097500 1.000000000000 1.000000000000
40 0.100000 1.000000000000 1.000000000000
41 0.102500 1.000000000000 1.000000000000
42 0.105000 1.000000000000 1.000000000000
43 0.107500 1.000000000000 1.000000000000
44 0.110000 1.000000000000 1.000000000000
45 0.112500 1.000000000000 1.000000000000
46 0.115000 1.000000000000 1.000000000000
47 0.117500 1.000000000000 1.000000000000
48 0.120000 1.000000000000 1.000000000000
49 0.122500 1.000000000000 1.000000000000
50 0.125000 1.000000000000 1.000000000000
51 0.127500 1.000000000000 1.000000000000
52 0.130000 1.000000000000 1.000000000000
53 0.132500 1.000000000000 1.000000000000
54 0.135000 1.000000000000 1.000000000000
55 0.137500 1.000000000000 1.000000000000
56 0.140000 1.000000000000 1.000000000000
57 0.142500 1.000000000000 1.000000000000
58 0.145000 1.000000000000 1.000000000000
59 0.147500 1.000000000000 1.000000000000
60 0.150000 1.000000000000 1.000000000000
61 0.152500 1.000000000000 1.000000000000
62 0.155000 1.000000000000 1.000000000000
63 0.157500 1.000000000000 1.000000000000
64 0.160000 1.000000000000 1.000000000000
65 0.162500 1.000000000000 1.000000000000
66 0.165000 1.000000000000 1.000000000000
67 0.167500 1.000000000000 1.000000000000
68 0.170000 1.000000000000 1.000000000000
69 0.172500 1.000000000000 1.000000000000
70 0.175000 1.000000000000 1.000000000000
71 0.177500 1.000000000000 1.000000000000
72 0.180000 1.000000000000 1.000000000000
73 0.182500 1.000000000000 1.000000000000
74 0.185000 1.000000000000 1.000000000000
75 0.187500 1.000000000000 1.000000000000
76 0.190000 1.000000000000 1.000000000000
77 0.192500 1.000000000000 1.000000000000
78 0.195000 1.000000000000 1.000000000000
79 0.197500 1.000000000000 1.000000000000
80 0.200000 1.000000000000 1.000000000000
81 0.202500 1.000000000000 1.000000000000
82 0.205000 1.000000000000 1.000000000000
83 0.207500 1.000000000000 1.000000000000
84 0.210000 1.000000000000 1.000000000000
85 0.212500 1.000000000000 1.000000000000
86 0.215000 1.000000000000 1.000000000000
87 0.217500 1.000000000000 1.000000000000
88 0.220000 1.000000000000 1.000000000000
89 0.222500 1.000000000000 1.000000000000
90 0.225000 1.000000000000 1.000000000000
91 0.227500 1.000000000000 1.000000000000
92 0.230000 1.000000000000 1.000000000000
93 0.232500 1.000000000000 1.000000000000
94 0.235000 1.000000000000 1.000000000000
95 0.237500 1.000000000000 1.000000000000
96 0.240000 1.000000000000 1.000000000000
97 0.242500 1.000000000000 1.000000000000
98 0.245000 1.000000000000 1.000000000000
99 0.247500 1.000000000000 1.000000000000
100 0.250000 1.000000000000 1.000000000000
101 0.252500 1.000000000000 1.000000000000
102 0.255000 1.000000000000 1.000000000000
103 0.257500 1.000000000000 1.000000000000
104 0.260000 1.000000000000 1.000000000000
105 0.262500 1.000000000000 1.000000000000
106 0.265000 1.000000000000 1.000000000000
107 0.267500 1.000000000000 1.000000000000
108 0.270000 1.000000000000 1.000000000000
109 0.272500 1.000000000000 1.000000000000
110 0.275000 1.000000000000 1.000000000000
111 0.277500 1.000000000000 1.000000000000
112 0.280000 1.000000000000 1.000000000000
113 0.282500 1.000000000000 1.000000000000
114 0.285000 1.000000000000 1.000000000000
115 0.287500 1.000000000000 1.000000000000
116 0.290000 1.000000000000 1.000000000000
117 0.292500 1.000000000000 1.000000000000
118 0.295000 1.000000000000 1.000000000000
119 0.297500 1.000000000000 1.000000000000
120 0.300000 1.000000000000 1.000000000000
121 0.302500 1.000000000000 1.000000000000
122 0.305000 1.000000000000 1.000000000000
123 0.307500 1.000000000000 1.000000000000
124 0.310000 1.000000000000 1.000000000000
125 0.312500 1.000000000000 1.000000000000
126 0.315000 1.000000000000 1.000000000000
127 0.317500 1.000000000000 1.000000000000
128 0.320000 1.000000000000 1.000000000000
129 0.322500 1.000000000000 1.000000000000
130 0.325000 1.000000000000 1.000000000000
131 0.327500 1.000000000000 1.000000000000
132 0.330000 1.000000000000 1.000000000000
133 0.332500 1.000000000000 1.000000000000
134 0.335000 1.000000000000 1.000000000000
135 0.337500 1.000000000000 1.000000000000
136 0.340000 1.000000000000 1.000000000000
137 0.342500 1.000000000000 1.000000000000
138 0.345000 1.000000000000 1.000000000000
139 0.347500 1.000000000000 1.000000000000
140 0.350000 1.000000000000 1.000000000000
141 0.352500 1.000000000000 1.000000000000
142 0.355000 1.000000000000 1.000000000000
143 0.357500 1.000000000000 1.000000000000
144 0.360000 1.000000000000 1.000000000000
145 0.362500 1.000000000000 1.000000000000
146 0.365000 1.000000000000 1.000000000000
147 0.367500 1.000000000000 1.000000000000
148 0.370000 1.000000000000 1.000000000000
149 0.372500 1.000000000000 1.000000000000
150 0.375000 1.000000000000 1.000000000000
151 0.377500 1.000000000000 1.000000000000
152 0.380000 1.000000000000 1.000000000000
153 0.382500 1.000000000000 1.000000000000
154 0.385000 1.000000000000 1.000000000000
155 0.387500 1.000000000000 1.000000000000
156 0.390000 1.000000000000 1.000000000000
157 0.392500 1.000000000000 1.000000000000
158 0.395000 1.000000000000 1.000000000000
159 0.397500 1.000000000000 1.000000000000
160 0.400000 1.000000000000 1.000000000000
161 0.402500 1.000000000000 1.000000000000
162 0.405000 1.000000000000 1.000000000000
163 0.407500 1.000000000000 1.000000000000
164 0.410000 1.000000000000 1.000000000000
165 0.412500 1.000000000000 1.000000000000
166 0.415000 1.000000000000 1.000000000000
167 0.417500 1.000000000000 1.000000000000
168 0.420000 1.000000000000 1.000000000000
169 0.422500 1.000000000000 1.000000000000
170 0.425000 1.000000000000 1.000000000000
171 0.427500 1.000000000000 1.000000000000
172 0.430000 1.000000000000 1.000000000000
173 0.432500 1.000000000000 1.000000000000
174 0.435000 1.000000000000 1.000000000000
175 0.437500 1.000000000000 1.000000000000
176 0.440000 1.000000000000 1.000000000000
177 0.442500 1.000000000000 1.000000000000
178 0.445000 1.000000000000 1.000000000000
179 0.447500 1.000000000000 1.000000000000
180 0.450000 1.000000000000 1.000000000000
181 0.452500 1.000000000000 1.000000000000
182 0.455000 1.000000000000 1.000000000000
183 0.457500 1.000000000000 1.000000000000
184 0.460000 1.000000000000 1.000000000000
185 0.462500 1.000000000000 1.000000000000
186 0.465000 1.000000000000 1.000000000000
187 0.467500 1.000000000000 1.000000000000
188 0.470000 1.000000000000 1.000000000000
189 0.472500 1.000000000000 1.000000000000
190 0.475000 1.000000000000 1.000000000000
191 0.477500 1.000000000000 1.000000000000
192 0.480000 1.000000000000 1.000000000000
193 0.482500 1.000000000000 1.000000000000
194 0.485000 1.000000000000 1.000000000000
195 0.487500 1.000000000000 1.000000000000
196 0.490000 1.000000000000 1.000000000000
197 0.492500 1.000000000000 1.000000000000
198 0.495000 1.000000000000 1.000000000000
199 0.497500 1.000000000000 1.000000000000
200 0.500000 1.000000000000 1.000000000000
201 0.502500 1.000000000000 1.000000000000
202 0.505000 1.000000000000 1.000000000000
203 0.507500 1.000000000000 1.000000000000
204 0.510000 1.000000000000 1.000000000000
205 0.512500 1.000000000000 1.000000000000
206 0.515000 1.000000000000 1.000000000000
207 0.517500 1.000000000000 1.000000000000
208 0.520000 1.000000000000 1.000000000000
209 0.522500 1.000000000000 1.000000000000
210 0.525000 1.000000000000 1.000000000000
211 0.527500 1.000000000000 1.000000000000
212 0.530000 1.000000000000 1.000000000000
213 0.532500 1.000000000000 1.000000000000
214 0.535000 1.000000000000 1.000000000000
215 0.537500 1.000000000000 1.000000000000
216 0.540000 1.000000000000 1.000000000000
217 0.542500 1.000000000000 1.000000000000
218 0.545000 1.000000000000 1.000000000000
219 0.547500 1.000000000000 1.000000000000
220 0.550000 1.000000000000 1.000000000000
221 0.552500 1.000000000000 1.000000000000
222 0.555000 1.000000000000 1.000000000000
223 0.557500 1.000000000000 1.000000000000
224 0.560000 1.000000000000 1.000000000000
225 0.562500 1.000000000000 1.000000000000
226 0.565000 1.000000000000 1.000000000000
227 0.567500 1.000000000000 1.000000000000
228 0.570000 1.000000000000 1.000000000000
229 0.572500 1.000000000000 1.000000000000
230 0.575000 1.000000000000 1.000000000000
231 0.577500 1.000000000000 1.000000000000
232 0.580000 1.000000000000 1.000000000000
233 0.582500 1.000000000000 1.000000000000
234 0.585000 1.000000000000 1.000000000000
235 0.587500 1.000000000000 1.000000000000
236 0.590000 1.000000000000 1.000000000000
237 0.592500 1.000000000000 1.000000000000
238 0.595000 1.000000000000 1.000000000000
239 0.597500 1.000000000000 1.000000000000
240 0.600000 1.000000000000 1.000000000000
241 0.602500 1.000000000000 1.000000000000
242 0.605000 1.000000000000 1.000000000000
243 0.607500 1.000000000000 1.000000000000
244 0.610000 1.000000000000 1.000000000000
245 0.612500 1.000000000000 1.000000000000
246 0.615000 1.000000000000 1.000000000000
247 0.617500 1.000000000000 1.000000000000
248 0.620000 1.000000000000 1.000000000000
249 0.622500 1.000000000000 1.000000000000
250 0.625000 1.000000000000 1.000000000000
251 0.627500 1.000000000000 1.000000000000
252 0.630000 1.000000000000 1.000000000000
253 0.632500 1.000000000000 1.000000000000
254 0.635000 1.000000000000 1.000000000000
255 0.637500 1.000000000000 1.000000000000
256 0.640000 1.000000000000 1.000000000000
257 0.642500 1.000000000000 1.000000000000
258 0.645000 1.000000000000 1.000000000000
259 0.647500 1.000000000000 1.000000000000
260 0.650000 1.000000000000 1.000000000000
261 0.652500 1.000000000000 1.000000000000
262 0.655000 1.000000000000 1.000000000000
263 0.657500 1.000000000000 1.000000000000
264 0.660000 1.000000000000 1.000000000000
265 0.662500 1.000000000000 1.000000000000
266 0.665000 1.000000000000 1.000000000000
267 0.667500 1.000000000000 1.000000000000
268 0.670000 1.000000000000 1.000000000000
269 0.672500 1.000000000000 1.000000000000
270 0.675000 1.000000000000 1.000000000000
271 0.677500 1.000000000000 1.000000000000
272 0.680000 1.000000000000 1.000000000000
273 0.682500 1.000000000000 1.000000000000
274 0.685000 1.000000000000 1.000000000000
275 0.687500 1.000000000000 1.000000000000
276 0.690000 1.000000000000 1.000000000000
277 0.692500 1.000000000000 1.000000000000
278 0.695000 1.000000000000 1.000000000000
279 0.697500 1.000000000000 1.000000000000
280 0.700000 1.000000000000 1.000000000000
281 0.702500 1.000000000000 1.000000000000
282 0.705000 1.000000000000 1.000000000000
283 0.707500 1.000000000000 1.000000000000
284 0.710000 1.000000000000 1.000000000000
285 0.712500 1.000000000000 1.000000000000
286 0.715000 1.000000000000 1.000000000000
287 0.717500 1.000000000000 1.000000000000
288 0.720000 1.000000000000 1.000000000000
289 0.722500 1.000000000000 1.000000000000
290 0.725000 1.000000000000 1.000000000000
291 0.727500 1.000000000000 1.000000000000
292 0.730000 1.000000000000 1.000000000000
293 0.732500 1.000000000000 1.000000000000
294 0.735000 1.000000000000 1.000000000000
295 0.737500 1.000000000000 1.000000000000
296 0.740000 1.000000000000 1.000000000000
297 0.742500 1.000000000000 1.000000000000
298 0.745000 1.000000000000 1.000000000000
299 0.747500 1.000000000000 1.000000000000
300 0.750000 1.000000000000 1.000000000000
301 0.752500 1.000000000000 1.000000000000
302 0.755000 1.000000000000 1.000000000000
303 0.757500 1.000000000000 1.000000000000
304 0.760000 1.000000000000 1.000000000000
305 0.762500 1.000000000000 1.000000000000
306 0.765000 1.000000000000 1.000000000000
307 0.767500 1.000000000000 1.000000000000
308 0.770000 1.000000000000 1.000000000000
309 0.772500 1.000000000000 1.000000000000
310 0.775000 1.000000000000 1.000000000000
311 0.777500 1.000000000000 1.000000000000
312 0.780000 1.000000000000 1.000000000000
313 0.782500 1.000000000000 1.000000000000
314 0.785000 1.000000000000 1.000000000000
315 0.787500 1.000000000000 1.000000000000
316 0.790000 1.000000000000 1.000000000000
317 0.792500 1.000000000000 1.000000000000
318 0.795000 1.000000000000 1.000000000000
319 0.797500 1.000000000000 1.000000000000
320 0.800000 1.000000000000 1.000000000000
321 0.802500 1.000000000000 1.000000000000
322 0.805000 1.000000000000 1.000000000000
323 0.807500 1.000000000000 1.000000000000
324 0.810000 1.000000000000 1.000000000000
325 0.812500 1.000000000000 1.000000000000
326 0.815000 1.000000000000 1.000000000000
327 0.817500 1.000000000000 1.000000000000
328 0.820000 1.000000000000 1.000000000000
329 0.822500 1.000000000000 1.000000000000
330 0.825000 1.000000000000 1.000000000000
331 0.827500 1.000000000000 1.000000000000
332 0.830000 1.000000000000 1.000000000000
333 0.832500 1.000000000000 1.000000000000
334 0.835000 1.000000000000 1.000000000000
335 0.837500 1.000000000000 1.000000000000
336 0.840000 1.000000000000 1.000000000000
337 0.842500 1.000000000000 1.000000000000
338 0.845000 1.000000000000 1.000000000000
339 0.847500 1.000000000000 1.000000000000
340 0.850000 1.000000000000 1.000000000000
341 0.852500 1.000000000000 1.000000000000
342 0.855000 1.000000000000 1.000000000000
343 0.857500 1.000000000000 1.000000000000
344 0.860000 1.000000000000 1.000000000000
345 0.862500 1.000000000000 1.000000000000
346 0.865000 1.000000000000 1.000000000000
347 0.867500 1.000000000000 1.000000000000
348 0.870000 1.000000000000 1.000000000000
349 0.872500 1.000000000000 1.000000000000
350 0.875000 1.000000000000 1.000000000000
351 0.877500 1.000000000000 1.000000000000
352 0.880000 1.000000000000 1.000000000000
353 0.882500 1.000000000000 1.000000000000
354 0.885000 1.000000000000 1.000000000000
355 0.887500 1.000000000000 1.000000000000
356 0.890000 1.000000000000 1.000000000000
357 0.892500 1.000000000000 1.000000000000
358 0.895000 1.000000000000 1.000000000000
359 0.897500 1.000000000000 1.000000000000
360 0.900000 1.000000000000 1.000000000000
361 0.902500 1.000000000000 1.000000000000
362 0.905000 1.000000000000 1.000000000000
363 0.907500 1.000000000000 1.000000000000
364 0.910000 1.000000000000 1.000000000000
365 0.912500 1.000000000000 1.000000000000
366 0.915000 1.000000000000 1.000000000000
367 0.917500 1.000000000000 1.000000000000
368 0.920000 1.000000000000 1.000000000000
369 0.922500 1.000000000000 1.000000000000
370 0.925000 1.000000000000 1.000000000000
371 0.927500 1.000000000000 1.000000000000
372 0.930000 1.000000000000 1.000000000000
373 0.932500 1.000000000000 1.000000000000
374 0.935000 1.000000000000 1.000000000000
375 0.937500 1.000000000000 1.000000000000
376 0.940000 1.000000000000 1.000000000000
377 0.942500 1.000000000000 1.000000000000
378 0.945000 1.000000000000 1.000000000000
379 0.947500 1.000000000000 1.000000000000
380 0.950000 1.000000000000 1.000000000000
381 0.952500 1.000000000000 1.000000000000
382 0.955000 1.000000000000 1.000000000000
383 0.957500 1.000000000000 1.000000000000
384 0.960000 1.000000000000 1.000000000000
385 0.962500 1.000000000000 1.000000000000
386 0.965000 1.000000000000 1.000000000000
387 0.967500 1.000000000000 1.000000000000
388 0.970000 1.000000000000 1.000000000000
389 0.972500 1.000000000000 1.000000000000
390 0.975000 1.000000000000 1.000000000000
391 0.977500 1.000000000000 1.000000000000
392 0.980000 1.000000000000 1.000000000000
393 0.982500 1.000000000000 1.000000000000
394 0.985000 1.000000000000 1.000000000000
395 0.987500 1.000000000000 1.000000000000
396 0.990000 1.000000000000 1.000000000000
397 0.992500 1.000000000000 1.000000000000
398 0.995000 1.000000000000 1.000000000000
399 0.997500 1.000000000000 1.000000000000
400 1.000000 1.000000000000 1.000000000000
401 1.002500 1.000000000000 1.000000000000
402 1.005000 1.000000000000 1.000000000000
403 1.007500 1.000000000000 1.000000000000
404 1.010000 1.000000000000 1.000000000000
405 1.012500 1.000000000000 1.000000000000
406 1.015000 1.000000000000 1.000000000000
407 1.017500 1.000000000000 1.000000000000
408 1.020000 1.000000000000 1.000000000000
409 1.022500 1.000000000000 1.000000000000
410 1.025000 1.000000000000 1.000000000000
411 1.027500 1.000000000000 1.000000000000
412 1.030000 1.000000000000 1.000000000000
413 1.032500 1.000000000000 1.000000000000
414 1.035000 1.000000000000 1.000000000000
415 1.037500 1.000000000000 1.000000000000
416 1.040000 1.000000000000 1.000000000000
417 1.042500 1.000000000000 1.000000000000
418 1.045000 1.000000000000 1.000000000000
419 1.047500 1.000000000000 1.000000000000
420 1.050000 1.000000000000 1.000000000000
421 1.052500 1.000000000000 1.000000000000
422 1.055000 1.000000000000 1.000000000000
423 1.057500 1.000000000000 1.000000000000
424 1.060000 1.000000000000 1.000000000000
425 1.062500 1.000000000000 1.000000000000
426 1.065000 1.000000000000 1.000000000000
427 1.067500 1.000000000000 1.000000000000
428 1.070000 1.000000000000 1.000000000000
429 1.072500 1.000000000000 1.000000000000
430 1.075000 1.000000000000 1.000000000000
431 1.077500 1.000000000000 1.000000000000
432 1.080000 1.000000000000 1.000000000000
433 1.082500 1.000000000000 1.000000000000
434 1.085000 1.000000000000 1.000000000000
435 1.087500 1.000000000000 1.000000000000
436 1.090000 1.000000000000 1.000000000000
437 1.092500 1.000000000000 1.000000000000
438 1.095000 1.000000000000 1.000000000000
439 1.097500 1.000000000000 1.000000000000
440 1.100000 1.000000000000 1.000000000000
441 1.102500 1.000000000000 1.000000000000
442 1.105000 1.000000000000 1.000000000000
443 1.107500 1.000000000000 1.000000000000
444 1.110000 1.000000000000 1.000000000000
445 1.112500 1.000000000000 1.000000000000
446 1.115000 1.000000000000 1.000000000000
447 1.117500 1.000000000000 1.000000000000
448 1.120000 1.000000000000 1.000000000000
449 1.122500 1.000000000000 1.000000000000
450 1.125000 1.000000000000 1.000000000000
451 1.127500 1.000000000000 1.000000000000
452 1.130000 1.000000000000 1.000000000000
453 1.132500 1.000000000000 1.000000000000
454 1.135000 1.000000000000 1.000000000000
455 1.137500 1.000000000000 1.000000000000
456 1.140000 1.000000000000 1.000000000000
457 1.142500 1.000000000000 1.000000000000
458 1.145000 1.000000000000 1.000000000000
459 1.147500 1.000000000000 1.000000000000
460 1.150000 1.000000000000 1.000000000000
461 1.152500 1.000000000000 1.000000000000
462 1.155000 1.000000000000 1.000000000000
463 1.157500 1.000000000000 1.000000000000
464 1.160000 1.000000000000 1.000000000000
465 1.162500 1.000000000000 1.000000000000
466 1.165000 1.000000000000 1.000000000000
467 1.167500 1.000000000000 1.000000000000
468 1.170000 1.000000000000 1.000000000000
469 1.172500 1.000000000000 1.000000000000
470 1.175000 1.000000000000 1.000000000000
471 1.177500 1.000000000000 1.000000000000
472 1.180000 1.000000000000 1.000000000000
473 1.182500 1.000000000000 1.000000000000
474 1.185000 1.000000000000 1.000000000000
475 1.187500 1.000000000000 1.000000000000
476 1.190000 1.000000000000 1.000000000000
477 1.192500 1.000000000000 1.000000000000
478 1.195000 1.000000000000 1.000000000000
479 1.197500 1.000000000000 1.000000000000
480 1.200000 1.000000000000 1.000000000000
481 1.202500 1.000000000000 1.000000000000
482 1.205000 1.000000000000 1.000000000000
483 1.207500 1.000000000000 1.000000000000
484 1.210000 1.000000000000 1.000000000000
485 1.212500 1.000000000000 1.000000000000
486 1.215000 1.000000000000 1.000000000000
487 1.217500 1.000000000000 1.000000000000
488 1.220000 1.000000000000 1.000000000000
489 1.222500 1.000000000001 1.000000000001
490 1.225000 1.000000000001 1.000000000001
491 1.227500 1.000000000001 1.000000000001
492 1.230000 1.000000000001 1.000000000001
493 1.232500 1.000000000001 1.000000000001
494 1.235000 1.000000000001 1.000000000001
495 1.237500 1.000000000001 1.000000000001
496 1.240000 1.000000000001 1.000000000001
497 1.242500 1.000000000001 1.000000000001
498 1.245000 1.000000000002 1.000000000002
499 1.247500 1.000000000002 1.000000000002
500 1.250000 1.000000000002 1.000000000002
501 1.252500 1.000000000002 1.000000000002
502 1.255000 1.000000000002 1.000000000002
503 1.257500 1.000000000003 1.000000000003
504 1.260000 1.000000000003 1.000000000003
505 1.262500 1.000000000003 1.000000000003
506 1.265000 1.000000000004 1.000000000004
507 1.267500 1.000000000004 1.000000000004
508 1.270000 1.000000000004 1.000000000004
509 1.272500 1.000000000005 1.000000000005
510 1.275000 1.000000000005 1.000000000005
511 1.277500 1.000000000005 1.000000000005
512 1.280000 1.000000000006 1.000000000006
513 1.282500 1.000000000006 1.000000000006
514 1.285000 1.000000000007 1.000000000007
515 1.287500 1.000000000007 1.000000000007
516 1.290000 1.000000000008 1.000000000008
517 1.292500 1.000000000008 1.000000000008
518 1.295000 1.000000000009 1.000000000009
519 1.297500 1.000000000010 1.000000000010
520 1.300000 1.000000000010 1.000000000010
521 1.302500 1.000000000011 1.000000000011
522 1.305000 1.000000000012 1.000000000012
523 1.307500 1.000000000012 1.000000000012
524 1.310000 1.000000000013 1.000000000013
525 1.312500 1.000000000014 1.000000000014
526 1.315000 1.000000000015 1.000000000015
527 1.317500 1.000000000016 1.000000000016
528 1.320000 1.000000000017 1.000000000017
529 1.322500 1.000000000018 1.000000000018
530 1.325000 1.000000000019 1.000000000019
531 1.327500 1.000000000020 1.000000000020
532 1.330000 1.000000000021 1.000000000021
533 1.332500 1.000000000022 1.000000000022
534 1.335000 1.000000000023 1.000000000023
535 1.337500 1.000000000024 1.000000000024
536 1.340000 1.000000000025 1.000000000025
537 1.342500 1.000000000026 1.000000000026
538 1.345000 1.000000000028 1.000000000028
539 1.347500 1.000000000029 1.000000000029
540 1.350000 1.000000000030 1.000000000030
541 1.352500 1.000000000032 1.000000000032
542 1.355000 1.000000000033 1.000000000033
543 1.357500 1.000000000034 1.000000000034
544 1.360000 1.000000000036 1.000000000036
545 1.362500 1.000000000038 1.000000000038
546 1.365000 1.000000000039 1.000000000039
547 1.367500 1.000000000041 1.000000000041
548 1.370000 1.000000000042 1.000000000042
549 1.372500 1.000000000044 1.000000000044
550 1.375000 1.000000000046 1.000000000046
551 1.377500 1.000000000047 1.000000000047
552 1.380000 1.000000000049 1.000000000049
553 1.382500 1.000000000051 1.000000000051
554 1.385000 1.000000000053 1.000000000053
555 1.387500 1.000000000055 1.000000000055
556 1.390000 1.000000000057 1.000000000057
557 1.392500 1.000000000059 1.000000000059
558 1.395000 1.000000000061 1.000000000061
559 1.397500 1.000000000063 1.000000000063
560 1.400000 1.000000000065 1.000000000065
561 1.402500 1.000000000067 1.000000000067
562 1.405000 1.000000000070 1.000000000070
563 1.407500 1.000000000072 1.000000000072
564 1.410000 1.000000000074 1.000000000074
565 1.412500 1.000000000076 1.000000000076
566 1.415000 1.000000000079 1.000000000079
567 1.417500 1.000000000081 1.000000000081
568 1.420000 1.000000000084 1.000000000084
569 1.422500 1.000000000086 1.000000000086
570 1.425000 1.000000000089 1.000000000089
571 1.427500 1.000000000091 1.000000000091
572 1.430000 1.000000000094 1.000000000094
573 1.432500 1.000000000097 1.000000000097
574 1.435000 1.000000000099 1.000000000099
575 1.437500 1.000000000102 1.000000000102
576 1.440000 1.000000000105 1.000000000105
577 1.442500 1.000000000108 1.000000000108
578 1.445000 1.000000000110 1.000000000110
579 1.447500 1.000000000113 1.000000000113
580 1.450000 1.000000000116 1.000000000116
581 1.452500 1.000000000119 1.000000000119
582 1.455000 1.000000000122 1.000000000122
583 1.457500 1.000000000125 1.000000000125
584 1.460000 1.000000000128 1.000000000128
585 1.462500 1.000000000132 1.000000000132
586 1.465000 1.000000000135 1.000000000135
587 1.467500 1.000000000138 1.000000000138
588 1.470000 1.000000000141 1.000000000141
589 1.472500 1.000000000145 1.000000000145
590 1.475000 1.000000000148 1.000000000148
591 1.477500 1.000000000151 1.000000000151
592 1.480000 1.000000000155 1.000000000155
593 1.482500 1.000000000158 1.000000000158
594 1.485000 1.000000000162 1.000000000162
595 1.487500 1.000000000165 1.000000000165
596 1.490000 1.000000000169 1.000000000169
597 1.492500 1.000000000172 1.000000000172
598 1.495000 1.000000000176 1.000000000176
599 1.497500 1.000000000180 1.000000000180
600 1.500000 1.000000000183 1.000000000183
601 1.502500 1.000000000187 1.000000000187
602 1.505000 1.000000000191 1.000000000191
603 1.507500 1.000000000195 1.000000000195
604 1.510000 1.000000000199 1.000000000199
605 1.512500 1.000000000203 1.000000000203
606 1.515000 1.000000000206 1.000000000206
607 1.517500 1.000000000210 1.000000000210
608 1.520000 1.000000000214 1.000000000214
609 1.522500 1.000000000218 1.000000000218
610 1.525000 1.000000000223 1.000000000223
611 1.527500 1.000000000227 1.000000000227
612 1.530000 1.000000000231 1.000000000231
613 1.532500 1.000000000235 1.000000000235
614 1.535000 1.000000000239 1.000000000239
615 1.537500 1.000000000243 1.000000000243
616 1.540000 1.000000000248 1.000000000248
617 1.542500 1.000000000252 1.000000000252
618 1.545000 1.000000000256 1.000000000256
619 1.547500 1.000000000261 1.000000000261
620 1.550000 1.000000000265 1.000000000265
621 1.552500 1.000000000270 1.000000000270
622 1.555000 1.000000000274 1.000000000274
623 1.557500 1.000000000279 1.000000000279
624 1.560000 1.000000000283 1.000000000283
625 1.562500 1.000000000288 1.000000000288
626 1.565000 1.000000000292 1.000000000292
627 1.567500 1.000000000297 1.000000000297
628 1.570000 1.000000000302 1.000000000302
629 1.572500 1.000000000306 1.000000000306
630 1.575000 1.000000000311 1.000000000311
631 1.577500 1.000000000316 1.000000000316
632 1.580000 1.000000000321 1.000000000321
633 1.582500 1.000000000325 1.000000000325
634 1.585000 1.000000000330 1.000000000330
635 1.587500 1.000000000335 1.000000000335
636 1.590000 1.000000000340 1.000000000340
637 1.592500 1.000000000345 1.000000000345
638 1.595000 1.000000000350 1.000000000350
639 1.597500 1.000000000355 1.000000000355
640 1.600000 1.000000000360 1.000000000360
641 1.602500 1.000000000365 1.000000000365
642 1.605000 1.000000000370 1.000000000370
643 1.607500 1.000000000375 1.000000000375
644 1.610000 1.000000000380 1.000000000380
645 1.612500 1.000000000385 1.000000000385
646 1.615000 1.000000000390 1.000000000390
647 1.617500 1.000000000396 1.000000000396
648 1.620000 1.000000000401 1.000000000401
649 1.622500 1.000000000406 1.000000000406
650 1.625000 1.000000000411 1.000000000411
651 1.627500 1.000000000417 1.000000000417
652 1.630000 1.000000000422 1.000000000422
653 1.632500 1.000000000427 1.000000000427
654 1.635000 1.000000000433 1.000000000433
655 1.637500 1.000000000438 1.000000000438
656 1.640000 1.000000000444 1.000000000444
657 1.642500 1.000000000449 1.000000000449
658 1.645000 1.000000000455 1.000000000455
659 1.647500 1.000000000460 1.000000000460
660 1.650000 1.000000000466 1.000000000466
661 1.652500 1.000000000471 1.000000000471
662 1.655000 1.000000000477 1.000000000477
663 1.657500 1.000000000482 1.000000000482
664 1.660000 1.000000000488 1.000000000488
665 1.662500 1.000000000493 1.000000000493
666 1.665000 1.000000000499 1.000000000499
667 1.667500 1.000000000505 1.000000000505
668 1.670000 1.000000000510 1.000000000510
669 1.672500 1.000000000516 1.000000000516
670 1.675000 1.000000000522 1.000000000522
671 1.677500 1.000000000528 1.000000000528
672 1.680000 1.000000000533 1.000000000533
673 1.682500 1.000000000539 1.000000000539
674 1.685000 1.000000000545 1.000000000545
675 1.687500 1.000000000551 1.000000000551
676 1.690000 1.000000000557 1.000000000557
677 1.692500 1.000000000563 1.000000000563
678 1.695000 1.000000000568 1.000000000568
679 1.697500 1.000000000574 1.000000000574
680 1.700000 1.000000000580 1.000000000580
681 1.702500 1.000000000586 1.000000000586
682 1.705000 1.000000000592 1.000000000592
683 1.707500 1.000000000598 1.000000000598
684 1.710000 1.000000000604 1.000000000604
685 1.712500 1.000000000610 1.000000000610
686 1.715000 1.000000000616 1.000000000616
687 1.717500 1.000000000622 1.000000000622
688 1.720000 1.000000000628 1.000000000628
689 1.722500 1.000000000634 1.000000000634
690 1.725000 1.000000000641 1.000000000641
691 1.727500 1.000000000647 1.000000000647
692 1.730000 1.000000000653 1.000000000653
693 1.732500 1.000000000659 1.000000000659
694 1.735000 1.000000000665 1.000000000665
695 1.737500 1.000000000671 1.000000000671
696 1.740000 1.000000000677 1.000000000677
697 1.742500 1.000000000684 1.000000000684
698 1.745000 1.000000000690 1.000000000690
699 1.747500 1.000000000696 1.000000000696
700 1.750000 1.000000000702 1.000000000702
701 1.752500 1.000000000709 1.000000000709
702 1.755000 1.000000000715 1.000000000715
703 1.757500 1.000000000721 1.000000000721
704 1.760000 1.000000000728 1.000000000728
705 1.762500 1.000000000734 1.000000000734
706 1.765000 1.000000000740 1.000000000740
707 1.767500 1.000000000747 1.000000000747
708 1.770000 1.000000000753 1.000000000753
709 1.772500 1.000000000759 1.000000000759
710 1.775000 1.000000000766 1.000000000766
711 1.777500 1.000000000772 1.000000000772
712 1.780000 1.000000000779 1.000000000779
713 1.782500 1.000000000785 1.000000000785
714 1.785000 1.000000000791 1.000000000791
715 1.787500 1.000000000798 1.000000000798
716 1.790000 1.000000000804 1.000000000804
717 1.792500 1.000000000811 1.000000000811
718 1.795000 1.000000000817 1.000000000817
719 1.797500 1.000000000824 1.000000000824
720 1.800000 1.000000000830 1.000000000830
721 1.802500 1.000000000837 1.000000000837
722 1.805000 1.000000000843 1.000000000843
723 1.807500 1.000000000850 1.000000000850
724 1.810000 1.000000000857 1.000000000857
725 1.812500 1.000000000863 1.000000000863
726 1.815000 1.000000000870 1.000000000870
727 1.817500 1.000000000876 1.000000000876
728 1.820000 1.000000000883 1.000000000883
729 1.822500 1.000000000890 1.000000000890
730 1.825000 1.000000000896 1.000000000896
731 1.827500 1.000000000903 1.000000000903
732 1.830000 1.000000000909 1.000000000909
733 1.832500 1.000000000916 1.000000000916
734 1.835000 1.000000000923 1.000000000923
735 1.837500 1.000000000929 1.000000000929
736 1.840000 1.000000000936 1.000000000936
737 1.842500 1.000000000943 1.000000000943
738 1.845000 1.000000000949 1.000000000949
739 1.847500 1.000000000956 1.000000000956
740 1.850000 1.000000000963 1.000000000963
741 1.852500 1.000000000970 1.000000000970
742 1.855000 1.000000000976 1.000000000976
743 1.857500 1.000000000983 1.000000000983
744 1.860000 1.000000000990 1.000000000990
745 1.862500 1.000000000997 1.000000000997
746 1.865000 1.000000001003 1.000000001003
747 1.867500 1.000000001010 1.000000001010
748 1.870000 1.000000001017 1.000000001017
749 1.872500 1.000000001024 1.000000001024
750 1.875000 1.000000001031 1.000000001031
751 1.877500 1.000000001037 1.000000001037
752 1.880000 1.000000001044 1.000000001044
753 1.882500 1.000000001051 1.000000001051
754 1.885000 1.000000001058 1.000000001058
755 1.887500 1.000000001065 1.000000001065
756 1.890000 1.000000001071 1.000000001071
757 1.892500 1.000000001078 1.000000001078
758 1.895000 1.000000001085 1.000000001085
759 1.897500 1.000000001092 1.000000001092
760 1.900000 1.000000001099 1.000000001099
761 1.902500 1.000000001106 1.000000001106
762 1.905000 1.000000001113 1.000000001113
763 1.907500 1.000000001120 1.000000001120
764 1.910000 1.000000001127 1.000000001127
765 1.912500 1.000000001133 1.000000001133
766 1.915000 1.000000001140 1.000000001140
767 1.917500 1.000000001147 1.000000001147
768 1.920000 1.000000001154 1.000000001154
769 1.922500 1.000000001161 1.000000001161
770 1.925000 1.000000001168 1.000000001168
771 1.927500 1.000000001175 1.000000001175
772 1.930000 1.000000001182 1.000000001182
773 1.932500 1.000000001189 1.000000001189
774 1.935000 1.000000001196 1.000000001196
775 1.937500 1.000000001203 1.000000001203
776 1.940000 1.000000001210 1.000000001210
777 1.942500 1.000000001217 1.000000001217
778 1.945000 1.000000001224 1.000000001224
779 1.947500 1.000000001231 1.000000001231
780 1.950000 1.000000001238 1.000000001238
781 1.952500 1.000000001245 1.000000001245
782 1.955000 1.000000001252 1.000000001252
783 1.957500 1.000000001259 1.000000001259
784 1.960000 1.000000001266 1.000000001266
785 1.962500 1.000000001273 1.000000001273
786 1.965000 1.000000001280 1.000000001280
787 1.967500 1.000000001287 1.000000001287
788 1.970000 1.000000001294 1.000000001294
789 1.972500 1.000000001301 1.000000001301
790 1.975000 1.000000001308 1.000000001308
791 1.977500 1.000000001315 1.000000001315
792 1.980000 1.000000001322 1.000000001322
793 1.982500 1.000000001329 1.000000001329
794 1.985000 1.000000001336 1.000000001336
795 1.987500 1.000000001343 1.000000001343
796 1.990000 1.000000001350 1.000000001350
797 1.992500 1.000000001357 1.000000001357
798 1.995000 1.000000001364 1.000000001364
799 1.997500 1.000000001371 1.000000001371
800 2.000000 1.000000001378 1.000000001378
801 2.002500 1.000000001386 1.000000001386
802 2.005000 1.000000001393 1.000000001393
803 2.007500 1.000000001400 1.000000001400
804 2.010000 1.000000001407 1.000000001407
805 2.012500 1.000000001414 1.000000001414
806 2.015000 1.000000001421 1.000000001421
807 2.017500 1.000000001428 1.000000001428
808 2.020000 1.000000001435 1.000000001435
809 2.022500 1.000000001442 1.000000001442
810 2.025000 1.000000001449 1.000000001449
811 2.027500 1.000000001456 1.000000001456
812 2.030000 1.000000001464 1.000000001464
813 2.032500 1.000000001471 1.000000001471
814 2.035000 1.000000001478 1.000000001478
815 2.037500 1.000000001485 1.000000001485
816 2.040000 1.000000001492 1.000000001492
817 2.042500 1.000000001499 1.000000001499
818 2.045000 1.000000001506 1.000000001506
819 2.047500 1.000000001514 1.000000001514
820 2.050000 1.000000001521 1.000000001521
821 2.052500 1.000000001528 1.000000001528
822 2.055000 1.000000001535 1.000000001535
823 2.057500 1.000000001542 1.000000001542
824 2.060000 1.000000001549 1.000000001549
825 2.062500 1.000000001556 1.000000001556
826 2.065000 1.000000001564 1.000000001564
827 2.067500 1.000000001571 1.000000001571
828 2.070000 1.000000001578 1.000000001578
829 2.072500 1.000000001585 1.000000001585
830 2.075000 1.000000001592 1.000000001592
831 2.077500 1.000000001599 1.000000001599
832 2.080000 1.000000001607 1.000000001607
833 2.082500 1.000000001614 1.000000001614
834 2.085000 1.000000001621 1.000000001621
835 2.087500 1.000000001628 1.000000001628
836 2.090000 1.000000001635 1.000000001635
837 2.092500 1.000000001642 1.000000001642
838 2.095000 1.000000001650 1.000000001650
839 2.097500 1.000000001657 1.000000001657
840 2.100000 1.000000001664 1.000000001664
841 2.102500 1.000000001671 1.000000001671
842 2.105000 1.000000001678 1.000000001678
843 2.107500 1.000000001686 1.000000001686
844 2.110000 1.000000001693 1.000000001693
845 2.112500 1.000000001700 1.000000001700
846 2.115000 1.000000001707 1.000000001707
847 2.117500 1.000000001714 1.000000001714
848 2.120000 1.000000001721 1.000000001721
849 2.122500 1.000000001729 1.000000001729
850 2.125000 1.000000001736 1.000000001736
851 2.127500 1.000000001743 1.000000001743
852 2.130000 1.000000001750 1.000000001750
853 2.132500 1.000000001757 1.000000001757
854 2.135000 1.000000001764 1.000000001764
855 2.137500 1.000000001771 1.000000001771
856 2.140000 1.000000001779 1.000000001779
857 2.142500 1.000000001786 1.000000001786
858 2.145000 1.000000001793 1.000000001793
859 2.147500 1.000000001800 1.000000001800
860 2.150000 1.000000001807 1.000000001807
861 2.152500 1.000000001814 1.000000001814
862 2.155000 1.000000001820 1.000000001820
863 2.157500 1.000000001827 1.000000001827
864 2.160000 1.000000001834 1.000000001834
865 2.162500 1.000000001841 1.000000001841
866 2.165000 1.000000001847 1.000000001847
867 2.167500 1.000000001854 1.000000001854
868 2.170000 1.000000001860 1.000000001860
869 2.172500 1.000000001867 1.000000001867
870 2.175000 1.000000001873 1.000000001873
871 2.177500 1.000000001879 1.000000001879
872 2.180000 1.000000001886 1.000000001886
873 2.182500 1.000000001892 1.000000001892
874 2.185000 1.000000001897 1.000000001897
875 2.187500 1.000000001903 1.000000001903
876 2.190000 1.000000001909 1.000000001909
877 2.192500 1.000000001914 1.000000001914
878 2.195000 1.000000001919 1.000000001919
879 2.197500 1.000000001924 1.000000001924
880 2.200000 1.000000001929 1.000000001929
881 2.202500 1.000000001934 1.000000001934
882 2.205000 1.000000001939 1.000000001939
883 2.207500 1.000000001943 1.000000001943
884 2.210000 1.000000001947 1.000000001947
885 2.212500 1.000000001951 1.000000001951
886 2.215000 1.000000001955 1.000000001955
887 2.217500 1.000000001959 1.000000001959
888 2.220000 1.000000001962 1.000000001962
889 2.222500 1.000000001965 1.000000001965
890 2.225000 1.000000001968 1.000000001968
891 2.227500 1.000000001970 1.000000001970
892 2.230000 1.000000001973 1.000000001973
893 2.232500 1.000000001975 1.000000001975
894 2.235000 1.000000001977 1.000000001977
895 2.237500 1.000000001979 1.000000001979
896 2.240000 1.000000001980 1.000000001980
897 2.242500 1.000000001982 1.000000001982
898 2.245000 1.000000001983 1.000000001983
899 2.247500 1.000000001984 1.000000001984
900 2.250000 1.000000001984 1.000000001984
901 2.252500 1.000000001985 1.000000001985
902 2.255000 1.000000001985 1.000000001985
903 2.257500 1.000000001985 1.000000001985
904 2.260000 1.000000001985 1.000000001985
905 2.262500 1.000000001984 1.000000001984
906 2.265000 1.000000001984 1.000000001984
907 2.267500 1.000000001983 1.000000001983
908 2.270000 1.000000001982 1.000000001982
909 2.272500 1.000000001981 1.000000001981
910 2.275000 1.000000001980 1.000000001980
911 2.277500 1.000000001979 1.000000001979
912 2.280000 1.000000001977 1.000000001977
913 2.282500 1.000000001976 1.000000001976
914 2.285000 1.000000001974 1.000000001974
915 2.287500 1.000000001972 1.000000001972
916 2.290000 1.000000001970 1.000000001970
917 2.292500 1.000000001968 1.000000001968
918 2.295000 1.000000001966 1.000000001966
919 2.297500 1.000000001964 1.000000001964
920 2.300000 1.000000001962 1.000000001962
921 2.302500 1.000000001959 1.000000001959
922 2.305000 1.000000001957 1.000000001957
923 2.307500 1.000000001954 1.000000001954
924 2.310000 1.000000001952 1.000000001952
925 2.312500 1.000000001949 1.000000001949
926 2.315000 1.000000001946 1.000000001946
927 2.317500 1.000000001943 1.000000001943
928 2.320000 1.000000001941 1.000000001941
929 2.322500 1.000000001938 1.000000001938
930 2.325000 1.000000001935 1.000000001935
931 2.327500 1.000000001932 1.000000001932
932 2.330000 1.000000001929 1.000000001929
933 2.332500 1.000000001926 1.000000001926
934 2.335000 1.000000001923 1.000000001923
935 2.337500 1.000000001919 1.000000001919
936 2.340000 1.000000001916 1.000000001916
937 2.342500 1.000000001913 1.000000001913
938 2.345000 1.000000001910 1.000000001910
939 2.347500 1.000000001906 1.000000001906
940 2.350000 1.000000001903 1.000000001903
941 2.352500 1.000000001900 1.000000001900
942 2.355000 1.000000001896 1.000000001896
943 2.357500 1.000000001893 1.000000001893
