# l[44]( l_44(t) ) connection: point24-point25
# n t l_44(t)      l_differential_44(t)
0 0.000000 1.000000000000 1.000000000000
1 0.002500 1.000000000000 1.000000000000
2 0.005000 1.000000000000 1.000000000000
3 0.007500 1.000000000000 1.000000000000
4 0.010000 1.000000000000 1.000000000000
5 0.012500 1.000000000000 1.000000000000
6 0.015000 1.000000000000 1.000000000000
7 0.017500 1.000000000000 1.000000000000
8 0.020000 1.000000000000 1.000000000000
9 0.022500 1.000000000000 1.000000000000
10 0.025000 1.000000000000 1.000000000000
11 0.027500 1.000000000000 1.000000000000
12 0.030000 1.000000000000 1.000000000000
13 0.032500 1.000000000000 1.000000000000
14 0.035000 1.000000000000 1.000000000000
15 0.037500 1.000000000000 1.000000000000
16 0.040000 1.000000000000 1.000000000000
17 0.042500 1.000000000000 1.000000000000
18 0.045000 1.000000000000 1.000000000000
19 0.047500 1.000000000000 1.000000000000
20 0.050000 1.000000000000 1.000000000000
21 0.052500 1.000000000000 1.000000000000
22 0.055000 1.000000000000 1.000000000000
23 0.057500 1.000000000000 1.000000000000
24 0.060000 1.000000000000 1.000000000000
25 0.062500 1.000000000000 1.000000000000
26 0.065000 1.000000000000 1.000000000000
27 0.067500 1.000000000000 1.000000000000
28 0.070000 1.000000000000 1.000000000000
29 0.072500 1.000000000000 1.000000000000
30 0.075000 1.000000000000 1.000000000000
31 0.077500 1.000000000000 1.000000000000
32 0.080000 1.000000000000 1.000000000000
33 0.082500 1.000000000000 1.000000000000
34 0.085000 1.000000000000 1.000000000000
35 0.087500 1.000000000000 1.000000000000
36 0.090000 1.000000000000 1.000000000000
37 0.092500 1.000000000000 1.000000000000
38 0.095000 1.000000000000 1.000000000000
39 0.097500 1.000000000000 1.000000000000
40 0.100000 1.000000000000 1.000000000000
41 0.102500 1.000000000000 1.000000000000
42 0.105000 1.000000000000 1.000000000000
43 0.107500 1.000000000000 1.000000000000
44 0.110000 1.000000000000 1.000000000000
45 0.112500 1.000000000000 1.000000000000
46 0.115000 1.000000000000 1.000000000000
47 0.117500 1.000000000000 1.000000000000
48 0.120000 1.000000000000 1.000000000000
49 0.122500 1.000000000000 1.000000000000
50 0.125000 1.000000000000 1.000000000000
51 0.127500 1.000000000000 1.000000000000
52 0.130000 1.000000000000 1.000000000000
53 0.132500 1.000000000000 1.000000000000
54 0.135000 1.000000000000 1.000000000000
55 0.137500 1.000000000000 1.000000000000
56 0.140000 1.000000000000 1.000000000000
57 0.142500 1.000000000000 1.000000000000
58 0.145000 1.000000000000 1.000000000000
59 0.147500 1.000000000000 1.000000000000
60 0.150000 1.000000000000 1.000000000000
61 0.152500 1.000000000000 1.000000000000
62 0.155000 1.000000000000 1.000000000000
63 0.157500 1.000000000000 1.000000000000
64 0.160000 1.000000000000 1.000000000000
65 0.162500 1.000000000000 1.000000000000
66 0.165000 1.000000000000 1.000000000000
67 0.167500 1.000000000000 1.000000000000
68 0.170000 1.000000000000 1.000000000000
69 0.172500 1.000000000000 1.000000000000
70 0.175000 1.000000000000 1.000000000000
71 0.177500 1.000000000000 1.000000000000
72 0.180000 1.000000000000 1.000000000000
73 0.182500 1.000000000000 1.000000000000
74 0.185000 1.000000000000 1.000000000000
75 0.187500 1.000000000000 1.000000000000
76 0.190000 1.000000000000 1.000000000000
77 0.192500 1.000000000000 1.000000000000
78 0.195000 1.000000000000 1.000000000000
79 0.197500 1.000000000000 1.000000000000
80 0.200000 1.000000000000 1.000000000000
81 0.202500 1.000000000000 1.000000000000
82 0.205000 1.000000000000 1.000000000000
83 0.207500 1.000000000000 1.000000000000
84 0.210000 1.000000000000 1.000000000000
85 0.212500 1.000000000000 1.000000000000
86 0.215000 1.000000000000 1.000000000000
87 0.217500 1.000000000000 1.000000000000
88 0.220000 1.000000000000 1.000000000000
89 0.222500 1.000000000000 1.000000000000
90 0.225000 1.000000000000 1.000000000000
91 0.227500 1.000000000000 1.000000000000
92 0.230000 1.000000000000 1.000000000000
93 0.232500 1.000000000000 1.000000000000
94 0.235000 1.000000000000 1.000000000000
95 0.237500 1.000000000000 1.000000000000
96 0.240000 1.000000000000 1.000000000000
97 0.242500 1.000000000000 1.000000000000
98 0.245000 1.000000000000 1.000000000000
99 0.247500 1.000000000000 1.000000000000
100 0.250000 1.000000000000 1.000000000000
101 0.252500 1.000000000000 1.000000000000
102 0.255000 1.000000000000 1.000000000000
103 0.257500 1.000000000000 1.000000000000
104 0.260000 1.000000000000 1.000000000000
105 0.262500 1.000000000000 1.000000000000
106 0.265000 1.000000000000 1.000000000000
107 0.267500 1.000000000000 1.000000000000
108 0.270000 1.000000000000 1.000000000000
109 0.272500 1.000000000000 1.000000000000
110 0.275000 1.000000000000 1.000000000000
111 0.277500 1.000000000000 1.000000000000
112 0.280000 1.000000000000 1.000000000000
113 0.282500 1.000000000000 1.000000000000
114 0.285000 1.000000000000 1.000000000000
115 0.287500 1.000000000000 1.000000000000
116 0.290000 1.000000000000 1.000000000000
117 0.292500 1.000000000000 1.000000000000
118 0.295000 1.000000000000 1.000000000000
119 0.297500 1.000000000000 1.000000000000
120 0.300000 1.000000000000 1.000000000000
121 0.302500 1.000000000000 1.000000000000
122 0.305000 1.000000000000 1.000000000000
123 0.307500 1.000000000000 1.000000000000
124 0.310000 1.000000000000 1.000000000000
125 0.312500 1.000000000000 1.000000000000
126 0.315000 1.000000000000 1.000000000000
127 0.317500 1.000000000000 1.000000000000
128 0.320000 1.000000000000 1.000000000000
129 0.322500 1.000000000000 1.000000000000
130 0.325000 1.000000000000 1.000000000000
131 0.327500 1.000000000000 1.000000000000
132 0.330000 1.000000000000 1.000000000000
133 0.332500 1.000000000000 1.000000000000
134 0.335000 1.000000000000 1.000000000000
135 0.337500 1.000000000000 1.000000000000
136 0.340000 1.000000000000 1.000000000000
137 0.342500 1.000000000000 1.000000000000
138 0.345000 1.000000000000 1.000000000000
139 0.347500 1.000000000000 1.000000000000
140 0.350000 1.000000000000 1.000000000000
141 0.352500 1.000000000000 1.000000000000
142 0.355000 1.000000000000 1.000000000000
143 0.357500 1.000000000000 1.000000000000
144 0.360000 1.000000000000 1.000000000000
145 0.362500 1.000000000000 1.000000000000
146 0.365000 1.000000000000 1.000000000000
147 0.367500 1.000000000000 1.000000000000
148 0.370000 1.000000000000 1.000000000000
149 0.372500 1.000000000000 1.000000000000
150 0.375000 1.000000000000 1.000000000000
151 0.377500 1.000000000000 1.000000000000
152 0.380000 1.000000000000 1.000000000000
153 0.382500 1.000000000000 1.000000000000
154 0.385000 1.000000000000 1.000000000000
155 0.387500 1.000000000000 1.000000000000
156 0.390000 1.000000000000 1.000000000000
157 0.392500 1.000000000000 1.000000000000
158 0.395000 1.000000000000 1.000000000000
159 0.397500 1.000000000000 1.000000000000
160 0.400000 1.000000000000 1.000000000000
161 0.402500 1.000000000000 1.000000000000
162 0.405000 1.000000000000 1.000000000000
163 0.407500 1.000000000000 1.000000000000
164 0.410000 1.000000000000 1.000000000000
165 0.412500 1.000000000000 1.000000000000
166 0.415000 1.000000000000 1.000000000000
167 0.417500 1.000000000000 1.000000000000
168 0.420000 1.000000000000 1.000000000000
169 0.422500 1.000000000000 1.000000000000
170 0.425000 1.000000000000 1.000000000000
171 0.427500 1.000000000000 1.000000000000
172 0.430000 1.000000000000 1.000000000000
173 0.432500 1.000000000000 1.000000000000
174 0.435000 1.000000000000 1.000000000000
175 0.437500 1.000000000000 1.000000000000
176 0.440000 1.000000000000 1.000000000000
177 0.442500 1.000000000000 1.000000000000
178 0.445000 1.000000000000 1.000000000000
179 0.447500 1.000000000000 1.000000000000
180 0.450000 1.000000000000 1.000000000000
181 0.452500 1.000000000000 1.000000000000
182 0.455000 1.000000000000 1.000000000000
183 0.457500 1.000000000000 1.000000000000
184 0.460000 1.000000000000 1.000000000000
185 0.462500 1.000000000000 1.000000000000
186 0.465000 1.000000000000 1.000000000000
187 0.467500 1.000000000000 1.000000000000
188 0.470000 1.000000000000 1.000000000000
189 0.472500 1.000000000000 1.000000000000
190 0.475000 1.000000000000 1.000000000000
191 0.477500 1.000000000000 1.000000000000
192 0.480000 1.000000000000 1.000000000000
193 0.482500 1.000000000000 1.000000000000
194 0.485000 1.000000000000 1.000000000000
195 0.487500 1.000000000000 1.000000000000
196 0.490000 1.000000000000 1.000000000000
197 0.492500 1.000000000000 1.000000000000
198 0.495000 1.000000000000 1.000000000000
199 0.497500 1.000000000000 1.000000000000
200 0.500000 1.000000000000 1.000000000000
201 0.502500 1.000000000000 1.000000000000
202 0.505000 1.000000000000 1.000000000000
203 0.507500 1.000000000000 1.000000000000
204 0.510000 1.000000000000 1.000000000000
205 0.512500 1.000000000000 1.000000000000
206 0.515000 1.000000000000 1.000000000000
207 0.517500 1.000000000000 1.000000000000
208 0.520000 1.000000000000 1.000000000000
209 0.522500 1.000000000000 1.000000000000
210 0.525000 1.000000000000 1.000000000000
211 0.527500 1.000000000000 1.000000000000
212 0.530000 1.000000000000 1.000000000000
213 0.532500 1.000000000000 1.000000000000
214 0.535000 1.000000000000 1.000000000000
215 0.537500 1.000000000000 1.000000000000
216 0.540000 1.000000000000 1.000000000000
217 0.542500 1.000000000000 1.000000000000
218 0.545000 1.000000000000 1.000000000000
219 0.547500 1.000000000000 1.000000000000
220 0.550000 1.000000000000 1.000000000000
221 0.552500 1.000000000000 1.000000000000
222 0.555000 1.000000000000 1.000000000000
223 0.557500 1.000000000000 1.000000000000
224 0.560000 1.000000000000 1.000000000000
225 0.562500 1.000000000000 1.000000000000
226 0.565000 1.000000000000 1.000000000000
227 0.567500 1.000000000000 1.000000000000
228 0.570000 1.000000000000 1.000000000000
229 0.572500 1.000000000000 1.000000000000
230 0.575000 1.000000000000 1.000000000000
231 0.577500 1.000000000000 1.000000000000
232 0.580000 1.000000000000 1.000000000000
233 0.582500 1.000000000000 1.000000000000
234 0.585000 1.000000000000 1.000000000000
235 0.587500 1.000000000000 1.000000000000
236 0.590000 1.000000000000 1.000000000000
237 0.592500 1.000000000000 1.000000000000
238 0.595000 1.000000000000 1.000000000000
239 0.597500 1.000000000000 1.000000000000
240 0.600000 1.000000000000 1.000000000000
241 0.602500 1.000000000000 1.000000000000
242 0.605000 1.000000000000 1.000000000000
243 0.607500 1.000000000000 1.000000000000
244 0.610000 1.000000000000 1.000000000000
245 0.612500 1.000000000000 1.000000000000
246 0.615000 1.000000000000 1.000000000000
247 0.617500 1.000000000000 1.000000000000
248 0.620000 1.000000000000 1.000000000000
249 0.622500 1.000000000000 1.000000000000
250 0.625000 1.000000000000 1.000000000000
251 0.627500 1.000000000000 1.000000000000
252 0.630000 1.000000000000 1.000000000000
253 0.632500 1.000000000000 1.000000000000
254 0.635000 1.000000000000 1.000000000000
255 0.637500 1.000000000000 1.000000000000
256 0.640000 1.000000000000 1.000000000000
257 0.642500 1.000000000000 1.000000000000
258 0.645000 1.000000000000 1.000000000000
259 0.647500 1.000000000000 1.000000000000
260 0.650000 1.000000000000 1.000000000000
261 0.652500 1.000000000000 1.000000000000
262 0.655000 1.000000000000 1.000000000000
263 0.657500 1.000000000000 1.000000000000
264 0.660000 1.000000000000 1.000000000000
265 0.662500 1.000000000000 1.000000000000
266 0.665000 1.000000000000 1.000000000000
267 0.667500 1.000000000000 1.000000000000
268 0.670000 1.000000000000 1.000000000000
269 0.672500 1.000000000000 1.000000000000
270 0.675000 1.000000000000 1.000000000000
271 0.677500 1.000000000000 1.000000000000
272 0.680000 1.000000000000 1.000000000000
273 0.682500 1.000000000000 1.000000000000
274 0.685000 1.000000000000 1.000000000000
275 0.687500 1.000000000000 1.000000000000
276 0.690000 1.000000000000 1.000000000000
277 0.692500 1.000000000000 1.000000000000
278 0.695000 1.000000000000 1.000000000000
279 0.697500 1.000000000000 1.000000000000
280 0.700000 1.000000000000 1.000000000000
281 0.702500 1.000000000000 1.000000000000
282 0.705000 1.000000000000 1.000000000000
283 0.707500 1.000000000000 1.000000000000
284 0.710000 1.000000000000 1.000000000000
285 0.712500 1.000000000000 1.000000000000
286 0.715000 1.000000000000 1.000000000000
287 0.717500 1.000000000000 1.000000000000
288 0.720000 1.000000000000 1.000000000000
289 0.722500 1.000000000000 1.000000000000
290 0.725000 1.000000000000 1.000000000000
291 0.727500 1.000000000000 1.000000000000
292 0.730000 1.000000000000 1.000000000000
293 0.732500 1.000000000000 1.000000000000
294 0.735000 1.000000000000 1.000000000000
295 0.737500 1.000000000000 1.000000000000
296 0.740000 1.000000000000 1.000000000000
297 0.742500 1.000000000000 1.000000000000
298 0.745000 1.000000000000 1.000000000000
299 0.747500 1.000000000000 1.000000000000
300 0.750000 1.000000000000 1.000000000000
301 0.752500 1.000000000000 1.000000000000
302 0.755000 1.000000000000 1.000000000000
303 0.757500 1.000000000000 1.000000000000
304 0.760000 1.000000000000 1.000000000000
305 0.762500 1.000000000000 1.000000000000
306 0.765000 1.000000000000 1.000000000000
307 0.767500 1.000000000000 1.000000000000
308 0.770000 1.000000000000 1.000000000000
309 0.772500 1.000000000000 1.000000000000
310 0.775000 1.000000000000 1.000000000000
311 0.777500 1.000000000000 1.000000000000
312 0.780000 1.000000000000 1.000000000000
313 0.782500 1.000000000000 1.000000000000
314 0.785000 1.000000000000 1.000000000000
315 0.787500 1.000000000000 1.000000000000
316 0.790000 1.000000000000 1.000000000000
317 0.792500 1.000000000000 1.000000000000
318 0.795000 1.000000000000 1.000000000000
319 0.797500 1.000000000000 1.000000000000
320 0.800000 1.000000000000 1.000000000000
321 0.802500 1.000000000000 1.000000000000
322 0.805000 1.000000000000 1.000000000000
323 0.807500 1.000000000000 1.000000000000
324 0.810000 1.000000000000 1.000000000000
325 0.812500 1.000000000000 1.000000000000
326 0.815000 1.000000000000 1.000000000000
327 0.817500 1.000000000000 1.000000000000
328 0.820000 1.000000000000 1.000000000000
329 0.822500 1.000000000000 1.000000000000
330 0.825000 1.000000000000 1.000000000000
331 0.827500 1.000000000000 1.000000000000
332 0.830000 1.000000000000 1.000000000000
333 0.832500 1.000000000000 1.000000000000
334 0.835000 1.000000000000 1.000000000000
335 0.837500 1.000000000000 1.000000000000
336 0.840000 1.000000000000 1.000000000000
337 0.842500 1.000000000000 1.000000000000
338 0.845000 1.000000000000 1.000000000000
339 0.847500 1.000000000000 1.000000000000
340 0.850000 1.000000000000 1.000000000000
341 0.852500 1.000000000000 1.000000000000
342 0.855000 1.000000000000 1.000000000000
343 0.857500 1.000000000000 1.000000000000
344 0.860000 1.000000000000 1.000000000000
345 0.862500 1.000000000000 1.000000000000
346 0.865000 1.000000000000 1.000000000000
347 0.867500 1.000000000000 1.000000000000
348 0.870000 1.000000000000 1.000000000000
349 0.872500 1.000000000000 1.000000000000
350 0.875000 1.000000000000 1.000000000000
351 0.877500 1.000000000000 1.000000000000
352 0.880000 1.000000000000 1.000000000000
353 0.882500 1.000000000000 1.000000000000
354 0.885000 1.000000000000 1.000000000000
355 0.887500 1.000000000000 1.000000000000
356 0.890000 1.000000000000 1.000000000000
357 0.892500 1.000000000000 1.000000000000
358 0.895000 1.000000000000 1.000000000000
359 0.897500 1.000000000000 1.000000000000
360 0.900000 1.000000000000 1.000000000000
361 0.902500 1.000000000000 1.000000000000
362 0.905000 1.000000000000 1.000000000000
363 0.907500 1.000000000000 1.000000000000
364 0.910000 1.000000000000 1.000000000000
365 0.912500 1.000000000000 1.000000000000
366 0.915000 1.000000000000 1.000000000000
367 0.917500 1.000000000000 1.000000000000
368 0.920000 1.000000000000 1.000000000000
369 0.922500 1.000000000000 1.000000000000
370 0.925000 1.000000000000 1.000000000000
371 0.927500 1.000000000000 1.000000000000
372 0.930000 1.000000000000 1.000000000000
373 0.932500 1.000000000000 1.000000000000
374 0.935000 1.000000000000 1.000000000000
375 0.937500 1.000000000000 1.000000000000
376 0.940000 1.000000000000 1.000000000000
377 0.942500 1.000000000000 1.000000000000
378 0.945000 1.000000000000 1.000000000000
379 0.947500 1.000000000000 1.000000000000
380 0.950000 1.000000000000 1.000000000000
381 0.952500 1.000000000000 1.000000000000
382 0.955000 1.000000000000 1.000000000000
383 0.957500 1.000000000000 1.000000000000
384 0.960000 1.000000000000 1.000000000000
385 0.962500 1.000000000000 1.000000000000
386 0.965000 1.000000000000 1.000000000000
387 0.967500 1.000000000000 1.000000000000
388 0.970000 1.000000000000 1.000000000000
389 0.972500 1.000000000000 1.000000000000
390 0.975000 1.000000000000 1.000000000000
391 0.977500 1.000000000000 1.000000000000
392 0.980000 1.000000000000 1.000000000000
393 0.982500 1.000000000000 1.000000000000
394 0.985000 1.000000000000 1.000000000000
395 0.987500 1.000000000000 1.000000000000
396 0.990000 1.000000000000 1.000000000000
397 0.992500 1.000000000000 1.000000000000
398 0.995000 1.000000000000 1.000000000000
399 0.997500 1.000000000000 1.000000000000
400 1.000000 1.000000000000 1.000000000000
401 1.002500 1.000000000000 1.000000000000
402 1.005000 1.000000000000 1.000000000000
403 1.007500 1.000000000000 1.000000000000
404 1.010000 1.000000000000 1.000000000000
405 1.012500 1.000000000000 1.000000000000
406 1.015000 1.000000000000 1.000000000000
407 1.017500 1.000000000000 1.000000000000
408 1.020000 1.000000000000 1.000000000000
409 1.022500 1.000000000000 1.000000000000
410 1.025000 1.000000000000 1.000000000000
411 1.027500 1.000000000000 1.000000000000
412 1.030000 1.000000000000 1.000000000000
413 1.032500 1.000000000000 1.000000000000
414 1.035000 1.000000000000 1.000000000000
415 1.037500 1.000000000000 1.000000000000
416 1.040000 1.000000000000 1.000000000000
417 1.042500 1.000000000000 1.000000000000
418 1.045000 1.000000000000 1.000000000000
419 1.047500 1.000000000000 1.000000000000
420 1.050000 1.000000000000 1.000000000000
421 1.052500 1.000000000000 1.000000000000
422 1.055000 1.000000000000 1.000000000000
423 1.057500 1.000000000000 1.000000000000
424 1.060000 1.000000000000 1.000000000000
425 1.062500 1.000000000000 1.000000000000
426 1.065000 1.000000000000 1.000000000000
427 1.067500 1.000000000000 1.000000000000
428 1.070000 1.000000000000 1.000000000000
429 1.072500 1.000000000000 1.000000000000
430 1.075000 1.000000000000 1.000000000000
431 1.077500 1.000000000000 1.000000000000
432 1.080000 1.000000000000 1.000000000000
433 1.082500 1.000000000000 1.000000000000
434 1.085000 1.000000000000 1.000000000000
435 1.087500 1.000000000000 1.000000000000
436 1.090000 1.000000000000 1.000000000000
437 1.092500 1.000000000000 1.000000000000
438 1.095000 1.000000000000 1.000000000000
439 1.097500 1.000000000000 1.000000000000
440 1.100000 1.000000000000 1.000000000000
441 1.102500 1.000000000000 1.000000000000
442 1.105000 1.000000000000 1.000000000000
443 1.107500 1.000000000000 1.000000000000
444 1.110000 1.000000000000 1.000000000000
445 1.112500 1.000000000000 1.000000000000
446 1.115000 1.000000000000 1.000000000000
447 1.117500 1.000000000000 1.000000000000
448 1.120000 1.000000000000 1.000000000000
449 1.122500 1.000000000000 1.000000000000
450 1.125000 1.000000000001 1.000000000001
451 1.127500 1.000000000001 1.000000000001
452 1.130000 1.000000000001 1.000000000001
453 1.132500 1.000000000001 1.000000000001
454 1.135000 1.000000000001 1.000000000001
455 1.137500 1.000000000002 1.000000000002
456 1.140000 1.000000000002 1.000000000002
457 1.142500 1.000000000002 1.000000000002
458 1.145000 1.000000000003 1.000000000003
459 1.147500 1.000000000003 1.000000000003
460 1.150000 1.000000000004 1.000000000004
461 1.152500 1.000000000005 1.000000000005
462 1.155000 1.000000000005 1.000000000005
463 1.157500 1.000000000006 1.000000000006
464 1.160000 1.000000000007 1.000000000007
465 1.162500 1.000000000008 1.000000000008
466 1.165000 1.000000000009 1.000000000009
467 1.167500 1.000000000010 1.000000000010
468 1.170000 1.000000000012 1.000000000012
469 1.172500 1.000000000013 1.000000000013
470 1.175000 1.000000000015 1.000000000015
471 1.177500 1.000000000016 1.000000000016
472 1.180000 1.000000000018 1.000000000018
473 1.182500 1.000000000020 1.000000000020
474 1.185000 1.000000000022 1.000000000022
475 1.187500 1.000000000024 1.000000000024
476 1.190000 1.000000000026 1.000000000026
477 1.192500 1.000000000028 1.000000000028
478 1.195000 1.000000000031 1.000000000031
479 1.197500 1.000000000033 1.000000000033
480 1.200000 1.000000000036 1.000000000036
481 1.202500 1.000000000039 1.000000000039
482 1.205000 1.000000000041 1.000000000041
483 1.207500 1.000000000044 1.000000000044
484 1.210000 1.000000000047 1.000000000047
485 1.212500 1.000000000051 1.000000000051
486 1.215000 1.000000000054 1.000000000054
487 1.217500 1.000000000057 1.000000000057
488 1.220000 1.000000000061 1.000000000061
489 1.222500 1.000000000064 1.000000000064
490 1.225000 1.000000000068 1.000000000068
491 1.227500 1.000000000071 1.000000000071
492 1.230000 1.000000000075 1.000000000075
493 1.232500 1.000000000079 1.000000000079
494 1.235000 1.000000000083 1.000000000083
495 1.237500 1.000000000087 1.000000000087
496 1.240000 1.000000000092 1.000000000092
497 1.242500 1.000000000096 1.000000000096
498 1.245000 1.000000000100 1.000000000100
499 1.247500 1.000000000105 1.000000000105
500 1.250000 1.000000000109 1.000000000109
501 1.252500 1.000000000114 1.000000000114
502 1.255000 1.000000000119 1.000000000119
503 1.257500 1.000000000124 1.000000000124
504 1.260000 1.000000000129 1.000000000129
505 1.262500 1.000000000134 1.000000000134
506 1.265000 1.000000000139 1.000000000139
507 1.267500 1.000000000145 1.000000000145
508 1.270000 1.000000000150 1.000000000150
509 1.272500 1.000000000156 1.000000000156
510 1.275000 1.000000000161 1.000000000161
511 1.277500 1.000000000167 1.000000000167
512 1.280000 1.000000000173 1.000000000173
513 1.282500 1.000000000179 1.000000000179
514 1.285000 1.000000000185 1.000000000185
515 1.287500 1.000000000191 1.000000000191
516 1.290000 1.000000000197 1.000000000197
517 1.292500 1.000000000203 1.000000000203
518 1.295000 1.000000000210 1.000000000210
519 1.297500 1.000000000216 1.000000000216
520 1.300000 1.000000000223 1.000000000223
521 1.302500 1.000000000230 1.000000000230
522 1.305000 1.000000000236 1.000000000236
523 1.307500 1.000000000243 1.000000000243
524 1.310000 1.000000000250 1.000000000250
525 1.312500 1.000000000257 1.000000000257
526 1.315000 1.000000000265 1.000000000265
527 1.317500 1.000000000272 1.000000000272
528 1.320000 1.000000000279 1.000000000279
529 1.322500 1.000000000286 1.000000000286
530 1.325000 1.000000000294 1.000000000294
531 1.327500 1.000000000301 1.000000000301
532 1.330000 1.000000000309 1.000000000309
533 1.332500 1.000000000317 1.000000000317
534 1.335000 1.000000000325 1.000000000325
535 1.337500 1.000000000332 1.000000000332
536 1.340000 1.000000000340 1.000000000340
537 1.342500 1.000000000348 1.000000000348
538 1.345000 1.000000000356 1.000000000356
539 1.347500 1.000000000364 1.000000000364
540 1.350000 1.000000000373 1.000000000373
541 1.352500 1.000000000381 1.000000000381
542 1.355000 1.000000000389 1.000000000389
543 1.357500 1.000000000398 1.000000000398
544 1.360000 1.000000000406 1.000000000406
545 1.362500 1.000000000415 1.000000000415
546 1.365000 1.000000000423 1.000000000423
547 1.367500 1.000000000432 1.000000000432
548 1.370000 1.000000000441 1.000000000441
549 1.372500 1.000000000449 1.000000000449
550 1.375000 1.000000000458 1.000000000458
551 1.377500 1.000000000467 1.000000000467
552 1.380000 1.000000000476 1.000000000476
553 1.382500 1.000000000485 1.000000000485
554 1.385000 1.000000000494 1.000000000494
555 1.387500 1.000000000503 1.000000000503
556 1.390000 1.000000000512 1.000000000512
557 1.392500 1.000000000522 1.000000000522
558 1.395000 1.000000000531 1.000000000531
559 1.397500 1.000000000540 1.000000000540
560 1.400000 1.000000000550 1.000000000550
561 1.402500 1.000000000559 1.000000000559
562 1.405000 1.000000000569 1.000000000569
563 1.407500 1.000000000578 1.000000000578
564 1.410000 1.000000000588 1.000000000588
565 1.412500 1.000000000598 1.000000000598
566 1.415000 1.000000000607 1.000000000607
567 1.417500 1.000000000617 1.000000000617
568 1.420000 1.000000000627 1.000000000627
569 1.422500 1.000000000637 1.000000000637
570 1.425000 1.000000000647 1.000000000647
571 1.427500 1.000000000657 1.000000000657
572 1.430000 1.000000000667 1.000000000667
573 1.432500 1.000000000677 1.000000000677
574 1.435000 1.000000000687 1.000000000687
575 1.437500 1.000000000697 1.000000000697
576 1.440000 1.000000000707 1.000000000707
577 1.442500 1.000000000717 1.000000000717
578 1.445000 1.000000000728 1.000000000728
579 1.447500 1.000000000738 1.000000000738
580 1.450000 1.000000000748 1.000000000748
581 1.452500 1.000000000759 1.000000000759
582 1.455000 1.000000000769 1.000000000769
583 1.457500 1.000000000780 1.000000000780
584 1.460000 1.000000000790 1.000000000790
585 1.462500 1.000000000801 1.000000000801
586 1.465000 1.000000000811 1.000000000811
587 1.467500 1.000000000822 1.000000000822
588 1.470000 1.000000000833 1.000000000833
589 1.472500 1.000000000843 1.000000000843
590 1.475000 1.000000000854 1.000000000854
591 1.477500 1.000000000865 1.000000000865
592 1.480000 1.000000000876 1.000000000876
593 1.482500 1.000000000886 1.000000000886
594 1.485000 1.000000000897 1.000000000897
595 1.487500 1.000000000908 1.000000000908
596 1.490000 1.000000000919 1.000000000919
597 1.492500 1.000000000930 1.000000000930
598 1.495000 1.000000000941 1.000000000941
599 1.497500 1.000000000952 1.000000000952
600 1.500000 1.000000000963 1.000000000963
601 1.502500 1.000000000974 1.000000000974
602 1.505000 1.000000000985 1.000000000985
603 1.507500 1.000000000996 1.000000000996
604 1.510000 1.000000001007 1.000000001007
605 1.512500 1.000000001019 1.000000001019
606 1.515000 1.000000001030 1.000000001030
607 1.517500 1.000000001041 1.000000001041
608 1.520000 1.000000001052 1.000000001052
609 1.522500 1.000000001064 1.000000001064
610 1.525000 1.000000001075 1.000000001075
611 1.527500 1.000000001086 1.000000001086
612 1.530000 1.000000001098 1.000000001098
613 1.532500 1.000000001109 1.000000001109
614 1.535000 1.000000001120 1.000000001120
615 1.537500 1.000000001132 1.000000001132
616 1.540000 1.000000001143 1.000000001143
617 1.542500 1.000000001155 1.000000001155
618 1.545000 1.000000001166 1.000000001166
619 1.547500 1.000000001178 1.000000001178
620 1.550000 1.000000001189 1.000000001189
621 1.552500 1.000000001201 1.000000001201
622 1.555000 1.000000001212 1.000000001212
623 1.557500 1.000000001224 1.000000001224
624 1.560000 1.000000001236 1.000000001236
625 1.562500 1.000000001247 1.000000001247
626 1.565000 1.000000001259 1.000000001259
627 1.567500 1.000000001270 1.000000001270
628 1.570000 1.000000001282 1.000000001282
629 1.572500 1.000000001294 1.000000001294
630 1.575000 1.000000001306 1.000000001306
631 1.577500 1.000000001317 1.000000001317
632 1.580000 1.000000001329 1.000000001329
633 1.582500 1.000000001341 1.000000001341
634 1.585000 1.000000001353 1.000000001353
635 1.587500 1.000000001364 1.000000001364
636 1.590000 1.000000001376 1.000000001376
637 1.592500 1.000000001388 1.000000001388
638 1.595000 1.000000001400 1.000000001400
639 1.597500 1.000000001412 1.000000001412
640 1.600000 1.000000001424 1.000000001424
641 1.602500 1.000000001436 1.000000001436
642 1.605000 1.000000001448 1.000000001448
643 1.607500 1.000000001459 1.000000001459
644 1.610000 1.000000001471 1.000000001471
645 1.612500 1.000000001483 1.000000001483
646 1.615000 1.000000001495 1.000000001495
647 1.617500 1.000000001507 1.000000001507
648 1.620000 1.000000001519 1.000000001519
649 1.622500 1.000000001531 1.000000001531
650 1.625000 1.000000001543 1.000000001543
651 1.627500 1.000000001555 1.000000001555
652 1.630000 1.000000001567 1.000000001567
653 1.632500 1.000000001579 1.000000001579
654 1.635000 1.000000001591 1.000000001591
655 1.637500 1.000000001604 1.000000001604
656 1.640000 1.000000001616 1.000000001616
657 1.642500 1.000000001628 1.000000001628
658 1.645000 1.000000001640 1.000000001640
659 1.647500 1.000000001652 1.000000001652
660 1.650000 1.000000001664 1.000000001664
661 1.652500 1.000000001676 1.000000001676
662 1.655000 1.000000001688 1.000000001688
663 1.657500 1.000000001701 1.000000001701
664 1.660000 1.000000001713 1.000000001713
665 1.662500 1.000000001725 1.000000001725
666 1.665000 1.000000001737 1.000000001737
667 1.667500 1.000000001749 1.000000001749
668 1.670000 1.000000001761 1.000000001761
669 1.672500 1.000000001774 1.000000001774
670 1.675000 1.000000001786 1.000000001786
671 1.677500 1.000000001798 1.000000001798
672 1.680000 1.000000001810 1.000000001810
673 1.682500 1.000000001823 1.000000001823
674 1.685000 1.000000001835 1.000000001835
675 1.687500 1.000000001847 1.000000001847
676 1.690000 1.000000001859 1.000000001859
677 1.692500 1.000000001872 1.000000001872
678 1.695000 1.000000001884 1.000000001884
679 1.697500 1.000000001896 1.000000001896
680 1.700000 1.000000001908 1.000000001908
681 1.702500 1.000000001921 1.000000001921
682 1.705000 1.000000001933 1.000000001933
683 1.707500 1.000000001945 1.000000001945
684 1.710000 1.000000001958 1.000000001958
685 1.712500 1.000000001970 1.000000001970
686 1.715000 1.000000001982 1.000000001982
687 1.717500 1.000000001995 1.000000001995
688 1.720000 1.000000002007 1.000000002007
689 1.722500 1.000000002019 1.000000002019
690 1.725000 1.000000002032 1.000000002032
691 1.727500 1.000000002044 1.000000002044
692 1.730000 1.000000002056 1.000000002056
693 1.732500 1.000000002069 1.000000002069
694 1.735000 1.000000002081 1.000000002081
695 1.737500 1.000000002094 1.000000002094
696 1.740000 1.000000002106 1.000000002106
697 1.742500 1.000000002118 1.000000002118
698 1.745000 1.000000002131 1.000000002131
699 1.747500 1.000000002143 1.000000002143
700 1.750000 1.000000002156 1.000000002156
701 1.752500 1.000000002168 1.000000002168
702 1.755000 1.000000002180 1.000000002180
703 1.757500 1.000000002193 1.000000002193
704 1.760000 1.000000002205 1.000000002205
705 1.762500 1.000000002218 1.000000002218
706 1.765000 1.000000002230 1.000000002230
707 1.767500 1.000000002243 1.000000002243
708 1.770000 1.000000002255 1.000000002255
709 1.772500 1.000000002267 1.000000002267
710 1.775000 1.000000002280 1.000000002280
711 1.777500 1.000000002292 1.000000002292
712 1.780000 1.000000002305 1.000000002305
713 1.782500 1.000000002317 1.000000002317
714 1.785000 1.000000002330 1.000000002330
715 1.787500 1.000000002342 1.000000002342
716 1.790000 1.000000002355 1.000000002355
717 1.792500 1.000000002367 1.000000002367
718 1.795000 1.000000002380 1.000000002380
719 1.797500 1.000000002392 1.000000002392
720 1.800000 1.000000002405 1.000000002405
721 1.802500 1.000000002417 1.000000002417
722 1.805000 1.000000002430 1.000000002430
723 1.807500 1.000000002442 1.000000002442
724 1.810000 1.000000002455 1.000000002455
725 1.812500 1.000000002467 1.000000002467
726 1.815000 1.000000002480 1.000000002480
727 1.817500 1.000000002492 1.000000002492
728 1.820000 1.000000002505 1.000000002505
729 1.822500 1.000000002517 1.000000002517
730 1.825000 1.000000002530 1.000000002530
731 1.827500 1.000000002542 1.000000002542
732 1.830000 1.000000002555 1.000000002555
733 1.832500 1.000000002567 1.000000002567
734 1.835000 1.000000002580 1.000000002580
735 1.837500 1.000000002592 1.000000002592
736 1.840000 1.000000002605 1.000000002605
737 1.842500 1.000000002617 1.000000002617
738 1.845000 1.000000002630 1.000000002630
739 1.847500 1.000000002642 1.000000002642
740 1.850000 1.000000002655 1.000000002655
741 1.852500 1.000000002667 1.000000002667
742 1.855000 1.000000002680 1.000000002680
743 1.857500 1.000000002692 1.000000002692
744 1.860000 1.000000002705 1.000000002705
745 1.862500 1.000000002717 1.000000002717
746 1.865000 1.000000002730 1.000000002730
747 1.867500 1.000000002742 1.000000002742
748 1.870000 1.000000002755 1.000000002755
749 1.872500 1.000000002768 1.000000002768
750 1.875000 1.000000002780 1.000000002780
751 1.877500 1.000000002793 1.000000002793
752 1.880000 1.000000002805 1.000000002805
753 1.882500 1.000000002818 1.000000002818
754 1.885000 1.000000002830 1.000000002830
755 1.887500 1.000000002843 1.000000002843
756 1.890000 1.000000002855 1.000000002855
757 1.892500 1.000000002868 1.000000002868
758 1.895000 1.000000002881 1.000000002881
759 1.897500 1.000000002893 1.000000002893
760 1.900000 1.000000002906 1.000000002906
761 1.902500 1.000000002918 1.000000002918
762 1.905000 1.000000002931 1.000000002931
763 1.907500 1.000000002943 1.000000002943
764 1.910000 1.000000002956 1.000000002956
765 1.912500 1.000000002968 1.000000002968
766 1.915000 1.000000002981 1.000000002981
767 1.917500 1.000000002994 1.000000002994
768 1.920000 1.000000003006 1.000000003006
769 1.922500 1.000000003019 1.000000003019
770 1.925000 1.000000003031 1.000000003031
771 1.927500 1.000000003044 1.000000003044
772 1.930000 1.000000003056 1.000000003056
773 1.932500 1.000000003069 1.000000003069
774 1.935000 1.000000003082 1.000000003082
775 1.937500 1.000000003094 1.000000003094
776 1.940000 1.000000003107 1.000000003107
777 1.942500 1.000000003119 1.000000003119
778 1.945000 1.000000003132 1.000000003132
779 1.947500 1.000000003144 1.000000003144
780 1.950000 1.000000003157 1.000000003157
781 1.952500 1.000000003170 1.000000003170
782 1.955000 1.000000003182 1.000000003182
783 1.957500 1.000000003195 1.000000003195
784 1.960000 1.000000003207 1.000000003207
785 1.962500 1.000000003220 1.000000003220
786 1.965000 1.000000003232 1.000000003232
787 1.967500 1.000000003245 1.000000003245
788 1.970000 1.000000003258 1.000000003258
789 1.972500 1.000000003270 1.000000003270
790 1.975000 1.000000003283 1.000000003283
791 1.977500 1.000000003295 1.000000003295
792 1.980000 1.000000003308 1.000000003308
793 1.982500 1.000000003321 1.000000003321
794 1.985000 1.000000003333 1.000000003333
795 1.987500 1.000000003346 1.000000003346
796 1.990000 1.000000003358 1.000000003358
797 1.992500 1.000000003371 1.000000003371
798 1.995000 1.000000003383 1.000000003383
799 1.997500 1.000000003396 1.000000003396
800 2.000000 1.000000003409 1.000000003409
801 2.002500 1.000000003421 1.000000003421
802 2.005000 1.000000003434 1.000000003434
803 2.007500 1.000000003446 1.000000003446
804 2.010000 1.000000003459 1.000000003459
805 2.012500 1.000000003472 1.000000003472
806 2.015000 1.000000003484 1.000000003484
807 2.017500 1.000000003497 1.000000003497
808 2.020000 1.000000003509 1.000000003509
809 2.022500 1.000000003522 1.000000003522
810 2.025000 1.000000003534 1.000000003534
811 2.027500 1.000000003547 1.000000003547
812 2.030000 1.000000003560 1.000000003560
813 2.032500 1.000000003572 1.000000003572
814 2.035000 1.000000003585 1.000000003585
815 2.037500 1.000000003597 1.000000003597
816 2.040000 1.000000003610 1.000000003610
817 2.042500 1.000000003622 1.000000003622
818 2.045000 1.000000003635 1.000000003635
819 2.047500 1.000000003648 1.000000003648
820 2.050000 1.000000003660 1.000000003660
821 2.052500 1.000000003672 1.000000003672
822 2.055000 1.000000003685 1.000000003685
823 2.057500 1.000000003697 1.000000003697
824 2.060000 1.000000003709 1.000000003709
825 2.062500 1.000000003722 1.000000003722
826 2.065000 1.000000003734 1.000000003734
827 2.067500 1.000000003745 1.000000003745
828 2.070000 1.000000003757 1.000000003757
829 2.072500 1.000000003768 1.000000003768
830 2.075000 1.000000003780 1.000000003780
831 2.077500 1.000000003790 1.000000003790
832 2.080000 1.000000003801 1.000000003801
833 2.082500 1.000000003811 1.000000003811
834 2.085000 1.000000003820 1.000000003820
835 2.087500 1.000000003829 1.000000003829
836 2.090000 1.000000003838 1.000000003838
837 2.092500 1.000000003845 1.000000003845
838 2.095000 1.000000003852 1.000000003852
839 2.097500 1.000000003859 1.000000003859
840 2.100000 1.000000003864 1.000000003864
841 2.102500 1.000000003868 1.000000003868
842 2.105000 1.000000003872 1.000000003872
843 2.107500 1.000000003874 1.000000003874
844 2.110000 1.000000003876 1.000000003876
845 2.112500 1.000000003876 1.000000003876
846 2.115000 1.000000003875 1.000000003875
847 2.117500 1.000000003873 1.000000003873
848 2.120000 1.000000003869 1.000000003869
849 2.122500 1.000000003865 1.000000003865
850 2.125000 1.000000003859 1.000000003859
851 2.127500 1.000000003852 1.000000003852
852 2.130000 1.000000003844 1.000000003844
853 2.132500 1.000000003835 1.000000003835
854 2.135000 1.000000003824 1.000000003824
855 2.137500 1.000000003812 1.000000003812
856 2.140000 1.000000003800 1.000000003800
857 2.142500 1.000000003786 1.000000003786
858 2.145000 1.000000003771 1.000000003771
859 2.147500 1.000000003755 1.000000003755
860 2.150000 1.000000003739 1.000000003739
861 2.152500 1.000000003721 1.000000003721
862 2.155000 1.000000003703 1.000000003703
863 2.157500 1.000000003685 1.000000003685
864 2.160000 1.000000003666 1.000000003666
865 2.162500 1.000000003646 1.000000003646
866 2.165000 1.000000003626 1.000000003626
867 2.167500 1.000000003606 1.000000003606
868 2.170000 1.000000003586 1.000000003586
869 2.172500 1.000000003565 1.000000003565
870 2.175000 1.000000003545 1.000000003545
871 2.177500 1.000000003525 1.000000003525
872 2.180000 1.000000003504 1.000000003504
873 2.182500 1.000000003484 1.000000003484
874 2.185000 1.000000003464 1.000000003464
875 2.187500 1.000000003445 1.000000003445
876 2.190000 1.000000003426 1.000000003426
877 2.192500 1.000000003407 1.000000003407
878 2.195000 1.000000003388 1.000000003388
879 2.197500 1.000000003370 1.000000003370
880 2.200000 1.000000003353 1.000000003353
881 2.202500 1.000000003336 1.000000003336
882 2.205000 1.000000003319 1.000000003319
883 2.207500 1.000000003303 1.000000003303
884 2.210000 1.000000003287 1.000000003287
885 2.212500 1.000000003272 1.000000003272
886 2.215000 1.000000003257 1.000000003257
887 2.217500 1.000000003243 1.000000003243
888 2.220000 1.000000003229 1.000000003229
889 2.222500 1.000000003216 1.000000003216
890 2.225000 1.000000003203 1.000000003203
891 2.227500 1.000000003190 1.000000003190
892 2.230000 1.000000003178 1.000000003178
893 2.232500 1.000000003166 1.000000003166
894 2.235000 1.000000003154 1.000000003154
895 2.237500 1.000000003142 1.000000003142
896 2.240000 1.000000003131 1.000000003131
897 2.242500 1.000000003120 1.000000003120
898 2.245000 1.000000003109 1.000000003109
899 2.247500 1.000000003098 1.000000003098
900 2.250000 1.000000003088 1.000000003088
901 2.252500 1.000000003077 1.000000003077
902 2.255000 1.000000003067 1.000000003067
903 2.257500 1.000000003057 1.000000003057
904 2.260000 1.000000003046 1.000000003046
905 2.262500 1.000000003036 1.000000003036
906 2.265000 1.000000003026 1.000000003026
907 2.267500 1.000000003016 1.000000003016
908 2.270000 1.000000003006 1.000000003006
909 2.272500 1.000000002996 1.000000002996
910 2.275000 1.000000002986 1.000000002986
911 2.277500 1.000000002976 1.000000002976
912 2.280000 1.000000002966 1.000000002966
913 2.282500 1.000000002956 1.000000002956
914 2.285000 1.000000002946 1.000000002946
915 2.287500 1.000000002936 1.000000002936
916 2.290000 1.000000002927 1.000000002927
917 2.292500 1.000000002917 1.000000002917
918 2.295000 1.000000002907 1.000000002907
919 2.297500 1.000000002898 1.000000002898
920 2.300000 1.000000002888 1.000000002888
921 2.302500 1.000000002878 1.000000002878
922 2.305000 1.000000002869 1.000000002869
923 2.307500 1.000000002860 1.000000002860
924 2.310000 1.000000002850 1.000000002850
925 2.312500 1.000000002841 1.000000002841
926 2.315000 1.000000002832 1.000000002832
927 2.317500 1.000000002823 1.000000002823
928 2.320000 1.000000002814 1.000000002814
929 2.322500 1.000000002805 1.000000002805
930 2.325000 1.000000002797 1.000000002797
931 2.327500 1.000000002788 1.000000002788
932 2.330000 1.000000002780 1.000000002780
933 2.332500 1.000000002771 1.000000002771
934 2.335000 1.000000002763 1.000000002763
935 2.337500 1.000000002755 1.000000002755
936 2.340000 1.000000002747 1.000000002747
937 2.342500 1.000000002739 1.000000002739
938 2.345000 1.000000002731 1.000000002731
939 2.347500 1.000000002724 1.000000002724
940 2.350000 1.000000002716 1.000000002716
941 2.352500 1.000000002709 1.000000002709
942 2.355000 1.000000002701 1.000000002701
943 2.357500 1.000000002694 1.000000002694
