# l[48]( l_48(t) ) connection: point26-point27
# n t l_48(t)      l_differential_48(t)
0 0.000000 1.000000000000 1.000000000000
1 0.002500 1.000000000000 1.000000000000
2 0.005000 1.000000000000 1.000000000000
3 0.007500 1.000000000000 1.000000000000
4 0.010000 1.000000000000 1.000000000000
5 0.012500 1.000000000000 1.000000000000
6 0.015000 1.000000000000 1.000000000000
7 0.017500 1.000000000000 1.000000000000
8 0.020000 1.000000000000 1.000000000000
9 0.022500 1.000000000000 1.000000000000
10 0.025000 1.000000000000 1.000000000000
11 0.027500 1.000000000000 1.000000000000
12 0.030000 1.000000000000 1.000000000000
13 0.032500 1.000000000000 1.000000000000
14 0.035000 1.000000000000 1.000000000000
15 0.037500 1.000000000000 1.000000000000
16 0.040000 1.000000000000 1.000000000000
17 0.042500 1.000000000000 1.000000000000
18 0.045000 1.000000000000 1.000000000000
19 0.047500 1.000000000000 1.000000000000
20 0.050000 1.000000000000 1.000000000000
21 0.052500 1.000000000000 1.000000000000
22 0.055000 1.000000000000 1.000000000000
23 0.057500 1.000000000000 1.000000000000
24 0.060000 1.000000000000 1.000000000000
25 0.062500 1.000000000000 1.000000000000
26 0.065000 1.000000000000 1.000000000000
27 0.067500 1.000000000000 1.000000000000
28 0.070000 1.000000000000 1.000000000000
29 0.072500 1.000000000000 1.000000000000
30 0.075000 1.000000000000 1.000000000000
31 0.077500 1.000000000000 1.000000000000
32 0.080000 1.000000000000 1.000000000000
33 0.082500 1.000000000000 1.000000000000
34 0.085000 1.000000000000 1.000000000000
35 0.087500 1.000000000000 1.000000000000
36 0.090000 1.000000000000 1.000000000000
37 0.092500 1.000000000000 1.000000000000
38 0.095000 1.000000000000 1.000000000000
39 0.097500 1.000000000000 1.000000000000
40 0.100000 1.000000000000 1.000000000000
41 0.102500 1.000000000000 1.000000000000
42 0.105000 1.000000000000 1.000000000000
43 0.107500 1.000000000000 1.000000000000
44 0.110000 1.000000000000 1.000000000000
45 0.112500 1.000000000000 1.000000000000
46 0.115000 1.000000000000 1.000000000000
47 0.117500 1.000000000000 1.000000000000
48 0.120000 1.000000000000 1.000000000000
49 0.122500 1.000000000000 1.000000000000
50 0.125000 1.000000000000 1.000000000000
51 0.127500 1.000000000000 1.000000000000
52 0.130000 1.000000000000 1.000000000000
53 0.132500 1.000000000000 1.000000000000
54 0.135000 1.000000000000 1.000000000000
55 0.137500 1.000000000000 1.000000000000
56 0.140000 1.000000000000 1.000000000000
57 0.142500 1.000000000000 1.000000000000
58 0.145000 1.000000000000 1.000000000000
59 0.147500 1.000000000000 1.000000000000
60 0.150000 1.000000000000 1.000000000000
61 0.152500 1.000000000000 1.000000000000
62 0.155000 1.000000000000 1.000000000000
63 0.157500 1.000000000000 1.000000000000
64 0.160000 1.000000000000 1.000000000000
65 0.162500 1.000000000000 1.000000000000
66 0.165000 1.000000000000 1.000000000000
67 0.167500 1.000000000000 1.000000000000
68 0.170000 1.000000000000 1.000000000000
69 0.172500 1.000000000000 1.000000000000
70 0.175000 1.000000000000 1.000000000000
71 0.177500 1.000000000000 1.000000000000
72 0.180000 1.000000000000 1.000000000000
73 0.182500 1.000000000000 1.000000000000
74 0.185000 1.000000000000 1.000000000000
75 0.187500 1.000000000000 1.000000000000
76 0.190000 1.000000000000 1.000000000000
77 0.192500 1.000000000000 1.000000000000
78 0.195000 1.000000000000 1.000000000000
79 0.197500 1.000000000000 1.000000000000
80 0.200000 1.000000000000 1.000000000000
81 0.202500 1.000000000000 1.000000000000
82 0.205000 1.000000000000 1.000000000000
83 0.207500 1.000000000000 1.000000000000
84 0.210000 1.000000000000 1.000000000000
85 0.212500 1.000000000000 1.000000000000
86 0.215000 1.000000000000 1.000000000000
87 0.217500 1.000000000000 1.000000000000
88 0.220000 1.000000000000 1.000000000000
89 0.222500 1.000000000000 1.000000000000
90 0.225000 1.000000000000 1.000000000000
91 0.227500 1.000000000000 1.000000000000
92 0.230000 1.000000000000 1.000000000000
93 0.232500 1.000000000000 1.000000000000
94 0.235000 1.000000000000 1.000000000000
95 0.237500 1.000000000000 1.000000000000
96 0.240000 1.000000000000 1.000000000000
97 0.242500 1.000000000000 1.000000000000
98 0.245000 1.000000000000 1.000000000000
99 0.247500 1.000000000000 1.000000000000
100 0.250000 1.000000000000 1.000000000000
101 0.252500 1.000000000000 1.000000000000
102 0.255000 1.000000000000 1.000000000000
103 0.257500 1.000000000000 1.000000000000
104 0.260000 1.000000000000 1.000000000000
105 0.262500 1.000000000000 1.000000000000
106 0.265000 1.000000000000 1.000000000000
107 0.267500 1.000000000000 1.000000000000
108 0.270000 1.000000000000 1.000000000000
109 0.272500 1.000000000000 1.000000000000
110 0.275000 1.000000000000 1.000000000000
111 0.277500 1.000000000000 1.000000000000
112 0.280000 1.000000000000 1.000000000000
113 0.282500 1.000000000000 1.000000000000
114 0.285000 1.000000000000 1.000000000000
115 0.287500 1.000000000000 1.000000000000
116 0.290000 1.000000000000 1.000000000000
117 0.292500 1.000000000000 1.000000000000
118 0.295000 1.000000000000 1.000000000000
119 0.297500 1.000000000000 1.000000000000
120 0.300000 1.000000000000 1.000000000000
121 0.302500 1.000000000000 1.000000000000
122 0.305000 1.000000000000 1.000000000000
123 0.307500 1.000000000000 1.000000000000
124 0.310000 1.000000000000 1.000000000000
125 0.312500 1.000000000000 1.000000000000
126 0.315000 1.000000000000 1.000000000000
127 0.317500 1.000000000000 1.000000000000
128 0.320000 1.000000000000 1.000000000000
129 0.322500 1.000000000000 1.000000000000
130 0.325000 1.000000000000 1.000000000000
131 0.327500 1.000000000000 1.000000000000
132 0.330000 1.000000000000 1.000000000000
133 0.332500 1.000000000000 1.000000000000
134 0.335000 1.000000000000 1.000000000000
135 0.337500 1.000000000000 1.000000000000
136 0.340000 1.000000000000 1.000000000000
137 0.342500 1.000000000000 1.000000000000
138 0.345000 1.000000000000 1.000000000000
139 0.347500 1.000000000000 1.000000000000
140 0.350000 1.000000000000 1.000000000000
141 0.352500 1.000000000000 1.000000000000
142 0.355000 1.000000000000 1.000000000000
143 0.357500 1.000000000000 1.000000000000
144 0.360000 1.000000000000 1.000000000000
145 0.362500 1.000000000000 1.000000000000
146 0.365000 1.000000000000 1.000000000000
147 0.367500 1.000000000000 1.000000000000
148 0.370000 1.000000000000 1.000000000000
149 0.372500 1.000000000000 1.000000000000
150 0.375000 1.000000000000 1.000000000000
151 0.377500 1.000000000000 1.000000000000
152 0.380000 1.000000000000 1.000000000000
153 0.382500 1.000000000000 1.000000000000
154 0.385000 1.000000000000 1.000000000000
155 0.387500 1.000000000000 1.000000000000
156 0.390000 1.000000000000 1.000000000000
157 0.392500 1.000000000000 1.000000000000
158 0.395000 1.000000000000 1.000000000000
159 0.397500 1.000000000000 1.000000000000
160 0.400000 1.000000000000 1.000000000000
161 0.402500 1.000000000000 1.000000000000
162 0.405000 1.000000000000 1.000000000000
163 0.407500 1.000000000000 1.000000000000
164 0.410000 1.000000000000 1.000000000000
165 0.412500 1.000000000000 1.000000000000
166 0.415000 1.000000000000 1.000000000000
167 0.417500 1.000000000000 1.000000000000
168 0.420000 1.000000000000 1.000000000000
169 0.422500 1.000000000000 1.000000000000
170 0.425000 1.000000000000 1.000000000000
171 0.427500 1.000000000000 1.000000000000
172 0.430000 1.000000000000 1.000000000000
173 0.432500 1.000000000000 1.000000000000
174 0.435000 1.000000000000 1.000000000000
175 0.437500 1.000000000000 1.000000000000
176 0.440000 1.000000000000 1.000000000000
177 0.442500 1.000000000000 1.000000000000
178 0.445000 1.000000000000 1.000000000000
179 0.447500 1.000000000000 1.000000000000
180 0.450000 1.000000000000 1.000000000000
181 0.452500 1.000000000000 1.000000000000
182 0.455000 1.000000000000 1.000000000000
183 0.457500 1.000000000000 1.000000000000
184 0.460000 1.000000000000 1.000000000000
185 0.462500 1.000000000000 1.000000000000
186 0.465000 1.000000000000 1.000000000000
187 0.467500 1.000000000000 1.000000000000
188 0.470000 1.000000000000 1.000000000000
189 0.472500 1.000000000000 1.000000000000
190 0.475000 1.000000000000 1.000000000000
191 0.477500 1.000000000000 1.000000000000
192 0.480000 1.000000000000 1.000000000000
193 0.482500 1.000000000000 1.000000000000
194 0.485000 1.000000000000 1.000000000000
195 0.487500 1.000000000000 1.000000000000
196 0.490000 1.000000000000 1.000000000000
197 0.492500 1.000000000000 1.000000000000
198 0.495000 1.000000000000 1.000000000000
199 0.497500 1.000000000000 1.000000000000
200 0.500000 1.000000000000 1.000000000000
201 0.502500 1.000000000000 1.000000000000
202 0.505000 1.000000000000 1.000000000000
203 0.507500 1.000000000000 1.000000000000
204 0.510000 1.000000000000 1.000000000000
205 0.512500 1.000000000000 1.000000000000
206 0.515000 1.000000000000 1.000000000000
207 0.517500 1.000000000000 1.000000000000
208 0.520000 1.000000000000 1.000000000000
209 0.522500 1.000000000000 1.000000000000
210 0.525000 1.000000000000 1.000000000000
211 0.527500 1.000000000000 1.000000000000
212 0.530000 1.000000000000 1.000000000000
213 0.532500 1.000000000000 1.000000000000
214 0.535000 1.000000000000 1.000000000000
215 0.537500 1.000000000000 1.000000000000
216 0.540000 1.000000000000 1.000000000000
217 0.542500 1.000000000000 1.000000000000
218 0.545000 1.000000000000 1.000000000000
219 0.547500 1.000000000000 1.000000000000
220 0.550000 1.000000000000 1.000000000000
221 0.552500 1.000000000000 1.000000000000
222 0.555000 1.000000000000 1.000000000000
223 0.557500 1.000000000000 1.000000000000
224 0.560000 1.000000000000 1.000000000000
225 0.562500 1.000000000000 1.000000000000
226 0.565000 1.000000000000 1.000000000000
227 0.567500 1.000000000000 1.000000000000
228 0.570000 1.000000000000 1.000000000000
229 0.572500 1.000000000000 1.000000000000
230 0.575000 1.000000000000 1.000000000000
231 0.577500 1.000000000000 1.000000000000
232 0.580000 1.000000000000 1.000000000000
233 0.582500 1.000000000000 1.000000000000
234 0.585000 1.000000000000 1.000000000000
235 0.587500 1.000000000000 1.000000000000
236 0.590000 1.000000000000 1.000000000000
237 0.592500 1.000000000000 1.000000000000
238 0.595000 1.000000000000 1.000000000000
239 0.597500 1.000000000000 1.000000000000
240 0.600000 1.000000000000 1.000000000000
241 0.602500 1.000000000000 1.000000000000
242 0.605000 1.000000000000 1.000000000000
243 0.607500 1.000000000000 1.000000000000
244 0.610000 1.000000000000 1.000000000000
245 0.612500 1.000000000000 1.000000000000
246 0.615000 1.000000000000 1.000000000000
247 0.617500 1.000000000000 1.000000000000
248 0.620000 1.000000000000 1.000000000000
249 0.622500 1.000000000000 1.000000000000
250 0.625000 1.000000000000 1.000000000000
251 0.627500 1.000000000000 1.000000000000
252 0.630000 1.000000000000 1.000000000000
253 0.632500 1.000000000000 1.000000000000
254 0.635000 1.000000000000 1.000000000000
255 0.637500 1.000000000000 1.000000000000
256 0.640000 1.000000000000 1.000000000000
257 0.642500 1.000000000000 1.000000000000
258 0.645000 1.000000000000 1.000000000000
259 0.647500 1.000000000000 1.000000000000
260 0.650000 1.000000000000 1.000000000000
261 0.652500 1.000000000000 1.000000000000
262 0.655000 1.000000000000 1.000000000000
263 0.657500 1.000000000000 1.000000000000
264 0.660000 1.000000000000 1.000000000000
265 0.662500 1.000000000000 1.000000000000
266 0.665000 1.000000000000 1.000000000000
267 0.667500 1.000000000000 1.000000000000
268 0.670000 1.000000000000 1.000000000000
269 0.672500 1.000000000000 1.000000000000
270 0.675000 1.000000000000 1.000000000000
271 0.677500 1.000000000000 1.000000000000
272 0.680000 1.000000000000 1.000000000000
273 0.682500 1.000000000000 1.000000000000
274 0.685000 1.000000000000 1.000000000000
275 0.687500 1.000000000000 1.000000000000
276 0.690000 1.000000000000 1.000000000000
277 0.692500 1.000000000000 1.000000000000
278 0.695000 1.000000000000 1.000000000000
279 0.697500 1.000000000000 1.000000000000
280 0.700000 1.000000000000 1.000000000000
281 0.702500 1.000000000000 1.000000000000
282 0.705000 1.000000000000 1.000000000000
283 0.707500 1.000000000000 1.000000000000
284 0.710000 1.000000000000 1.000000000000
285 0.712500 1.000000000000 1.000000000000
286 0.715000 1.000000000000 1.000000000000
287 0.717500 1.000000000000 1.000000000000
288 0.720000 1.000000000000 1.000000000000
289 0.722500 1.000000000000 1.000000000000
290 0.725000 1.000000000000 1.000000000000
291 0.727500 1.000000000000 1.000000000000
292 0.730000 1.000000000000 1.000000000000
293 0.732500 1.000000000000 1.000000000000
294 0.735000 1.000000000000 1.000000000000
295 0.737500 1.000000000000 1.000000000000
296 0.740000 1.000000000000 1.000000000000
297 0.742500 1.000000000000 1.000000000000
298 0.745000 1.000000000000 1.000000000000
299 0.747500 1.000000000000 1.000000000000
300 0.750000 1.000000000000 1.000000000000
301 0.752500 1.000000000000 1.000000000000
302 0.755000 1.000000000000 1.000000000000
303 0.757500 1.000000000000 1.000000000000
304 0.760000 1.000000000000 1.000000000000
305 0.762500 1.000000000000 1.000000000000
306 0.765000 1.000000000000 1.000000000000
307 0.767500 1.000000000000 1.000000000000
308 0.770000 1.000000000000 1.000000000000
309 0.772500 1.000000000000 1.000000000000
310 0.775000 1.000000000000 1.000000000000
311 0.777500 1.000000000000 1.000000000000
312 0.780000 1.000000000000 1.000000000000
313 0.782500 1.000000000000 1.000000000000
314 0.785000 1.000000000000 1.000000000000
315 0.787500 1.000000000000 1.000000000000
316 0.790000 1.000000000000 1.000000000000
317 0.792500 1.000000000000 1.000000000000
318 0.795000 1.000000000000 1.000000000000
319 0.797500 1.000000000000 1.000000000000
320 0.800000 1.000000000000 1.000000000000
321 0.802500 1.000000000000 1.000000000000
322 0.805000 1.000000000000 1.000000000000
323 0.807500 1.000000000000 1.000000000000
324 0.810000 1.000000000000 1.000000000000
325 0.812500 1.000000000000 1.000000000000
326 0.815000 1.000000000000 1.000000000000
327 0.817500 1.000000000000 1.000000000000
328 0.820000 1.000000000000 1.000000000000
329 0.822500 1.000000000000 1.000000000000
330 0.825000 1.000000000000 1.000000000000
331 0.827500 1.000000000000 1.000000000000
332 0.830000 1.000000000000 1.000000000000
333 0.832500 1.000000000000 1.000000000000
334 0.835000 1.000000000000 1.000000000000
335 0.837500 1.000000000000 1.000000000000
336 0.840000 1.000000000000 1.000000000000
337 0.842500 1.000000000000 1.000000000000
338 0.845000 1.000000000000 1.000000000000
339 0.847500 1.000000000000 1.000000000000
340 0.850000 1.000000000000 1.000000000000
341 0.852500 1.000000000000 1.000000000000
342 0.855000 1.000000000000 1.000000000000
343 0.857500 1.000000000000 1.000000000000
344 0.860000 1.000000000000 1.000000000000
345 0.862500 1.000000000000 1.000000000000
346 0.865000 1.000000000000 1.000000000000
347 0.867500 1.000000000000 1.000000000000
348 0.870000 1.000000000000 1.000000000000
349 0.872500 1.000000000000 1.000000000000
350 0.875000 1.000000000000 1.000000000000
351 0.877500 1.000000000000 1.000000000000
352 0.880000 1.000000000000 1.000000000000
353 0.882500 1.000000000000 1.000000000000
354 0.885000 1.000000000000 1.000000000000
355 0.887500 1.000000000000 1.000000000000
356 0.890000 1.000000000000 1.000000000000
357 0.892500 1.000000000000 1.000000000000
358 0.895000 1.000000000000 1.000000000000
359 0.897500 1.000000000000 1.000000000000
360 0.900000 1.000000000000 1.000000000000
361 0.902500 1.000000000000 1.000000000000
362 0.905000 1.000000000000 1.000000000000
363 0.907500 1.000000000000 1.000000000000
364 0.910000 1.000000000000 1.000000000000
365 0.912500 1.000000000000 1.000000000000
366 0.915000 1.000000000000 1.000000000000
367 0.917500 1.000000000000 1.000000000000
368 0.920000 1.000000000000 1.000000000000
369 0.922500 1.000000000000 1.000000000000
370 0.925000 1.000000000000 1.000000000000
371 0.927500 1.000000000000 1.000000000000
372 0.930000 1.000000000000 1.000000000000
373 0.932500 1.000000000000 1.000000000000
374 0.935000 1.000000000000 1.000000000000
375 0.937500 1.000000000000 1.000000000000
376 0.940000 1.000000000000 1.000000000000
377 0.942500 1.000000000000 1.000000000000
378 0.945000 1.000000000000 1.000000000000
379 0.947500 1.000000000000 1.000000000000
380 0.950000 1.000000000000 1.000000000000
381 0.952500 1.000000000000 1.000000000000
382 0.955000 1.000000000000 1.000000000000
383 0.957500 1.000000000000 1.000000000000
384 0.960000 1.000000000000 1.000000000000
385 0.962500 1.000000000000 1.000000000000
386 0.965000 1.000000000000 1.000000000000
387 0.967500 1.000000000000 1.000000000000
388 0.970000 1.000000000000 1.000000000000
389 0.972500 1.000000000000 1.000000000000
390 0.975000 1.000000000000 1.000000000000
391 0.977500 1.000000000000 1.000000000000
392 0.980000 1.000000000000 1.000000000000
393 0.982500 1.000000000000 1.000000000000
394 0.985000 1.000000000000 1.000000000000
395 0.987500 1.000000000000 1.000000000000
396 0.990000 1.000000000000 1.000000000000
397 0.992500 1.000000000000 1.000000000000
398 0.995000 1.000000000000 1.000000000000
399 0.997500 1.000000000000 1.000000000000
400 1.000000 1.000000000000 1.000000000000
401 1.002500 1.000000000000 1.000000000000
402 1.005000 1.000000000000 1.000000000000
403 1.007500 1.000000000000 1.000000000000
404 1.010000 1.000000000000 1.000000000000
405 1.012500 1.000000000000 1.000000000000
406 1.015000 1.000000000000 1.000000000000
407 1.017500 1.000000000000 1.000000000000
408 1.020000 1.000000000000 1.000000000000
409 1.022500 1.000000000000 1.000000000000
410 1.025000 1.000000000000 1.000000000000
411 1.027500 1.000000000000 1.000000000000
412 1.030000 1.000000000000 1.000000000000
413 1.032500 1.000000000000 1.000000000000
414 1.035000 1.000000000000 1.000000000000
415 1.037500 1.000000000000 1.000000000000
416 1.040000 1.000000000000 1.000000000000
417 1.042500 1.000000000000 1.000000000000
418 1.045000 1.000000000000 1.000000000000
419 1.047500 1.000000000000 1.000000000000
420 1.050000 1.000000000000 1.000000000000
421 1.052500 1.000000000000 1.000000000000
422 1.055000 1.000000000000 1.000000000000
423 1.057500 1.000000000000 1.000000000000
424 1.060000 1.000000000000 1.000000000000
425 1.062500 1.000000000000 1.000000000000
426 1.065000 1.000000000000 1.000000000000
427 1.067500 1.000000000000 1.000000000000
428 1.070000 1.000000000000 1.000000000000
429 1.072500 1.000000000000 1.000000000000
430 1.075000 1.000000000000 1.000000000000
431 1.077500 1.000000000000 1.000000000000
432 1.080000 1.000000000000 1.000000000000
433 1.082500 1.000000000000 1.000000000000
434 1.085000 1.000000000000 1.000000000000
435 1.087500 1.000000000000 1.000000000000
436 1.090000 1.000000000000 1.000000000000
437 1.092500 1.000000000000 1.000000000000
438 1.095000 1.000000000000 1.000000000000
439 1.097500 1.000000000000 1.000000000000
440 1.100000 1.000000000000 1.000000000000
441 1.102500 1.000000000000 1.000000000000
442 1.105000 1.000000000000 1.000000000000
443 1.107500 1.000000000000 1.000000000000
444 1.110000 1.000000000000 1.000000000000
445 1.112500 1.000000000000 1.000000000000
446 1.115000 1.000000000000 1.000000000000
447 1.117500 1.000000000000 1.000000000000
448 1.120000 1.000000000000 1.000000000000
449 1.122500 1.000000000000 1.000000000000
450 1.125000 1.000000000000 1.000000000000
451 1.127500 1.000000000000 1.000000000000
452 1.130000 1.000000000000 1.000000000000
453 1.132500 1.000000000000 1.000000000000
454 1.135000 1.000000000000 1.000000000000
455 1.137500 1.000000000000 1.000000000000
456 1.140000 1.000000000000 1.000000000000
457 1.142500 1.000000000000 1.000000000000
458 1.145000 1.000000000000 1.000000000000
459 1.147500 1.000000000000 1.000000000000
460 1.150000 1.000000000000 1.000000000000
461 1.152500 1.000000000000 1.000000000000
462 1.155000 1.000000000000 1.000000000000
463 1.157500 1.000000000000 1.000000000000
464 1.160000 1.000000000000 1.000000000000
465 1.162500 1.000000000000 1.000000000000
466 1.165000 1.000000000000 1.000000000000
467 1.167500 1.000000000000 1.000000000000
468 1.170000 1.000000000000 1.000000000000
469 1.172500 1.000000000000 1.000000000000
470 1.175000 1.000000000000 1.000000000000
471 1.177500 1.000000000000 1.000000000000
472 1.180000 1.000000000001 1.000000000001
473 1.182500 1.000000000001 1.000000000001
474 1.185000 1.000000000001 1.000000000001
475 1.187500 1.000000000001 1.000000000001
476 1.190000 1.000000000001 1.000000000001
477 1.192500 1.000000000001 1.000000000001
478 1.195000 1.000000000001 1.000000000001
479 1.197500 1.000000000001 1.000000000001
480 1.200000 1.000000000002 1.000000000002
481 1.202500 1.000000000002 1.000000000002
482 1.205000 1.000000000002 1.000000000002
483 1.207500 1.000000000003 1.000000000003
484 1.210000 1.000000000003 1.000000000003
485 1.212500 1.000000000003 1.000000000003
486 1.215000 1.000000000004 1.000000000004
487 1.217500 1.000000000004 1.000000000004
488 1.220000 1.000000000005 1.000000000005
489 1.222500 1.000000000005 1.000000000005
490 1.225000 1.000000000006 1.000000000006
491 1.227500 1.000000000006 1.000000000006
492 1.230000 1.000000000007 1.000000000007
493 1.232500 1.000000000008 1.000000000008
494 1.235000 1.000000000008 1.000000000008
495 1.237500 1.000000000009 1.000000000009
496 1.240000 1.000000000010 1.000000000010
497 1.242500 1.000000000011 1.000000000011
498 1.245000 1.000000000012 1.000000000012
499 1.247500 1.000000000013 1.000000000013
500 1.250000 1.000000000014 1.000000000014
501 1.252500 1.000000000015 1.000000000015
502 1.255000 1.000000000016 1.000000000016
503 1.257500 1.000000000017 1.000000000017
504 1.260000 1.000000000018 1.000000000018
505 1.262500 1.000000000020 1.000000000020
506 1.265000 1.000000000021 1.000000000021
507 1.267500 1.000000000023 1.000000000023
508 1.270000 1.000000000024 1.000000000024
509 1.272500 1.000000000026 1.000000000026
510 1.275000 1.000000000027 1.000000000027
511 1.277500 1.000000000029 1.000000000029
512 1.280000 1.000000000031 1.000000000031
513 1.282500 1.000000000033 1.000000000033
514 1.285000 1.000000000035 1.000000000035
515 1.287500 1.000000000036 1.000000000036
516 1.290000 1.000000000039 1.000000000039
517 1.292500 1.000000000041 1.000000000041
518 1.295000 1.000000000043 1.000000000043
519 1.297500 1.000000000045 1.000000000045
520 1.300000 1.000000000047 1.000000000047
521 1.302500 1.000000000050 1.000000000050
522 1.305000 1.000000000052 1.000000000052
523 1.307500 1.000000000054 1.000000000054
524 1.310000 1.000000000057 1.000000000057
525 1.312500 1.000000000060 1.000000000060
526 1.315000 1.000000000062 1.000000000062
527 1.317500 1.000000000065 1.000000000065
528 1.320000 1.000000000068 1.000000000068
529 1.322500 1.000000000071 1.000000000071
530 1.325000 1.000000000074 1.000000000074
531 1.327500 1.000000000077 1.000000000077
532 1.330000 1.000000000080 1.000000000080
533 1.332500 1.000000000083 1.000000000083
534 1.335000 1.000000000086 1.000000000086
535 1.337500 1.000000000090 1.000000000090
536 1.340000 1.000000000093 1.000000000093
537 1.342500 1.000000000096 1.000000000096
538 1.345000 1.000000000100 1.000000000100
539 1.347500 1.000000000104 1.000000000104
540 1.350000 1.000000000107 1.000000000107
541 1.352500 1.000000000111 1.000000000111
542 1.355000 1.000000000115 1.000000000115
543 1.357500 1.000000000119 1.000000000119
544 1.360000 1.000000000123 1.000000000123
545 1.362500 1.000000000127 1.000000000127
546 1.365000 1.000000000131 1.000000000131
547 1.367500 1.000000000135 1.000000000135
548 1.370000 1.000000000139 1.000000000139
549 1.372500 1.000000000144 1.000000000144
550 1.375000 1.000000000148 1.000000000148
551 1.377500 1.000000000153 1.000000000153
552 1.380000 1.000000000157 1.000000000157
553 1.382500 1.000000000162 1.000000000162
554 1.385000 1.000000000167 1.000000000167
555 1.387500 1.000000000171 1.000000000171
556 1.390000 1.000000000176 1.000000000176
557 1.392500 1.000000000181 1.000000000181
558 1.395000 1.000000000186 1.000000000186
559 1.397500 1.000000000191 1.000000000191
560 1.400000 1.000000000196 1.000000000196
561 1.402500 1.000000000201 1.000000000201
562 1.405000 1.000000000207 1.000000000207
563 1.407500 1.000000000212 1.000000000212
564 1.410000 1.000000000217 1.000000000217
565 1.412500 1.000000000223 1.000000000223
566 1.415000 1.000000000228 1.000000000228
567 1.417500 1.000000000234 1.000000000234
568 1.420000 1.000000000240 1.000000000240
569 1.422500 1.000000000245 1.000000000245
570 1.425000 1.000000000251 1.000000000251
571 1.427500 1.000000000257 1.000000000257
572 1.430000 1.000000000263 1.000000000263
573 1.432500 1.000000000269 1.000000000269
574 1.435000 1.000000000275 1.000000000275
575 1.437500 1.000000000281 1.000000000281
576 1.440000 1.000000000287 1.000000000287
577 1.442500 1.000000000293 1.000000000293
578 1.445000 1.000000000300 1.000000000300
579 1.447500 1.000000000306 1.000000000306
580 1.450000 1.000000000313 1.000000000313
581 1.452500 1.000000000319 1.000000000319
582 1.455000 1.000000000326 1.000000000326
583 1.457500 1.000000000332 1.000000000332
584 1.460000 1.000000000339 1.000000000339
585 1.462500 1.000000000346 1.000000000346
586 1.465000 1.000000000352 1.000000000352
587 1.467500 1.000000000359 1.000000000359
588 1.470000 1.000000000366 1.000000000366
589 1.472500 1.000000000373 1.000000000373
590 1.475000 1.000000000380 1.000000000380
591 1.477500 1.000000000387 1.000000000387
592 1.480000 1.000000000394 1.000000000394
593 1.482500 1.000000000402 1.000000000402
594 1.485000 1.000000000409 1.000000000409
595 1.487500 1.000000000416 1.000000000416
596 1.490000 1.000000000424 1.000000000424
597 1.492500 1.000000000431 1.000000000431
598 1.495000 1.000000000438 1.000000000438
599 1.497500 1.000000000446 1.000000000446
600 1.500000 1.000000000454 1.000000000454
601 1.502500 1.000000000461 1.000000000461
602 1.505000 1.000000000469 1.000000000469
603 1.507500 1.000000000477 1.000000000477
604 1.510000 1.000000000485 1.000000000485
605 1.512500 1.000000000492 1.000000000492
606 1.515000 1.000000000500 1.000000000500
607 1.517500 1.000000000508 1.000000000508
608 1.520000 1.000000000516 1.000000000516
609 1.522500 1.000000000524 1.000000000524
610 1.525000 1.000000000532 1.000000000532
611 1.527500 1.000000000541 1.000000000541
612 1.530000 1.000000000549 1.000000000549
613 1.532500 1.000000000557 1.000000000557
614 1.535000 1.000000000565 1.000000000565
615 1.537500 1.000000000574 1.000000000574
616 1.540000 1.000000000582 1.000000000582
617 1.542500 1.000000000591 1.000000000591
618 1.545000 1.000000000599 1.000000000599
619 1.547500 1.000000000608 1.000000000608
620 1.550000 1.000000000616 1.000000000616
621 1.552500 1.000000000625 1.000000000625
622 1.555000 1.000000000634 1.000000000634
623 1.557500 1.000000000642 1.000000000642
624 1.560000 1.000000000651 1.000000000651
625 1.562500 1.000000000660 1.000000000660
626 1.565000 1.000000000669 1.000000000669
627 1.567500 1.000000000678 1.000000000678
628 1.570000 1.000000000686 1.000000000686
629 1.572500 1.000000000695 1.000000000695
630 1.575000 1.000000000704 1.000000000704
631 1.577500 1.000000000714 1.000000000714
632 1.580000 1.000000000723 1.000000000723
633 1.582500 1.000000000732 1.000000000732
634 1.585000 1.000000000741 1.000000000741
635 1.587500 1.000000000750 1.000000000750
636 1.590000 1.000000000759 1.000000000759
637 1.592500 1.000000000769 1.000000000769
638 1.595000 1.000000000778 1.000000000778
639 1.597500 1.000000000787 1.000000000787
640 1.600000 1.000000000797 1.000000000797
641 1.602500 1.000000000806 1.000000000806
642 1.605000 1.000000000816 1.000000000816
643 1.607500 1.000000000825 1.000000000825
644 1.610000 1.000000000835 1.000000000835
645 1.612500 1.000000000844 1.000000000844
646 1.615000 1.000000000854 1.000000000854
647 1.617500 1.000000000864 1.000000000864
648 1.620000 1.000000000873 1.000000000873
649 1.622500 1.000000000883 1.000000000883
650 1.625000 1.000000000893 1.000000000893
651 1.627500 1.000000000903 1.000000000903
652 1.630000 1.000000000913 1.000000000913
653 1.632500 1.000000000922 1.000000000922
654 1.635000 1.000000000932 1.000000000932
655 1.637500 1.000000000942 1.000000000942
656 1.640000 1.000000000952 1.000000000952
657 1.642500 1.000000000962 1.000000000962
658 1.645000 1.000000000972 1.000000000972
659 1.647500 1.000000000982 1.000000000982
660 1.650000 1.000000000992 1.000000000992
661 1.652500 1.000000001002 1.000000001002
662 1.655000 1.000000001013 1.000000001013
663 1.657500 1.000000001023 1.000000001023
664 1.660000 1.000000001033 1.000000001033
665 1.662500 1.000000001043 1.000000001043
666 1.665000 1.000000001053 1.000000001053
667 1.667500 1.000000001064 1.000000001064
668 1.670000 1.000000001074 1.000000001074
669 1.672500 1.000000001084 1.000000001084
670 1.675000 1.000000001095 1.000000001095
671 1.677500 1.000000001105 1.000000001105
672 1.680000 1.000000001116 1.000000001116
673 1.682500 1.000000001126 1.000000001126
674 1.685000 1.000000001136 1.000000001136
675 1.687500 1.000000001147 1.000000001147
676 1.690000 1.000000001157 1.000000001157
677 1.692500 1.000000001168 1.000000001168
678 1.695000 1.000000001179 1.000000001179
679 1.697500 1.000000001189 1.000000001189
680 1.700000 1.000000001200 1.000000001200
681 1.702500 1.000000001210 1.000000001210
682 1.705000 1.000000001221 1.000000001221
683 1.707500 1.000000001232 1.000000001232
684 1.710000 1.000000001242 1.000000001242
685 1.712500 1.000000001253 1.000000001253
686 1.715000 1.000000001264 1.000000001264
687 1.717500 1.000000001275 1.000000001275
688 1.720000 1.000000001286 1.000000001286
689 1.722500 1.000000001296 1.000000001296
690 1.725000 1.000000001307 1.000000001307
691 1.727500 1.000000001318 1.000000001318
692 1.730000 1.000000001329 1.000000001329
693 1.732500 1.000000001340 1.000000001340
694 1.735000 1.000000001351 1.000000001351
695 1.737500 1.000000001362 1.000000001362
696 1.740000 1.000000001373 1.000000001373
697 1.742500 1.000000001384 1.000000001384
698 1.745000 1.000000001395 1.000000001395
699 1.747500 1.000000001406 1.000000001406
700 1.750000 1.000000001417 1.000000001417
701 1.752500 1.000000001428 1.000000001428
702 1.755000 1.000000001439 1.000000001439
703 1.757500 1.000000001450 1.000000001450
704 1.760000 1.000000001461 1.000000001461
705 1.762500 1.000000001472 1.000000001472
706 1.765000 1.000000001483 1.000000001483
707 1.767500 1.000000001494 1.000000001494
708 1.770000 1.000000001505 1.000000001505
709 1.772500 1.000000001517 1.000000001517
710 1.775000 1.000000001528 1.000000001528
711 1.777500 1.000000001539 1.000000001539
712 1.780000 1.000000001550 1.000000001550
713 1.782500 1.000000001562 1.000000001562
714 1.785000 1.000000001573 1.000000001573
715 1.787500 1.000000001584 1.000000001584
716 1.790000 1.000000001595 1.000000001595
717 1.792500 1.000000001607 1.000000001607
718 1.795000 1.000000001618 1.000000001618
719 1.797500 1.000000001629 1.000000001629
720 1.800000 1.000000001641 1.000000001641
721 1.802500 1.000000001652 1.000000001652
722 1.805000 1.000000001663 1.000000001663
723 1.807500 1.000000001675 1.000000001675
724 1.810000 1.000000001686 1.000000001686
725 1.812500 1.000000001698 1.000000001698
726 1.815000 1.000000001709 1.000000001709
727 1.817500 1.000000001721 1.000000001721
728 1.820000 1.000000001732 1.000000001732
729 1.822500 1.000000001743 1.000000001743
730 1.825000 1.000000001755 1.000000001755
731 1.827500 1.000000001766 1.000000001766
732 1.830000 1.000000001778 1.000000001778
733 1.832500 1.000000001790 1.000000001790
734 1.835000 1.000000001801 1.000000001801
735 1.837500 1.000000001813 1.000000001813
736 1.840000 1.000000001824 1.000000001824
737 1.842500 1.000000001836 1.000000001836
738 1.845000 1.000000001847 1.000000001847
739 1.847500 1.000000001859 1.000000001859
740 1.850000 1.000000001870 1.000000001870
741 1.852500 1.000000001882 1.000000001882
742 1.855000 1.000000001894 1.000000001894
743 1.857500 1.000000001905 1.000000001905
744 1.860000 1.000000001917 1.000000001917
745 1.862500 1.000000001929 1.000000001929
746 1.865000 1.000000001940 1.000000001940
747 1.867500 1.000000001952 1.000000001952
748 1.870000 1.000000001964 1.000000001964
749 1.872500 1.000000001975 1.000000001975
750 1.875000 1.000000001987 1.000000001987
751 1.877500 1.000000001999 1.000000001999
752 1.880000 1.000000002010 1.000000002010
753 1.882500 1.000000002022 1.000000002022
754 1.885000 1.000000002034 1.000000002034
755 1.887500 1.000000002046 1.000000002046
756 1.890000 1.000000002057 1.000000002057
757 1.892500 1.000000002069 1.000000002069
758 1.895000 1.000000002081 1.000000002081
759 1.897500 1.000000002093 1.000000002093
760 1.900000 1.000000002104 1.000000002104
761 1.902500 1.000000002116 1.000000002116
762 1.905000 1.000000002128 1.000000002128
763 1.907500 1.000000002140 1.000000002140
764 1.910000 1.000000002152 1.000000002152
765 1.912500 1.000000002163 1.000000002163
766 1.915000 1.000000002175 1.000000002175
767 1.917500 1.000000002187 1.000000002187
768 1.920000 1.000000002199 1.000000002199
769 1.922500 1.000000002211 1.000000002211
770 1.925000 1.000000002223 1.000000002223
771 1.927500 1.000000002235 1.000000002235
772 1.930000 1.000000002246 1.000000002246
773 1.932500 1.000000002258 1.000000002258
774 1.935000 1.000000002270 1.000000002270
775 1.937500 1.000000002282 1.000000002282
776 1.940000 1.000000002294 1.000000002294
777 1.942500 1.000000002306 1.000000002306
778 1.945000 1.000000002318 1.000000002318
779 1.947500 1.000000002330 1.000000002330
780 1.950000 1.000000002342 1.000000002342
781 1.952500 1.000000002354 1.000000002354
782 1.955000 1.000000002365 1.000000002365
783 1.957500 1.000000002377 1.000000002377
784 1.960000 1.000000002389 1.000000002389
785 1.962500 1.000000002401 1.000000002401
786 1.965000 1.000000002413 1.000000002413
787 1.967500 1.000000002425 1.000000002425
788 1.970000 1.000000002437 1.000000002437
789 1.972500 1.000000002449 1.000000002449
790 1.975000 1.000000002461 1.000000002461
791 1.977500 1.000000002473 1.000000002473
792 1.980000 1.000000002485 1.000000002485
793 1.982500 1.000000002497 1.000000002497
794 1.985000 1.000000002509 1.000000002509
795 1.987500 1.000000002521 1.000000002521
796 1.990000 1.000000002533 1.000000002533
797 1.992500 1.000000002545 1.000000002545
798 1.995000 1.000000002557 1.000000002557
799 1.997500 1.000000002569 1.000000002569
800 2.000000 1.000000002581 1.000000002581
801 2.002500 1.000000002593 1.000000002593
802 2.005000 1.000000002605 1.000000002605
803 2.007500 1.000000002617 1.000000002617
804 2.010000 1.000000002629 1.000000002629
805 2.012500 1.000000002641 1.000000002641
806 2.015000 1.000000002653 1.000000002653
807 2.017500 1.000000002665 1.000000002665
808 2.020000 1.000000002677 1.000000002677
809 2.022500 1.000000002689 1.000000002689
810 2.025000 1.000000002702 1.000000002702
811 2.027500 1.000000002714 1.000000002714
812 2.030000 1.000000002726 1.000000002726
813 2.032500 1.000000002738 1.000000002738
814 2.035000 1.000000002750 1.000000002750
815 2.037500 1.000000002762 1.000000002762
816 2.040000 1.000000002774 1.000000002774
817 2.042500 1.000000002786 1.000000002786
818 2.045000 1.000000002798 1.000000002798
819 2.047500 1.000000002810 1.000000002810
820 2.050000 1.000000002822 1.000000002822
821 2.052500 1.000000002834 1.000000002834
822 2.055000 1.000000002846 1.000000002846
823 2.057500 1.000000002859 1.000000002859
824 2.060000 1.000000002871 1.000000002871
825 2.062500 1.000000002883 1.000000002883
826 2.065000 1.000000002895 1.000000002895
827 2.067500 1.000000002907 1.000000002907
828 2.070000 1.000000002919 1.000000002919
829 2.072500 1.000000002931 1.000000002931
830 2.075000 1.000000002943 1.000000002943
831 2.077500 1.000000002955 1.000000002955
832 2.080000 1.000000002968 1.000000002968
833 2.082500 1.000000002980 1.000000002980
834 2.085000 1.000000002992 1.000000002992
835 2.087500 1.000000003004 1.000000003004
836 2.090000 1.000000003016 1.000000003016
837 2.092500 1.000000003028 1.000000003028
838 2.095000 1.000000003040 1.000000003040
839 2.097500 1.000000003052 1.000000003052
840 2.100000 1.000000003064 1.000000003064
841 2.102500 1.000000003076 1.000000003076
842 2.105000 1.000000003088 1.000000003088
843 2.107500 1.000000003100 1.000000003100
844 2.110000 1.000000003112 1.000000003112
845 2.112500 1.000000003124 1.000000003124
846 2.115000 1.000000003136 1.000000003136
847 2.117500 1.000000003148 1.000000003148
848 2.120000 1.000000003159 1.000000003159
849 2.122500 1.000000003171 1.000000003171
850 2.125000 1.000000003182 1.000000003182
851 2.127500 1.000000003194 1.000000003194
852 2.130000 1.000000003205 1.000000003205
853 2.132500 1.000000003216 1.000000003216
854 2.135000 1.000000003227 1.000000003227
855 2.137500 1.000000003237 1.000000003237
856 2.140000 1.000000003248 1.000000003248
857 2.142500 1.000000003258 1.000000003258
858 2.145000 1.000000003268 1.000000003268
859 2.147500 1.000000003278 1.000000003278
860 2.150000 1.000000003288 1.000000003288
861 2.152500 1.000000003297 1.000000003297
862 2.155000 1.000000003306 1.000000003306
863 2.157500 1.000000003314 1.000000003314
864 2.160000 1.000000003322 1.000000003322
865 2.162500 1.000000003330 1.000000003330
866 2.165000 1.000000003338 1.000000003338
867 2.167500 1.000000003345 1.000000003345
868 2.170000 1.000000003351 1.000000003351
869 2.172500 1.000000003357 1.000000003357
870 2.175000 1.000000003363 1.000000003363
871 2.177500 1.000000003368 1.000000003368
872 2.180000 1.000000003373 1.000000003373
873 2.182500 1.000000003377 1.000000003377
874 2.185000 1.000000003381 1.000000003381
875 2.187500 1.000000003384 1.000000003384
876 2.190000 1.000000003386 1.000000003386
877 2.192500 1.000000003389 1.000000003389
878 2.195000 1.000000003390 1.000000003390
879 2.197500 1.000000003391 1.000000003391
880 2.200000 1.000000003392 1.000000003392
881 2.202500 1.000000003392 1.000000003392
882 2.205000 1.000000003392 1.000000003392
883 2.207500 1.000000003391 1.000000003391
884 2.210000 1.000000003390 1.000000003390
885 2.212500 1.000000003388 1.000000003388
886 2.215000 1.000000003386 1.000000003386
887 2.217500 1.000000003383 1.000000003383
888 2.220000 1.000000003380 1.000000003380
889 2.222500 1.000000003377 1.000000003377
890 2.225000 1.000000003373 1.000000003373
891 2.227500 1.000000003369 1.000000003369
892 2.230000 1.000000003365 1.000000003365
893 2.232500 1.000000003361 1.000000003361
894 2.235000 1.000000003356 1.000000003356
895 2.237500 1.000000003351 1.000000003351
896 2.240000 1.000000003346 1.000000003346
897 2.242500 1.000000003340 1.000000003340
898 2.245000 1.000000003335 1.000000003335
899 2.247500 1.000000003329 1.000000003329
900 2.250000 1.000000003323 1.000000003323
901 2.252500 1.000000003317 1.000000003317
902 2.255000 1.000000003311 1.000000003311
903 2.257500 1.000000003305 1.000000003305
904 2.260000 1.000000003299 1.000000003299
905 2.262500 1.000000003293 1.000000003293
906 2.265000 1.000000003286 1.000000003286
907 2.267500 1.000000003280 1.000000003280
908 2.270000 1.000000003274 1.000000003274
909 2.272500 1.000000003267 1.000000003267
910 2.275000 1.000000003261 1.000000003261
911 2.277500 1.000000003255 1.000000003255
912 2.280000 1.000000003248 1.000000003248
913 2.282500 1.000000003242 1.000000003242
914 2.285000 1.000000003235 1.000000003235
915 2.287500 1.000000003229 1.000000003229
916 2.290000 1.000000003223 1.000000003223
917 2.292500 1.000000003216 1.000000003216
918 2.295000 1.000000003210 1.000000003210
919 2.297500 1.000000003203 1.000000003203
920 2.300000 1.000000003197 1.000000003197
921 2.302500 1.000000003191 1.000000003191
922 2.305000 1.000000003184 1.000000003184
923 2.307500 1.000000003178 1.000000003178
924 2.310000 1.000000003171 1.000000003171
925 2.312500 1.000000003165 1.000000003165
926 2.315000 1.000000003158 1.000000003158
927 2.317500 1.000000003152 1.000000003152
928 2.320000 1.000000003145 1.000000003145
929 2.322500 1.000000003139 1.000000003139
930 2.325000 1.000000003132 1.000000003132
931 2.327500 1.000000003126 1.000000003126
932 2.330000 1.000000003119 1.000000003119
933 2.332500 1.000000003112 1.000000003112
934 2.335000 1.000000003106 1.000000003106
935 2.337500 1.000000003099 1.000000003099
936 2.340000 1.000000003092 1.000000003092
937 2.342500 1.000000003085 1.000000003085
938 2.345000 1.000000003078 1.000000003078
939 2.347500 1.000000003072 1.000000003072
940 2.350000 1.000000003065 1.000000003065
941 2.352500 1.000000003058 1.000000003058
942 2.355000 1.000000003051 1.000000003051
943 2.357500 1.000000003044 1.000000003044
