# l[27]( l_27(t) ) connection: point14-point20
# n t l_27(t)      l_differential_27(t)
0 0.000000 1.000000000000 1.000000000000
1 0.002500 1.000000000000 1.000000000000
2 0.005000 1.000000000000 1.000000000000
3 0.007500 1.000000000000 1.000000000000
4 0.010000 1.000000000000 1.000000000000
5 0.012500 1.000000000000 1.000000000000
6 0.015000 1.000000000000 1.000000000000
7 0.017500 1.000000000000 1.000000000000
8 0.020000 1.000000000000 1.000000000000
9 0.022500 1.000000000000 1.000000000000
10 0.025000 1.000000000000 1.000000000000
11 0.027500 1.000000000000 1.000000000000
12 0.030000 1.000000000000 1.000000000000
13 0.032500 1.000000000000 1.000000000000
14 0.035000 1.000000000000 1.000000000000
15 0.037500 1.000000000000 1.000000000000
16 0.040000 1.000000000000 1.000000000000
17 0.042500 1.000000000000 1.000000000000
18 0.045000 1.000000000000 1.000000000000
19 0.047500 1.000000000000 1.000000000000
20 0.050000 1.000000000000 1.000000000000
21 0.052500 1.000000000000 1.000000000000
22 0.055000 1.000000000000 1.000000000000
23 0.057500 1.000000000000 1.000000000000
24 0.060000 1.000000000000 1.000000000000
25 0.062500 1.000000000000 1.000000000000
26 0.065000 1.000000000000 1.000000000000
27 0.067500 1.000000000000 1.000000000000
28 0.070000 1.000000000000 1.000000000000
29 0.072500 1.000000000000 1.000000000000
30 0.075000 1.000000000000 1.000000000000
31 0.077500 1.000000000000 1.000000000000
32 0.080000 1.000000000000 1.000000000000
33 0.082500 1.000000000000 1.000000000000
34 0.085000 1.000000000000 1.000000000000
35 0.087500 1.000000000000 1.000000000000
36 0.090000 1.000000000000 1.000000000000
37 0.092500 1.000000000000 1.000000000000
38 0.095000 1.000000000000 1.000000000000
39 0.097500 1.000000000000 1.000000000000
40 0.100000 1.000000000000 1.000000000000
41 0.102500 1.000000000000 1.000000000000
42 0.105000 1.000000000000 1.000000000000
43 0.107500 1.000000000000 1.000000000000
44 0.110000 1.000000000000 1.000000000000
45 0.112500 1.000000000000 1.000000000000
46 0.115000 1.000000000000 1.000000000000
47 0.117500 1.000000000000 1.000000000000
48 0.120000 1.000000000000 1.000000000000
49 0.122500 1.000000000000 1.000000000000
50 0.125000 1.000000000000 1.000000000000
51 0.127500 1.000000000000 1.000000000000
52 0.130000 1.000000000000 1.000000000000
53 0.132500 1.000000000000 1.000000000000
54 0.135000 1.000000000000 1.000000000000
55 0.137500 1.000000000000 1.000000000000
56 0.140000 1.000000000000 1.000000000000
57 0.142500 1.000000000000 1.000000000000
58 0.145000 1.000000000000 1.000000000000
59 0.147500 1.000000000000 1.000000000000
60 0.150000 1.000000000000 1.000000000000
61 0.152500 1.000000000000 1.000000000000
62 0.155000 1.000000000000 1.000000000000
63 0.157500 1.000000000000 1.000000000000
64 0.160000 1.000000000000 1.000000000000
65 0.162500 1.000000000000 1.000000000000
66 0.165000 1.000000000000 1.000000000000
67 0.167500 1.000000000000 1.000000000000
68 0.170000 1.000000000000 1.000000000000
69 0.172500 1.000000000000 1.000000000000
70 0.175000 1.000000000000 1.000000000000
71 0.177500 1.000000000000 1.000000000000
72 0.180000 1.000000000000 1.000000000000
73 0.182500 1.000000000000 1.000000000000
74 0.185000 1.000000000000 1.000000000000
75 0.187500 1.000000000000 1.000000000000
76 0.190000 1.000000000000 1.000000000000
77 0.192500 1.000000000000 1.000000000000
78 0.195000 1.000000000000 1.000000000000
79 0.197500 1.000000000000 1.000000000000
80 0.200000 1.000000000000 1.000000000000
81 0.202500 1.000000000000 1.000000000000
82 0.205000 1.000000000000 1.000000000000
83 0.207500 1.000000000000 1.000000000000
84 0.210000 1.000000000000 1.000000000000
85 0.212500 1.000000000000 1.000000000000
86 0.215000 1.000000000000 1.000000000000
87 0.217500 1.000000000000 1.000000000000
88 0.220000 1.000000000000 1.000000000000
89 0.222500 1.000000000000 1.000000000000
90 0.225000 1.000000000000 1.000000000000
91 0.227500 1.000000000000 1.000000000000
92 0.230000 1.000000000000 1.000000000000
93 0.232500 1.000000000000 1.000000000000
94 0.235000 1.000000000000 1.000000000000
95 0.237500 1.000000000000 1.000000000000
96 0.240000 1.000000000000 1.000000000000
97 0.242500 1.000000000000 1.000000000000
98 0.245000 1.000000000000 1.000000000000
99 0.247500 1.000000000000 1.000000000000
100 0.250000 1.000000000000 1.000000000000
101 0.252500 1.000000000000 1.000000000000
102 0.255000 1.000000000000 1.000000000000
103 0.257500 1.000000000000 1.000000000000
104 0.260000 1.000000000000 1.000000000000
105 0.262500 1.000000000000 1.000000000000
106 0.265000 1.000000000000 1.000000000000
107 0.267500 1.000000000000 1.000000000000
108 0.270000 1.000000000000 1.000000000000
109 0.272500 1.000000000000 1.000000000000
110 0.275000 1.000000000000 1.000000000000
111 0.277500 1.000000000000 1.000000000000
112 0.280000 1.000000000000 1.000000000000
113 0.282500 1.000000000000 1.000000000000
114 0.285000 1.000000000000 1.000000000000
115 0.287500 1.000000000000 1.000000000000
116 0.290000 1.000000000000 1.000000000000
117 0.292500 1.000000000000 1.000000000000
118 0.295000 1.000000000000 1.000000000000
119 0.297500 1.000000000000 1.000000000000
120 0.300000 1.000000000000 1.000000000000
121 0.302500 1.000000000000 1.000000000000
122 0.305000 1.000000000000 1.000000000000
123 0.307500 1.000000000000 1.000000000000
124 0.310000 1.000000000000 1.000000000000
125 0.312500 1.000000000000 1.000000000000
126 0.315000 1.000000000000 1.000000000000
127 0.317500 1.000000000000 1.000000000000
128 0.320000 1.000000000000 1.000000000000
129 0.322500 1.000000000000 1.000000000000
130 0.325000 1.000000000000 1.000000000000
131 0.327500 1.000000000000 1.000000000000
132 0.330000 1.000000000000 1.000000000000
133 0.332500 1.000000000000 1.000000000000
134 0.335000 1.000000000000 1.000000000000
135 0.337500 1.000000000000 1.000000000000
136 0.340000 1.000000000000 1.000000000000
137 0.342500 1.000000000000 1.000000000000
138 0.345000 1.000000000000 1.000000000000
139 0.347500 1.000000000000 1.000000000000
140 0.350000 1.000000000000 1.000000000000
141 0.352500 1.000000000000 1.000000000000
142 0.355000 1.000000000000 1.000000000000
143 0.357500 1.000000000000 1.000000000000
144 0.360000 1.000000000000 1.000000000000
145 0.362500 1.000000000000 1.000000000000
146 0.365000 1.000000000000 1.000000000000
147 0.367500 1.000000000000 1.000000000000
148 0.370000 1.000000000000 1.000000000000
149 0.372500 1.000000000000 1.000000000000
150 0.375000 1.000000000000 1.000000000000
151 0.377500 1.000000000000 1.000000000000
152 0.380000 1.000000000000 1.000000000000
153 0.382500 1.000000000000 1.000000000000
154 0.385000 1.000000000000 1.000000000000
155 0.387500 1.000000000000 1.000000000000
156 0.390000 1.000000000000 1.000000000000
157 0.392500 1.000000000000 1.000000000000
158 0.395000 1.000000000000 1.000000000000
159 0.397500 1.000000000000 1.000000000000
160 0.400000 1.000000000000 1.000000000000
161 0.402500 1.000000000000 1.000000000000
162 0.405000 1.000000000000 1.000000000000
163 0.407500 1.000000000000 1.000000000000
164 0.410000 1.000000000000 1.000000000000
165 0.412500 1.000000000000 1.000000000000
166 0.415000 1.000000000000 1.000000000000
167 0.417500 1.000000000000 1.000000000000
168 0.420000 1.000000000000 1.000000000000
169 0.422500 1.000000000000 1.000000000000
170 0.425000 1.000000000000 1.000000000000
171 0.427500 1.000000000000 1.000000000000
172 0.430000 1.000000000000 1.000000000000
173 0.432500 1.000000000000 1.000000000000
174 0.435000 1.000000000000 1.000000000000
175 0.437500 1.000000000000 1.000000000000
176 0.440000 1.000000000000 1.000000000000
177 0.442500 1.000000000000 1.000000000000
178 0.445000 1.000000000000 1.000000000000
179 0.447500 1.000000000000 1.000000000000
180 0.450000 1.000000000000 1.000000000000
181 0.452500 1.000000000000 1.000000000000
182 0.455000 1.000000000000 1.000000000000
183 0.457500 1.000000000000 1.000000000000
184 0.460000 1.000000000000 1.000000000000
185 0.462500 1.000000000000 1.000000000000
186 0.465000 1.000000000000 1.000000000000
187 0.467500 1.000000000000 1.000000000000
188 0.470000 1.000000000000 1.000000000000
189 0.472500 1.000000000000 1.000000000000
190 0.475000 1.000000000000 1.000000000000
191 0.477500 1.000000000000 1.000000000000
192 0.480000 1.000000000000 1.000000000000
193 0.482500 1.000000000000 1.000000000000
194 0.485000 1.000000000000 1.000000000000
195 0.487500 1.000000000000 1.000000000000
196 0.490000 1.000000000000 1.000000000000
197 0.492500 1.000000000000 1.000000000000
198 0.495000 1.000000000000 1.000000000000
199 0.497500 1.000000000000 1.000000000000
200 0.500000 1.000000000000 1.000000000000
201 0.502500 1.000000000000 1.000000000000
202 0.505000 1.000000000000 1.000000000000
203 0.507500 1.000000000000 1.000000000000
204 0.510000 1.000000000000 1.000000000000
205 0.512500 1.000000000000 1.000000000000
206 0.515000 1.000000000000 1.000000000000
207 0.517500 1.000000000000 1.000000000000
208 0.520000 1.000000000000 1.000000000000
209 0.522500 1.000000000000 1.000000000000
210 0.525000 1.000000000000 1.000000000000
211 0.527500 1.000000000000 1.000000000000
212 0.530000 1.000000000000 1.000000000000
213 0.532500 1.000000000000 1.000000000000
214 0.535000 1.000000000000 1.000000000000
215 0.537500 1.000000000000 1.000000000000
216 0.540000 1.000000000000 1.000000000000
217 0.542500 1.000000000000 1.000000000000
218 0.545000 1.000000000000 1.000000000000
219 0.547500 1.000000000000 1.000000000000
220 0.550000 1.000000000000 1.000000000000
221 0.552500 1.000000000000 1.000000000000
222 0.555000 1.000000000000 1.000000000000
223 0.557500 1.000000000000 1.000000000000
224 0.560000 1.000000000000 1.000000000000
225 0.562500 1.000000000000 1.000000000000
226 0.565000 1.000000000000 1.000000000000
227 0.567500 1.000000000000 1.000000000000
228 0.570000 1.000000000000 1.000000000000
229 0.572500 1.000000000000 1.000000000000
230 0.575000 1.000000000000 1.000000000000
231 0.577500 1.000000000000 1.000000000000
232 0.580000 1.000000000000 1.000000000000
233 0.582500 1.000000000000 1.000000000000
234 0.585000 1.000000000000 1.000000000000
235 0.587500 1.000000000000 1.000000000000
236 0.590000 1.000000000000 1.000000000000
237 0.592500 1.000000000000 1.000000000000
238 0.595000 1.000000000000 1.000000000000
239 0.597500 1.000000000000 1.000000000000
240 0.600000 1.000000000000 1.000000000000
241 0.602500 1.000000000000 1.000000000000
242 0.605000 1.000000000000 1.000000000000
243 0.607500 1.000000000000 1.000000000000
244 0.610000 1.000000000000 1.000000000000
245 0.612500 1.000000000000 1.000000000000
246 0.615000 1.000000000000 1.000000000000
247 0.617500 1.000000000000 1.000000000000
248 0.620000 1.000000000000 1.000000000000
249 0.622500 1.000000000000 1.000000000000
250 0.625000 1.000000000000 1.000000000000
251 0.627500 1.000000000000 1.000000000000
252 0.630000 1.000000000000 1.000000000000
253 0.632500 1.000000000000 1.000000000000
254 0.635000 1.000000000000 1.000000000000
255 0.637500 1.000000000000 1.000000000000
256 0.640000 1.000000000000 1.000000000000
257 0.642500 1.000000000000 1.000000000000
258 0.645000 1.000000000000 1.000000000000
259 0.647500 1.000000000000 1.000000000000
260 0.650000 1.000000000000 1.000000000000
261 0.652500 1.000000000000 1.000000000000
262 0.655000 1.000000000000 1.000000000000
263 0.657500 1.000000000000 1.000000000000
264 0.660000 1.000000000000 1.000000000000
265 0.662500 1.000000000000 1.000000000000
266 0.665000 1.000000000000 1.000000000000
267 0.667500 1.000000000000 1.000000000000
268 0.670000 1.000000000000 1.000000000000
269 0.672500 1.000000000000 1.000000000000
270 0.675000 1.000000000000 1.000000000000
271 0.677500 1.000000000000 1.000000000000
272 0.680000 1.000000000000 1.000000000000
273 0.682500 1.000000000000 1.000000000000
274 0.685000 1.000000000000 1.000000000000
275 0.687500 1.000000000000 1.000000000000
276 0.690000 1.000000000000 1.000000000000
277 0.692500 1.000000000000 1.000000000000
278 0.695000 1.000000000000 1.000000000000
279 0.697500 1.000000000000 1.000000000000
280 0.700000 1.000000000000 1.000000000000
281 0.702500 1.000000000000 1.000000000000
282 0.705000 1.000000000000 1.000000000000
283 0.707500 1.000000000000 1.000000000000
284 0.710000 1.000000000000 1.000000000000
285 0.712500 1.000000000000 1.000000000000
286 0.715000 1.000000000000 1.000000000000
287 0.717500 1.000000000000 1.000000000000
288 0.720000 1.000000000000 1.000000000000
289 0.722500 1.000000000000 1.000000000000
290 0.725000 1.000000000000 1.000000000000
291 0.727500 1.000000000000 1.000000000000
292 0.730000 1.000000000000 1.000000000000
293 0.732500 1.000000000000 1.000000000000
294 0.735000 1.000000000000 1.000000000000
295 0.737500 1.000000000000 1.000000000000
296 0.740000 1.000000000000 1.000000000000
297 0.742500 1.000000000000 1.000000000000
298 0.745000 1.000000000000 1.000000000000
299 0.747500 1.000000000000 1.000000000000
300 0.750000 1.000000000000 1.000000000000
301 0.752500 1.000000000000 1.000000000000
302 0.755000 1.000000000000 1.000000000000
303 0.757500 1.000000000000 1.000000000000
304 0.760000 1.000000000000 1.000000000000
305 0.762500 1.000000000000 1.000000000000
306 0.765000 1.000000000000 1.000000000000
307 0.767500 1.000000000000 1.000000000000
308 0.770000 1.000000000000 1.000000000000
309 0.772500 1.000000000000 1.000000000000
310 0.775000 1.000000000000 1.000000000000
311 0.777500 1.000000000000 1.000000000000
312 0.780000 1.000000000000 1.000000000000
313 0.782500 1.000000000000 1.000000000000
314 0.785000 1.000000000000 1.000000000000
315 0.787500 1.000000000000 1.000000000000
316 0.790000 1.000000000000 1.000000000000
317 0.792500 1.000000000000 1.000000000000
318 0.795000 1.000000000000 1.000000000000
319 0.797500 1.000000000000 1.000000000000
320 0.800000 1.000000000000 1.000000000000
321 0.802500 1.000000000000 1.000000000000
322 0.805000 1.000000000000 1.000000000000
323 0.807500 1.000000000000 1.000000000000
324 0.810000 1.000000000000 1.000000000000
325 0.812500 1.000000000000 1.000000000000
326 0.815000 1.000000000000 1.000000000000
327 0.817500 1.000000000000 1.000000000000
328 0.820000 1.000000000000 1.000000000000
329 0.822500 1.000000000000 1.000000000000
330 0.825000 1.000000000000 1.000000000000
331 0.827500 1.000000000000 1.000000000000
332 0.830000 1.000000000000 1.000000000000
333 0.832500 1.000000000000 1.000000000000
334 0.835000 1.000000000000 1.000000000000
335 0.837500 1.000000000000 1.000000000000
336 0.840000 1.000000000000 1.000000000000
337 0.842500 1.000000000000 1.000000000000
338 0.845000 1.000000000000 1.000000000000
339 0.847500 1.000000000000 1.000000000000
340 0.850000 1.000000000000 1.000000000000
341 0.852500 1.000000000000 1.000000000000
342 0.855000 1.000000000000 1.000000000000
343 0.857500 1.000000000000 1.000000000000
344 0.860000 1.000000000000 1.000000000000
345 0.862500 1.000000000000 1.000000000000
346 0.865000 1.000000000000 1.000000000000
347 0.867500 1.000000000000 1.000000000000
348 0.870000 1.000000000000 1.000000000000
349 0.872500 1.000000000000 1.000000000000
350 0.875000 1.000000000000 1.000000000000
351 0.877500 1.000000000000 1.000000000000
352 0.880000 1.000000000000 1.000000000000
353 0.882500 1.000000000000 1.000000000000
354 0.885000 1.000000000000 1.000000000000
355 0.887500 1.000000000000 1.000000000000
356 0.890000 1.000000000000 1.000000000000
357 0.892500 1.000000000000 1.000000000000
358 0.895000 1.000000000000 1.000000000000
359 0.897500 1.000000000000 1.000000000000
360 0.900000 1.000000000000 1.000000000000
361 0.902500 1.000000000000 1.000000000000
362 0.905000 1.000000000000 1.000000000000
363 0.907500 1.000000000000 1.000000000000
364 0.910000 1.000000000000 1.000000000000
365 0.912500 1.000000000000 1.000000000000
366 0.915000 1.000000000000 1.000000000000
367 0.917500 1.000000000000 1.000000000000
368 0.920000 1.000000000000 1.000000000000
369 0.922500 1.000000000000 1.000000000000
370 0.925000 1.000000000000 1.000000000000
371 0.927500 1.000000000000 1.000000000000
372 0.930000 1.000000000000 1.000000000000
373 0.932500 1.000000000000 1.000000000000
374 0.935000 1.000000000000 1.000000000000
375 0.937500 1.000000000000 1.000000000000
376 0.940000 1.000000000000 1.000000000000
377 0.942500 1.000000000000 1.000000000000
378 0.945000 1.000000000000 1.000000000000
379 0.947500 1.000000000000 1.000000000000
380 0.950000 1.000000000000 1.000000000000
381 0.952500 1.000000000000 1.000000000000
382 0.955000 1.000000000000 1.000000000000
383 0.957500 1.000000000000 1.000000000000
384 0.960000 1.000000000000 1.000000000000
385 0.962500 1.000000000000 1.000000000000
386 0.965000 1.000000000000 1.000000000000
387 0.967500 1.000000000000 1.000000000000
388 0.970000 1.000000000000 1.000000000000
389 0.972500 1.000000000000 1.000000000000
390 0.975000 1.000000000000 1.000000000000
391 0.977500 1.000000000000 1.000000000000
392 0.980000 1.000000000000 1.000000000000
393 0.982500 1.000000000000 1.000000000000
394 0.985000 1.000000000000 1.000000000000
395 0.987500 1.000000000000 1.000000000000
396 0.990000 1.000000000000 1.000000000000
397 0.992500 1.000000000000 1.000000000000
398 0.995000 1.000000000000 1.000000000000
399 0.997500 1.000000000000 1.000000000000
400 1.000000 1.000000000000 1.000000000000
401 1.002500 1.000000000000 1.000000000000
402 1.005000 1.000000000000 1.000000000000
403 1.007500 1.000000000000 1.000000000000
404 1.010000 1.000000000000 1.000000000000
405 1.012500 1.000000000000 1.000000000000
406 1.015000 1.000000000000 1.000000000000
407 1.017500 1.000000000000 1.000000000000
408 1.020000 1.000000000000 1.000000000000
409 1.022500 1.000000000000 1.000000000000
410 1.025000 1.000000000000 1.000000000000
411 1.027500 1.000000000000 1.000000000000
412 1.030000 1.000000000000 1.000000000000
413 1.032500 1.000000000000 1.000000000000
414 1.035000 1.000000000000 1.000000000000
415 1.037500 1.000000000000 1.000000000000
416 1.040000 1.000000000000 1.000000000000
417 1.042500 1.000000000000 1.000000000000
418 1.045000 1.000000000000 1.000000000000
419 1.047500 1.000000000000 1.000000000000
420 1.050000 1.000000000000 1.000000000000
421 1.052500 1.000000000000 1.000000000000
422 1.055000 1.000000000000 1.000000000000
423 1.057500 1.000000000000 1.000000000000
424 1.060000 1.000000000000 1.000000000000
425 1.062500 1.000000000000 1.000000000000
426 1.065000 1.000000000000 1.000000000000
427 1.067500 1.000000000000 1.000000000000
428 1.070000 1.000000000000 1.000000000000
429 1.072500 1.000000000000 1.000000000000
430 1.075000 1.000000000000 1.000000000000
431 1.077500 1.000000000000 1.000000000000
432 1.080000 1.000000000000 1.000000000000
433 1.082500 1.000000000000 1.000000000000
434 1.085000 1.000000000000 1.000000000000
435 1.087500 1.000000000000 1.000000000000
436 1.090000 1.000000000000 1.000000000000
437 1.092500 1.000000000000 1.000000000000
438 1.095000 1.000000000000 1.000000000000
439 1.097500 1.000000000000 1.000000000000
440 1.100000 1.000000000000 1.000000000000
441 1.102500 1.000000000000 1.000000000000
442 1.105000 1.000000000000 1.000000000000
443 1.107500 1.000000000000 1.000000000000
444 1.110000 1.000000000000 1.000000000000
445 1.112500 1.000000000000 1.000000000000
446 1.115000 1.000000000000 1.000000000000
447 1.117500 1.000000000000 1.000000000000
448 1.120000 1.000000000000 1.000000000000
449 1.122500 1.000000000000 1.000000000000
450 1.125000 1.000000000001 1.000000000001
451 1.127500 1.000000000001 1.000000000001
452 1.130000 1.000000000001 1.000000000001
453 1.132500 1.000000000001 1.000000000001
454 1.135000 1.000000000001 1.000000000001
455 1.137500 1.000000000001 1.000000000001
456 1.140000 1.000000000002 1.000000000002
457 1.142500 1.000000000002 1.000000000002
458 1.145000 1.000000000002 1.000000000002
459 1.147500 1.000000000003 1.000000000003
460 1.150000 1.000000000003 1.000000000003
461 1.152500 1.000000000004 1.000000000004
462 1.155000 1.000000000004 1.000000000004
463 1.157500 1.000000000005 1.000000000005
464 1.160000 1.000000000005 1.000000000005
465 1.162500 1.000000000006 1.000000000006
466 1.165000 1.000000000007 1.000000000007
467 1.167500 1.000000000008 1.000000000008
468 1.170000 1.000000000008 1.000000000008
469 1.172500 1.000000000009 1.000000000009
470 1.175000 1.000000000010 1.000000000010
471 1.177500 1.000000000012 1.000000000012
472 1.180000 1.000000000013 1.000000000013
473 1.182500 1.000000000014 1.000000000014
474 1.185000 1.000000000015 1.000000000015
475 1.187500 1.000000000017 1.000000000017
476 1.190000 1.000000000019 1.000000000019
477 1.192500 1.000000000020 1.000000000020
478 1.195000 1.000000000022 1.000000000022
479 1.197500 1.000000000024 1.000000000024
480 1.200000 1.000000000026 1.000000000026
481 1.202500 1.000000000028 1.000000000028
482 1.205000 1.000000000030 1.000000000030
483 1.207500 1.000000000032 1.000000000032
484 1.210000 1.000000000035 1.000000000035
485 1.212500 1.000000000037 1.000000000037
486 1.215000 1.000000000040 1.000000000040
487 1.217500 1.000000000042 1.000000000042
488 1.220000 1.000000000045 1.000000000045
489 1.222500 1.000000000048 1.000000000048
490 1.225000 1.000000000051 1.000000000051
491 1.227500 1.000000000054 1.000000000054
492 1.230000 1.000000000058 1.000000000058
493 1.232500 1.000000000061 1.000000000061
494 1.235000 1.000000000064 1.000000000064
495 1.237500 1.000000000068 1.000000000068
496 1.240000 1.000000000071 1.000000000071
497 1.242500 1.000000000075 1.000000000075
498 1.245000 1.000000000079 1.000000000079
499 1.247500 1.000000000083 1.000000000083
500 1.250000 1.000000000087 1.000000000087
501 1.252500 1.000000000091 1.000000000091
502 1.255000 1.000000000095 1.000000000095
503 1.257500 1.000000000100 1.000000000100
504 1.260000 1.000000000104 1.000000000104
505 1.262500 1.000000000108 1.000000000108
506 1.265000 1.000000000113 1.000000000113
507 1.267500 1.000000000118 1.000000000118
508 1.270000 1.000000000122 1.000000000122
509 1.272500 1.000000000127 1.000000000127
510 1.275000 1.000000000132 1.000000000132
511 1.277500 1.000000000137 1.000000000137
512 1.280000 1.000000000142 1.000000000142
513 1.282500 1.000000000147 1.000000000147
514 1.285000 1.000000000152 1.000000000152
515 1.287500 1.000000000158 1.000000000158
516 1.290000 1.000000000163 1.000000000163
517 1.292500 1.000000000168 1.000000000168
518 1.295000 1.000000000174 1.000000000174
519 1.297500 1.000000000179 1.000000000179
520 1.300000 1.000000000185 1.000000000185
521 1.302500 1.000000000191 1.000000000191
522 1.305000 1.000000000197 1.000000000197
523 1.307500 1.000000000202 1.000000000202
524 1.310000 1.000000000208 1.000000000208
525 1.312500 1.000000000214 1.000000000214
526 1.315000 1.000000000220 1.000000000220
527 1.317500 1.000000000226 1.000000000226
528 1.320000 1.000000000232 1.000000000232
529 1.322500 1.000000000238 1.000000000238
530 1.325000 1.000000000245 1.000000000245
531 1.327500 1.000000000251 1.000000000251
532 1.330000 1.000000000257 1.000000000257
533 1.332500 1.000000000263 1.000000000263
534 1.335000 1.000000000270 1.000000000270
535 1.337500 1.000000000276 1.000000000276
536 1.340000 1.000000000283 1.000000000283
537 1.342500 1.000000000289 1.000000000289
538 1.345000 1.000000000296 1.000000000296
539 1.347500 1.000000000303 1.000000000303
540 1.350000 1.000000000309 1.000000000309
541 1.352500 1.000000000316 1.000000000316
542 1.355000 1.000000000323 1.000000000323
543 1.357500 1.000000000329 1.000000000329
544 1.360000 1.000000000336 1.000000000336
545 1.362500 1.000000000343 1.000000000343
546 1.365000 1.000000000350 1.000000000350
547 1.367500 1.000000000357 1.000000000357
548 1.370000 1.000000000364 1.000000000364
549 1.372500 1.000000000371 1.000000000371
550 1.375000 1.000000000378 1.000000000378
551 1.377500 1.000000000385 1.000000000385
552 1.380000 1.000000000392 1.000000000392
553 1.382500 1.000000000400 1.000000000400
554 1.385000 1.000000000407 1.000000000407
555 1.387500 1.000000000414 1.000000000414
556 1.390000 1.000000000421 1.000000000421
557 1.392500 1.000000000429 1.000000000429
558 1.395000 1.000000000436 1.000000000436
559 1.397500 1.000000000443 1.000000000443
560 1.400000 1.000000000451 1.000000000451
561 1.402500 1.000000000458 1.000000000458
562 1.405000 1.000000000466 1.000000000466
563 1.407500 1.000000000473 1.000000000473
564 1.410000 1.000000000481 1.000000000481
565 1.412500 1.000000000488 1.000000000488
566 1.415000 1.000000000496 1.000000000496
567 1.417500 1.000000000503 1.000000000503
568 1.420000 1.000000000511 1.000000000511
569 1.422500 1.000000000519 1.000000000519
570 1.425000 1.000000000526 1.000000000526
571 1.427500 1.000000000534 1.000000000534
572 1.430000 1.000000000542 1.000000000542
573 1.432500 1.000000000550 1.000000000550
574 1.435000 1.000000000557 1.000000000557
575 1.437500 1.000000000565 1.000000000565
576 1.440000 1.000000000573 1.000000000573
577 1.442500 1.000000000581 1.000000000581
578 1.445000 1.000000000589 1.000000000589
579 1.447500 1.000000000597 1.000000000597
580 1.450000 1.000000000605 1.000000000605
581 1.452500 1.000000000613 1.000000000613
582 1.455000 1.000000000621 1.000000000621
583 1.457500 1.000000000629 1.000000000629
584 1.460000 1.000000000637 1.000000000637
585 1.462500 1.000000000645 1.000000000645
586 1.465000 1.000000000653 1.000000000653
587 1.467500 1.000000000661 1.000000000661
588 1.470000 1.000000000669 1.000000000669
589 1.472500 1.000000000677 1.000000000677
590 1.475000 1.000000000685 1.000000000685
591 1.477500 1.000000000693 1.000000000693
592 1.480000 1.000000000702 1.000000000702
593 1.482500 1.000000000710 1.000000000710
594 1.485000 1.000000000718 1.000000000718
595 1.487500 1.000000000726 1.000000000726
596 1.490000 1.000000000735 1.000000000735
597 1.492500 1.000000000743 1.000000000743
598 1.495000 1.000000000751 1.000000000751
599 1.497500 1.000000000760 1.000000000760
600 1.500000 1.000000000768 1.000000000768
601 1.502500 1.000000000776 1.000000000776
602 1.505000 1.000000000785 1.000000000785
603 1.507500 1.000000000793 1.000000000793
604 1.510000 1.000000000802 1.000000000802
605 1.512500 1.000000000810 1.000000000810
606 1.515000 1.000000000818 1.000000000818
607 1.517500 1.000000000827 1.000000000827
608 1.520000 1.000000000835 1.000000000835
609 1.522500 1.000000000844 1.000000000844
610 1.525000 1.000000000852 1.000000000852
611 1.527500 1.000000000861 1.000000000861
612 1.530000 1.000000000870 1.000000000870
613 1.532500 1.000000000878 1.000000000878
614 1.535000 1.000000000887 1.000000000887
615 1.537500 1.000000000895 1.000000000895
616 1.540000 1.000000000904 1.000000000904
617 1.542500 1.000000000913 1.000000000913
618 1.545000 1.000000000921 1.000000000921
619 1.547500 1.000000000930 1.000000000930
620 1.550000 1.000000000939 1.000000000939
621 1.552500 1.000000000947 1.000000000947
622 1.555000 1.000000000956 1.000000000956
623 1.557500 1.000000000965 1.000000000965
624 1.560000 1.000000000973 1.000000000973
625 1.562500 1.000000000982 1.000000000982
626 1.565000 1.000000000991 1.000000000991
627 1.567500 1.000000001000 1.000000001000
628 1.570000 1.000000001009 1.000000001009
629 1.572500 1.000000001017 1.000000001017
630 1.575000 1.000000001026 1.000000001026
631 1.577500 1.000000001035 1.000000001035
632 1.580000 1.000000001044 1.000000001044
633 1.582500 1.000000001053 1.000000001053
634 1.585000 1.000000001062 1.000000001062
635 1.587500 1.000000001070 1.000000001070
636 1.590000 1.000000001079 1.000000001079
637 1.592500 1.000000001088 1.000000001088
638 1.595000 1.000000001097 1.000000001097
639 1.597500 1.000000001106 1.000000001106
640 1.600000 1.000000001115 1.000000001115
641 1.602500 1.000000001124 1.000000001124
642 1.605000 1.000000001133 1.000000001133
643 1.607500 1.000000001142 1.000000001142
644 1.610000 1.000000001151 1.000000001151
645 1.612500 1.000000001160 1.000000001160
646 1.615000 1.000000001169 1.000000001169
647 1.617500 1.000000001178 1.000000001178
648 1.620000 1.000000001187 1.000000001187
649 1.622500 1.000000001196 1.000000001196
650 1.625000 1.000000001205 1.000000001205
651 1.627500 1.000000001214 1.000000001214
652 1.630000 1.000000001223 1.000000001223
653 1.632500 1.000000001232 1.000000001232
654 1.635000 1.000000001241 1.000000001241
655 1.637500 1.000000001251 1.000000001251
656 1.640000 1.000000001260 1.000000001260
657 1.642500 1.000000001269 1.000000001269
658 1.645000 1.000000001278 1.000000001278
659 1.647500 1.000000001287 1.000000001287
660 1.650000 1.000000001296 1.000000001296
661 1.652500 1.000000001305 1.000000001305
662 1.655000 1.000000001315 1.000000001315
663 1.657500 1.000000001324 1.000000001324
664 1.660000 1.000000001333 1.000000001333
665 1.662500 1.000000001342 1.000000001342
666 1.665000 1.000000001351 1.000000001351
667 1.667500 1.000000001361 1.000000001361
668 1.670000 1.000000001370 1.000000001370
669 1.672500 1.000000001379 1.000000001379
670 1.675000 1.000000001388 1.000000001388
671 1.677500 1.000000001398 1.000000001398
672 1.680000 1.000000001407 1.000000001407
673 1.682500 1.000000001416 1.000000001416
674 1.685000 1.000000001426 1.000000001426
675 1.687500 1.000000001435 1.000000001435
676 1.690000 1.000000001444 1.000000001444
677 1.692500 1.000000001454 1.000000001454
678 1.695000 1.000000001463 1.000000001463
679 1.697500 1.000000001472 1.000000001472
680 1.700000 1.000000001482 1.000000001482
681 1.702500 1.000000001491 1.000000001491
682 1.705000 1.000000001500 1.000000001500
683 1.707500 1.000000001510 1.000000001510
684 1.710000 1.000000001519 1.000000001519
685 1.712500 1.000000001528 1.000000001528
686 1.715000 1.000000001538 1.000000001538
687 1.717500 1.000000001547 1.000000001547
688 1.720000 1.000000001557 1.000000001557
689 1.722500 1.000000001566 1.000000001566
690 1.725000 1.000000001576 1.000000001576
691 1.727500 1.000000001585 1.000000001585
692 1.730000 1.000000001594 1.000000001594
693 1.732500 1.000000001604 1.000000001604
694 1.735000 1.000000001613 1.000000001613
695 1.737500 1.000000001623 1.000000001623
696 1.740000 1.000000001632 1.000000001632
697 1.742500 1.000000001642 1.000000001642
698 1.745000 1.000000001651 1.000000001651
699 1.747500 1.000000001661 1.000000001661
700 1.750000 1.000000001670 1.000000001670
701 1.752500 1.000000001680 1.000000001680
702 1.755000 1.000000001689 1.000000001689
703 1.757500 1.000000001699 1.000000001699
704 1.760000 1.000000001708 1.000000001708
705 1.762500 1.000000001718 1.000000001718
706 1.765000 1.000000001727 1.000000001727
707 1.767500 1.000000001737 1.000000001737
708 1.770000 1.000000001747 1.000000001747
709 1.772500 1.000000001756 1.000000001756
710 1.775000 1.000000001766 1.000000001766
711 1.777500 1.000000001775 1.000000001775
712 1.780000 1.000000001785 1.000000001785
713 1.782500 1.000000001795 1.000000001795
714 1.785000 1.000000001804 1.000000001804
715 1.787500 1.000000001814 1.000000001814
716 1.790000 1.000000001823 1.000000001823
717 1.792500 1.000000001833 1.000000001833
718 1.795000 1.000000001843 1.000000001843
719 1.797500 1.000000001852 1.000000001852
720 1.800000 1.000000001862 1.000000001862
721 1.802500 1.000000001872 1.000000001872
722 1.805000 1.000000001881 1.000000001881
723 1.807500 1.000000001891 1.000000001891
724 1.810000 1.000000001901 1.000000001901
725 1.812500 1.000000001910 1.000000001910
726 1.815000 1.000000001920 1.000000001920
727 1.817500 1.000000001930 1.000000001930
728 1.820000 1.000000001939 1.000000001939
729 1.822500 1.000000001949 1.000000001949
730 1.825000 1.000000001959 1.000000001959
731 1.827500 1.000000001969 1.000000001969
732 1.830000 1.000000001978 1.000000001978
733 1.832500 1.000000001988 1.000000001988
734 1.835000 1.000000001998 1.000000001998
735 1.837500 1.000000002007 1.000000002007
736 1.840000 1.000000002017 1.000000002017
737 1.842500 1.000000002027 1.000000002027
738 1.845000 1.000000002037 1.000000002037
739 1.847500 1.000000002046 1.000000002046
740 1.850000 1.000000002056 1.000000002056
741 1.852500 1.000000002066 1.000000002066
742 1.855000 1.000000002076 1.000000002076
743 1.857500 1.000000002086 1.000000002086
744 1.860000 1.000000002095 1.000000002095
745 1.862500 1.000000002105 1.000000002105
746 1.865000 1.000000002115 1.000000002115
747 1.867500 1.000000002125 1.000000002125
748 1.870000 1.000000002135 1.000000002135
749 1.872500 1.000000002144 1.000000002144
750 1.875000 1.000000002154 1.000000002154
751 1.877500 1.000000002164 1.000000002164
752 1.880000 1.000000002174 1.000000002174
753 1.882500 1.000000002184 1.000000002184
754 1.885000 1.000000002194 1.000000002194
755 1.887500 1.000000002204 1.000000002204
756 1.890000 1.000000002213 1.000000002213
757 1.892500 1.000000002223 1.000000002223
758 1.895000 1.000000002233 1.000000002233
759 1.897500 1.000000002243 1.000000002243
760 1.900000 1.000000002253 1.000000002253
761 1.902500 1.000000002263 1.000000002263
762 1.905000 1.000000002273 1.000000002273
763 1.907500 1.000000002283 1.000000002283
764 1.910000 1.000000002292 1.000000002292
765 1.912500 1.000000002302 1.000000002302
766 1.915000 1.000000002312 1.000000002312
767 1.917500 1.000000002322 1.000000002322
768 1.920000 1.000000002332 1.000000002332
769 1.922500 1.000000002342 1.000000002342
770 1.925000 1.000000002352 1.000000002352
771 1.927500 1.000000002362 1.000000002362
772 1.930000 1.000000002372 1.000000002372
773 1.932500 1.000000002382 1.000000002382
774 1.935000 1.000000002392 1.000000002392
775 1.937500 1.000000002402 1.000000002402
776 1.940000 1.000000002412 1.000000002412
777 1.942500 1.000000002422 1.000000002422
778 1.945000 1.000000002432 1.000000002432
779 1.947500 1.000000002441 1.000000002441
780 1.950000 1.000000002451 1.000000002451
781 1.952500 1.000000002461 1.000000002461
782 1.955000 1.000000002471 1.000000002471
783 1.957500 1.000000002481 1.000000002481
784 1.960000 1.000000002491 1.000000002491
785 1.962500 1.000000002501 1.000000002501
786 1.965000 1.000000002511 1.000000002511
787 1.967500 1.000000002521 1.000000002521
788 1.970000 1.000000002531 1.000000002531
789 1.972500 1.000000002541 1.000000002541
790 1.975000 1.000000002551 1.000000002551
791 1.977500 1.000000002561 1.000000002561
792 1.980000 1.000000002571 1.000000002571
793 1.982500 1.000000002582 1.000000002582
794 1.985000 1.000000002592 1.000000002592
795 1.987500 1.000000002602 1.000000002602
796 1.990000 1.000000002612 1.000000002612
797 1.992500 1.000000002622 1.000000002622
798 1.995000 1.000000002632 1.000000002632
799 1.997500 1.000000002642 1.000000002642
800 2.000000 1.000000002652 1.000000002652
801 2.002500 1.000000002662 1.000000002662
802 2.005000 1.000000002672 1.000000002672
803 2.007500 1.000000002682 1.000000002682
804 2.010000 1.000000002692 1.000000002692
805 2.012500 1.000000002702 1.000000002702
806 2.015000 1.000000002712 1.000000002712
807 2.017500 1.000000002722 1.000000002722
808 2.020000 1.000000002732 1.000000002732
809 2.022500 1.000000002742 1.000000002742
810 2.025000 1.000000002753 1.000000002753
811 2.027500 1.000000002763 1.000000002763
812 2.030000 1.000000002773 1.000000002773
813 2.032500 1.000000002783 1.000000002783
814 2.035000 1.000000002793 1.000000002793
815 2.037500 1.000000002803 1.000000002803
816 2.040000 1.000000002813 1.000000002813
817 2.042500 1.000000002823 1.000000002823
818 2.045000 1.000000002833 1.000000002833
819 2.047500 1.000000002844 1.000000002844
820 2.050000 1.000000002854 1.000000002854
821 2.052500 1.000000002864 1.000000002864
822 2.055000 1.000000002874 1.000000002874
823 2.057500 1.000000002884 1.000000002884
824 2.060000 1.000000002894 1.000000002894
825 2.062500 1.000000002904 1.000000002904
826 2.065000 1.000000002914 1.000000002914
827 2.067500 1.000000002924 1.000000002924
828 2.070000 1.000000002934 1.000000002934
829 2.072500 1.000000002944 1.000000002944
830 2.075000 1.000000002954 1.000000002954
831 2.077500 1.000000002964 1.000000002964
832 2.080000 1.000000002973 1.000000002973
833 2.082500 1.000000002983 1.000000002983
834 2.085000 1.000000002992 1.000000002992
835 2.087500 1.000000003002 1.000000003002
836 2.090000 1.000000003011 1.000000003011
837 2.092500 1.000000003020 1.000000003020
838 2.095000 1.000000003029 1.000000003029
839 2.097500 1.000000003038 1.000000003038
840 2.100000 1.000000003046 1.000000003046
841 2.102500 1.000000003054 1.000000003054
842 2.105000 1.000000003062 1.000000003062
843 2.107500 1.000000003070 1.000000003070
844 2.110000 1.000000003077 1.000000003077
845 2.112500 1.000000003084 1.000000003084
846 2.115000 1.000000003091 1.000000003091
847 2.117500 1.000000003097 1.000000003097
848 2.120000 1.000000003103 1.000000003103
849 2.122500 1.000000003108 1.000000003108
850 2.125000 1.000000003113 1.000000003113
851 2.127500 1.000000003117 1.000000003117
852 2.130000 1.000000003121 1.000000003121
853 2.132500 1.000000003124 1.000000003124
854 2.135000 1.000000003127 1.000000003127
855 2.137500 1.000000003129 1.000000003129
856 2.140000 1.000000003131 1.000000003131
857 2.142500 1.000000003132 1.000000003132
858 2.145000 1.000000003132 1.000000003132
859 2.147500 1.000000003132 1.000000003132
860 2.150000 1.000000003131 1.000000003131
861 2.152500 1.000000003129 1.000000003129
862 2.155000 1.000000003127 1.000000003127
863 2.157500 1.000000003124 1.000000003124
864 2.160000 1.000000003121 1.000000003121
865 2.162500 1.000000003117 1.000000003117
866 2.165000 1.000000003112 1.000000003112
867 2.167500 1.000000003107 1.000000003107
868 2.170000 1.000000003101 1.000000003101
869 2.172500 1.000000003095 1.000000003095
870 2.175000 1.000000003088 1.000000003088
871 2.177500 1.000000003080 1.000000003080
872 2.180000 1.000000003072 1.000000003072
873 2.182500 1.000000003064 1.000000003064
874 2.185000 1.000000003055 1.000000003055
875 2.187500 1.000000003045 1.000000003045
876 2.190000 1.000000003035 1.000000003035
877 2.192500 1.000000003024 1.000000003024
878 2.195000 1.000000003014 1.000000003014
879 2.197500 1.000000003002 1.000000003002
880 2.200000 1.000000002991 1.000000002991
881 2.202500 1.000000002979 1.000000002979
882 2.205000 1.000000002967 1.000000002967
883 2.207500 1.000000002954 1.000000002954
884 2.210000 1.000000002942 1.000000002942
885 2.212500 1.000000002929 1.000000002929
886 2.215000 1.000000002915 1.000000002915
887 2.217500 1.000000002902 1.000000002902
888 2.220000 1.000000002889 1.000000002889
889 2.222500 1.000000002875 1.000000002875
890 2.225000 1.000000002861 1.000000002861
891 2.227500 1.000000002847 1.000000002847
892 2.230000 1.000000002834 1.000000002834
893 2.232500 1.000000002820 1.000000002820
894 2.235000 1.000000002806 1.000000002806
895 2.237500 1.000000002792 1.000000002792
896 2.240000 1.000000002778 1.000000002778
897 2.242500 1.000000002764 1.000000002764
898 2.245000 1.000000002750 1.000000002750
899 2.247500 1.000000002736 1.000000002736
900 2.250000 1.000000002723 1.000000002723
901 2.252500 1.000000002709 1.000000002709
902 2.255000 1.000000002696 1.000000002696
903 2.257500 1.000000002682 1.000000002682
904 2.260000 1.000000002669 1.000000002669
905 2.262500 1.000000002656 1.000000002656
906 2.265000 1.000000002643 1.000000002643
907 2.267500 1.000000002630 1.000000002630
908 2.270000 1.000000002617 1.000000002617
909 2.272500 1.000000002604 1.000000002604
910 2.275000 1.000000002592 1.000000002592
911 2.277500 1.000000002579 1.000000002579
912 2.280000 1.000000002567 1.000000002567
913 2.282500 1.000000002555 1.000000002555
914 2.285000 1.000000002543 1.000000002543
915 2.287500 1.000000002531 1.000000002531
916 2.290000 1.000000002520 1.000000002520
917 2.292500 1.000000002508 1.000000002508
918 2.295000 1.000000002497 1.000000002497
919 2.297500 1.000000002486 1.000000002486
920 2.300000 1.000000002475 1.000000002475
921 2.302500 1.000000002464 1.000000002464
922 2.305000 1.000000002454 1.000000002454
923 2.307500 1.000000002443 1.000000002443
924 2.310000 1.000000002433 1.000000002433
925 2.312500 1.000000002423 1.000000002423
926 2.315000 1.000000002413 1.000000002413
927 2.317500 1.000000002403 1.000000002403
928 2.320000 1.000000002393 1.000000002393
929 2.322500 1.000000002384 1.000000002384
930 2.325000 1.000000002375 1.000000002375
931 2.327500 1.000000002365 1.000000002365
932 2.330000 1.000000002356 1.000000002356
933 2.332500 1.000000002347 1.000000002347
934 2.335000 1.000000002338 1.000000002338
935 2.337500 1.000000002330 1.000000002330
936 2.340000 1.000000002321 1.000000002321
937 2.342500 1.000000002313 1.000000002313
938 2.345000 1.000000002305 1.000000002305
939 2.347500 1.000000002296 1.000000002296
940 2.350000 1.000000002288 1.000000002288
941 2.352500 1.000000002281 1.000000002281
942 2.355000 1.000000002273 1.000000002273
943 2.357500 1.000000002265 1.000000002265
