# l[9]( l_9(t) ) connection: point4-point10
# n t l_9(t)      l_differential_9(t)
0 0.000000 1.000000000000 1.000000000000
1 0.002500 1.000000000000 1.000000000000
2 0.005000 1.000000000000 1.000000000000
3 0.007500 1.000000000000 1.000000000000
4 0.010000 1.000000000000 1.000000000000
5 0.012500 1.000000000000 1.000000000000
6 0.015000 1.000000000000 1.000000000000
7 0.017500 1.000000000000 1.000000000000
8 0.020000 1.000000000000 1.000000000000
9 0.022500 1.000000000000 1.000000000000
10 0.025000 1.000000000000 1.000000000000
11 0.027500 1.000000000000 1.000000000000
12 0.030000 1.000000000000 1.000000000000
13 0.032500 1.000000000000 1.000000000000
14 0.035000 1.000000000000 1.000000000000
15 0.037500 1.000000000000 1.000000000000
16 0.040000 1.000000000000 1.000000000000
17 0.042500 1.000000000000 1.000000000000
18 0.045000 1.000000000000 1.000000000000
19 0.047500 1.000000000000 1.000000000000
20 0.050000 1.000000000000 1.000000000000
21 0.052500 1.000000000000 1.000000000000
22 0.055000 1.000000000000 1.000000000000
23 0.057500 1.000000000000 1.000000000000
24 0.060000 1.000000000000 1.000000000000
25 0.062500 1.000000000000 1.000000000000
26 0.065000 1.000000000000 1.000000000000
27 0.067500 1.000000000000 1.000000000000
28 0.070000 1.000000000000 1.000000000000
29 0.072500 1.000000000000 1.000000000000
30 0.075000 1.000000000000 1.000000000000
31 0.077500 1.000000000000 1.000000000000
32 0.080000 1.000000000000 1.000000000000
33 0.082500 1.000000000000 1.000000000000
34 0.085000 1.000000000000 1.000000000000
35 0.087500 1.000000000000 1.000000000000
36 0.090000 1.000000000000 1.000000000000
37 0.092500 1.000000000000 1.000000000000
38 0.095000 1.000000000000 1.000000000000
39 0.097500 1.000000000000 1.000000000000
40 0.100000 1.000000000000 1.000000000000
41 0.102500 1.000000000000 1.000000000000
42 0.105000 1.000000000000 1.000000000000
43 0.107500 1.000000000000 1.000000000000
44 0.110000 1.000000000000 1.000000000000
45 0.112500 1.000000000000 1.000000000000
46 0.115000 1.000000000000 1.000000000000
47 0.117500 1.000000000000 1.000000000000
48 0.120000 1.000000000000 1.000000000000
49 0.122500 1.000000000000 1.000000000000
50 0.125000 1.000000000000 1.000000000000
51 0.127500 1.000000000000 1.000000000000
52 0.130000 1.000000000000 1.000000000000
53 0.132500 1.000000000000 1.000000000000
54 0.135000 1.000000000000 1.000000000000
55 0.137500 1.000000000000 1.000000000000
56 0.140000 1.000000000000 1.000000000000
57 0.142500 1.000000000000 1.000000000000
58 0.145000 1.000000000000 1.000000000000
59 0.147500 1.000000000000 1.000000000000
60 0.150000 1.000000000000 1.000000000000
61 0.152500 1.000000000000 1.000000000000
62 0.155000 1.000000000000 1.000000000000
63 0.157500 1.000000000000 1.000000000000
64 0.160000 1.000000000000 1.000000000000
65 0.162500 1.000000000000 1.000000000000
66 0.165000 1.000000000000 1.000000000000
67 0.167500 1.000000000000 1.000000000000
68 0.170000 1.000000000000 1.000000000000
69 0.172500 1.000000000000 1.000000000000
70 0.175000 1.000000000000 1.000000000000
71 0.177500 1.000000000000 1.000000000000
72 0.180000 1.000000000000 1.000000000000
73 0.182500 1.000000000000 1.000000000000
74 0.185000 1.000000000000 1.000000000000
75 0.187500 1.000000000000 1.000000000000
76 0.190000 1.000000000000 1.000000000000
77 0.192500 1.000000000000 1.000000000000
78 0.195000 1.000000000000 1.000000000000
79 0.197500 1.000000000000 1.000000000000
80 0.200000 1.000000000000 1.000000000000
81 0.202500 1.000000000000 1.000000000000
82 0.205000 1.000000000000 1.000000000000
83 0.207500 1.000000000000 1.000000000000
84 0.210000 1.000000000000 1.000000000000
85 0.212500 1.000000000000 1.000000000000
86 0.215000 1.000000000000 1.000000000000
87 0.217500 1.000000000000 1.000000000000
88 0.220000 1.000000000000 1.000000000000
89 0.222500 1.000000000000 1.000000000000
90 0.225000 1.000000000000 1.000000000000
91 0.227500 1.000000000000 1.000000000000
92 0.230000 1.000000000000 1.000000000000
93 0.232500 1.000000000000 1.000000000000
94 0.235000 1.000000000000 1.000000000000
95 0.237500 1.000000000000 1.000000000000
96 0.240000 1.000000000000 1.000000000000
97 0.242500 1.000000000000 1.000000000000
98 0.245000 1.000000000000 1.000000000000
99 0.247500 1.000000000000 1.000000000000
100 0.250000 1.000000000000 1.000000000000
101 0.252500 1.000000000000 1.000000000000
102 0.255000 1.000000000000 1.000000000000
103 0.257500 1.000000000000 1.000000000000
104 0.260000 1.000000000000 1.000000000000
105 0.262500 1.000000000000 1.000000000000
106 0.265000 1.000000000000 1.000000000000
107 0.267500 1.000000000000 1.000000000000
108 0.270000 1.000000000000 1.000000000000
109 0.272500 1.000000000000 1.000000000000
110 0.275000 1.000000000000 1.000000000000
111 0.277500 1.000000000000 1.000000000000
112 0.280000 1.000000000000 1.000000000000
113 0.282500 1.000000000000 1.000000000000
114 0.285000 1.000000000000 1.000000000000
115 0.287500 1.000000000000 1.000000000000
116 0.290000 1.000000000000 1.000000000000
117 0.292500 1.000000000000 1.000000000000
118 0.295000 1.000000000000 1.000000000000
119 0.297500 1.000000000000 1.000000000000
120 0.300000 1.000000000000 1.000000000000
121 0.302500 1.000000000000 1.000000000000
122 0.305000 1.000000000000 1.000000000000
123 0.307500 1.000000000000 1.000000000000
124 0.310000 1.000000000000 1.000000000000
125 0.312500 1.000000000000 1.000000000000
126 0.315000 1.000000000000 1.000000000000
127 0.317500 1.000000000000 1.000000000000
128 0.320000 1.000000000000 1.000000000000
129 0.322500 1.000000000000 1.000000000000
130 0.325000 1.000000000000 1.000000000000
131 0.327500 1.000000000000 1.000000000000
132 0.330000 1.000000000000 1.000000000000
133 0.332500 1.000000000000 1.000000000000
134 0.335000 1.000000000000 1.000000000000
135 0.337500 1.000000000000 1.000000000000
136 0.340000 1.000000000000 1.000000000000
137 0.342500 1.000000000000 1.000000000000
138 0.345000 1.000000000000 1.000000000000
139 0.347500 1.000000000000 1.000000000000
140 0.350000 1.000000000000 1.000000000000
141 0.352500 1.000000000000 1.000000000000
142 0.355000 1.000000000000 1.000000000000
143 0.357500 1.000000000000 1.000000000000
144 0.360000 1.000000000000 1.000000000000
145 0.362500 1.000000000000 1.000000000000
146 0.365000 1.000000000000 1.000000000000
147 0.367500 1.000000000000 1.000000000000
148 0.370000 1.000000000000 1.000000000000
149 0.372500 1.000000000000 1.000000000000
150 0.375000 1.000000000000 1.000000000000
151 0.377500 1.000000000000 1.000000000000
152 0.380000 1.000000000000 1.000000000000
153 0.382500 1.000000000000 1.000000000000
154 0.385000 1.000000000000 1.000000000000
155 0.387500 1.000000000000 1.000000000000
156 0.390000 1.000000000000 1.000000000000
157 0.392500 1.000000000000 1.000000000000
158 0.395000 1.000000000000 1.000000000000
159 0.397500 1.000000000000 1.000000000000
160 0.400000 1.000000000000 1.000000000000
161 0.402500 1.000000000000 1.000000000000
162 0.405000 1.000000000000 1.000000000000
163 0.407500 1.000000000000 1.000000000000
164 0.410000 1.000000000000 1.000000000000
165 0.412500 1.000000000000 1.000000000000
166 0.415000 1.000000000000 1.000000000000
167 0.417500 1.000000000000 1.000000000000
168 0.420000 1.000000000000 1.000000000000
169 0.422500 1.000000000000 1.000000000000
170 0.425000 1.000000000000 1.000000000000
171 0.427500 1.000000000000 1.000000000000
172 0.430000 1.000000000000 1.000000000000
173 0.432500 1.000000000000 1.000000000000
174 0.435000 1.000000000000 1.000000000000
175 0.437500 1.000000000000 1.000000000000
176 0.440000 1.000000000000 1.000000000000
177 0.442500 1.000000000000 1.000000000000
178 0.445000 1.000000000000 1.000000000000
179 0.447500 1.000000000000 1.000000000000
180 0.450000 1.000000000000 1.000000000000
181 0.452500 1.000000000000 1.000000000000
182 0.455000 1.000000000000 1.000000000000
183 0.457500 1.000000000000 1.000000000000
184 0.460000 1.000000000000 1.000000000000
185 0.462500 1.000000000000 1.000000000000
186 0.465000 1.000000000000 1.000000000000
187 0.467500 1.000000000000 1.000000000000
188 0.470000 1.000000000000 1.000000000000
189 0.472500 1.000000000000 1.000000000000
190 0.475000 1.000000000000 1.000000000000
191 0.477500 1.000000000000 1.000000000000
192 0.480000 1.000000000000 1.000000000000
193 0.482500 1.000000000000 1.000000000000
194 0.485000 1.000000000000 1.000000000000
195 0.487500 1.000000000000 1.000000000000
196 0.490000 1.000000000000 1.000000000000
197 0.492500 1.000000000000 1.000000000000
198 0.495000 1.000000000000 1.000000000000
199 0.497500 1.000000000000 1.000000000000
200 0.500000 1.000000000000 1.000000000000
201 0.502500 1.000000000000 1.000000000000
202 0.505000 1.000000000000 1.000000000000
203 0.507500 1.000000000000 1.000000000000
204 0.510000 1.000000000000 1.000000000000
205 0.512500 1.000000000000 1.000000000000
206 0.515000 1.000000000000 1.000000000000
207 0.517500 1.000000000000 1.000000000000
208 0.520000 1.000000000000 1.000000000000
209 0.522500 1.000000000000 1.000000000000
210 0.525000 1.000000000000 1.000000000000
211 0.527500 1.000000000000 1.000000000000
212 0.530000 1.000000000000 1.000000000000
213 0.532500 1.000000000000 1.000000000000
214 0.535000 1.000000000000 1.000000000000
215 0.537500 1.000000000000 1.000000000000
216 0.540000 1.000000000000 1.000000000000
217 0.542500 1.000000000000 1.000000000000
218 0.545000 1.000000000000 1.000000000000
219 0.547500 1.000000000000 1.000000000000
220 0.550000 1.000000000000 1.000000000000
221 0.552500 1.000000000000 1.000000000000
222 0.555000 1.000000000000 1.000000000000
223 0.557500 1.000000000000 1.000000000000
224 0.560000 1.000000000000 1.000000000000
225 0.562500 1.000000000000 1.000000000000
226 0.565000 1.000000000000 1.000000000000
227 0.567500 1.000000000000 1.000000000000
228 0.570000 1.000000000000 1.000000000000
229 0.572500 1.000000000000 1.000000000000
230 0.575000 1.000000000000 1.000000000000
231 0.577500 1.000000000000 1.000000000000
232 0.580000 1.000000000000 1.000000000000
233 0.582500 1.000000000000 1.000000000000
234 0.585000 1.000000000000 1.000000000000
235 0.587500 1.000000000000 1.000000000000
236 0.590000 1.000000000000 1.000000000000
237 0.592500 1.000000000000 1.000000000000
238 0.595000 1.000000000000 1.000000000000
239 0.597500 1.000000000000 1.000000000000
240 0.600000 1.000000000000 1.000000000000
241 0.602500 1.000000000000 1.000000000000
242 0.605000 1.000000000000 1.000000000000
243 0.607500 1.000000000000 1.000000000000
244 0.610000 1.000000000000 1.000000000000
245 0.612500 1.000000000000 1.000000000000
246 0.615000 1.000000000000 1.000000000000
247 0.617500 1.000000000000 1.000000000000
248 0.620000 1.000000000000 1.000000000000
249 0.622500 1.000000000000 1.000000000000
250 0.625000 1.000000000000 1.000000000000
251 0.627500 1.000000000000 1.000000000000
252 0.630000 1.000000000000 1.000000000000
253 0.632500 1.000000000000 1.000000000000
254 0.635000 1.000000000000 1.000000000000
255 0.637500 1.000000000000 1.000000000000
256 0.640000 1.000000000000 1.000000000000
257 0.642500 1.000000000000 1.000000000000
258 0.645000 1.000000000000 1.000000000000
259 0.647500 1.000000000000 1.000000000000
260 0.650000 1.000000000000 1.000000000000
261 0.652500 1.000000000000 1.000000000000
262 0.655000 1.000000000000 1.000000000000
263 0.657500 1.000000000000 1.000000000000
264 0.660000 1.000000000000 1.000000000000
265 0.662500 1.000000000000 1.000000000000
266 0.665000 1.000000000000 1.000000000000
267 0.667500 1.000000000000 1.000000000000
268 0.670000 1.000000000000 1.000000000000
269 0.672500 1.000000000000 1.000000000000
270 0.675000 1.000000000000 1.000000000000
271 0.677500 1.000000000000 1.000000000000
272 0.680000 1.000000000000 1.000000000000
273 0.682500 1.000000000000 1.000000000000
274 0.685000 1.000000000000 1.000000000000
275 0.687500 1.000000000000 1.000000000000
276 0.690000 1.000000000000 1.000000000000
277 0.692500 1.000000000000 1.000000000000
278 0.695000 1.000000000000 1.000000000000
279 0.697500 1.000000000000 1.000000000000
280 0.700000 1.000000000000 1.000000000000
281 0.702500 1.000000000000 1.000000000000
282 0.705000 1.000000000000 1.000000000000
283 0.707500 1.000000000000 1.000000000000
284 0.710000 1.000000000000 1.000000000000
285 0.712500 1.000000000000 1.000000000000
286 0.715000 1.000000000000 1.000000000000
287 0.717500 1.000000000000 1.000000000000
288 0.720000 1.000000000000 1.000000000000
289 0.722500 1.000000000000 1.000000000000
290 0.725000 1.000000000000 1.000000000000
291 0.727500 1.000000000000 1.000000000000
292 0.730000 1.000000000000 1.000000000000
293 0.732500 1.000000000000 1.000000000000
294 0.735000 1.000000000000 1.000000000000
295 0.737500 1.000000000000 1.000000000000
296 0.740000 1.000000000000 1.000000000000
297 0.742500 1.000000000000 1.000000000000
298 0.745000 1.000000000000 1.000000000000
299 0.747500 1.000000000000 1.000000000000
300 0.750000 1.000000000000 1.000000000000
301 0.752500 1.000000000000 1.000000000000
302 0.755000 1.000000000000 1.000000000000
303 0.757500 1.000000000000 1.000000000000
304 0.760000 1.000000000000 1.000000000000
305 0.762500 1.000000000000 1.000000000000
306 0.765000 1.000000000000 1.000000000000
307 0.767500 1.000000000000 1.000000000000
308 0.770000 1.000000000000 1.000000000000
309 0.772500 1.000000000000 1.000000000000
310 0.775000 1.000000000000 1.000000000000
311 0.777500 1.000000000000 1.000000000000
312 0.780000 1.000000000000 1.000000000000
313 0.782500 1.000000000000 1.000000000000
314 0.785000 1.000000000000 1.000000000000
315 0.787500 1.000000000000 1.000000000000
316 0.790000 1.000000000000 1.000000000000
317 0.792500 1.000000000000 1.000000000000
318 0.795000 1.000000000000 1.000000000000
319 0.797500 1.000000000000 1.000000000000
320 0.800000 1.000000000000 1.000000000000
321 0.802500 1.000000000000 1.000000000000
322 0.805000 1.000000000000 1.000000000000
323 0.807500 1.000000000000 1.000000000000
324 0.810000 1.000000000000 1.000000000000
325 0.812500 1.000000000000 1.000000000000
326 0.815000 1.000000000000 1.000000000000
327 0.817500 1.000000000000 1.000000000000
328 0.820000 1.000000000000 1.000000000000
329 0.822500 1.000000000000 1.000000000000
330 0.825000 1.000000000000 1.000000000000
331 0.827500 1.000000000000 1.000000000000
332 0.830000 1.000000000000 1.000000000000
333 0.832500 1.000000000000 1.000000000000
334 0.835000 1.000000000000 1.000000000000
335 0.837500 1.000000000000 1.000000000000
336 0.840000 1.000000000000 1.000000000000
337 0.842500 1.000000000000 1.000000000000
338 0.845000 1.000000000000 1.000000000000
339 0.847500 1.000000000000 1.000000000000
340 0.850000 1.000000000000 1.000000000000
341 0.852500 1.000000000000 1.000000000000
342 0.855000 1.000000000000 1.000000000000
343 0.857500 1.000000000000 1.000000000000
344 0.860000 1.000000000000 1.000000000000
345 0.862500 1.000000000000 1.000000000000
346 0.865000 1.000000000000 1.000000000000
347 0.867500 1.000000000000 1.000000000000
348 0.870000 1.000000000000 1.000000000000
349 0.872500 1.000000000000 1.000000000000
350 0.875000 1.000000000000 1.000000000000
351 0.877500 1.000000000000 1.000000000000
352 0.880000 1.000000000000 1.000000000000
353 0.882500 1.000000000000 1.000000000000
354 0.885000 1.000000000000 1.000000000000
355 0.887500 1.000000000000 1.000000000000
356 0.890000 1.000000000000 1.000000000000
357 0.892500 1.000000000000 1.000000000000
358 0.895000 1.000000000000 1.000000000000
359 0.897500 1.000000000000 1.000000000000
360 0.900000 1.000000000000 1.000000000000
361 0.902500 1.000000000000 1.000000000000
362 0.905000 1.000000000000 1.000000000000
363 0.907500 1.000000000000 1.000000000000
364 0.910000 1.000000000000 1.000000000000
365 0.912500 1.000000000000 1.000000000000
366 0.915000 1.000000000000 1.000000000000
367 0.917500 1.000000000000 1.000000000000
368 0.920000 1.000000000000 1.000000000000
369 0.922500 1.000000000000 1.000000000000
370 0.925000 1.000000000000 1.000000000000
371 0.927500 1.000000000000 1.000000000000
372 0.930000 1.000000000000 1.000000000000
373 0.932500 1.000000000000 1.000000000000
374 0.935000 1.000000000000 1.000000000000
375 0.937500 1.000000000000 1.000000000000
376 0.940000 1.000000000000 1.000000000000
377 0.942500 1.000000000000 1.000000000000
378 0.945000 1.000000000000 1.000000000000
379 0.947500 1.000000000000 1.000000000000
380 0.950000 1.000000000000 1.000000000000
381 0.952500 1.000000000000 1.000000000000
382 0.955000 1.000000000000 1.000000000000
383 0.957500 1.000000000000 1.000000000000
384 0.960000 1.000000000000 1.000000000000
385 0.962500 1.000000000000 1.000000000000
386 0.965000 1.000000000000 1.000000000000
387 0.967500 1.000000000000 1.000000000000
388 0.970000 1.000000000000 1.000000000000
389 0.972500 1.000000000000 1.000000000000
390 0.975000 1.000000000000 1.000000000000
391 0.977500 1.000000000000 1.000000000000
392 0.980000 1.000000000000 1.000000000000
393 0.982500 1.000000000000 1.000000000000
394 0.985000 1.000000000000 1.000000000000
395 0.987500 1.000000000000 1.000000000000
396 0.990000 1.000000000000 1.000000000000
397 0.992500 1.000000000000 1.000000000000
398 0.995000 1.000000000000 1.000000000000
399 0.997500 1.000000000000 1.000000000000
400 1.000000 1.000000000000 1.000000000000
401 1.002500 1.000000000000 1.000000000000
402 1.005000 1.000000000000 1.000000000000
403 1.007500 1.000000000000 1.000000000000
404 1.010000 1.000000000000 1.000000000000
405 1.012500 1.000000000000 1.000000000000
406 1.015000 1.000000000000 1.000000000000
407 1.017500 1.000000000000 1.000000000000
408 1.020000 1.000000000000 1.000000000000
409 1.022500 1.000000000000 1.000000000000
410 1.025000 1.000000000000 1.000000000000
411 1.027500 1.000000000000 1.000000000000
412 1.030000 1.000000000000 1.000000000000
413 1.032500 1.000000000000 1.000000000000
414 1.035000 1.000000000000 1.000000000000
415 1.037500 1.000000000000 1.000000000000
416 1.040000 1.000000000000 1.000000000000
417 1.042500 1.000000000000 1.000000000000
418 1.045000 1.000000000000 1.000000000000
419 1.047500 1.000000000000 1.000000000000
420 1.050000 1.000000000000 1.000000000000
421 1.052500 1.000000000000 1.000000000000
422 1.055000 1.000000000000 1.000000000000
423 1.057500 1.000000000000 1.000000000000
424 1.060000 1.000000000000 1.000000000000
425 1.062500 1.000000000000 1.000000000000
426 1.065000 1.000000000000 1.000000000000
427 1.067500 1.000000000000 1.000000000000
428 1.070000 1.000000000000 1.000000000000
429 1.072500 1.000000000000 1.000000000000
430 1.075000 1.000000000000 1.000000000000
431 1.077500 1.000000000000 1.000000000000
432 1.080000 1.000000000000 1.000000000000
433 1.082500 1.000000000000 1.000000000000
434 1.085000 1.000000000000 1.000000000000
435 1.087500 1.000000000000 1.000000000000
436 1.090000 1.000000000000 1.000000000000
437 1.092500 1.000000000000 1.000000000000
438 1.095000 1.000000000000 1.000000000000
439 1.097500 1.000000000000 1.000000000000
440 1.100000 1.000000000000 1.000000000000
441 1.102500 1.000000000000 1.000000000000
442 1.105000 1.000000000000 1.000000000000
443 1.107500 1.000000000000 1.000000000000
444 1.110000 1.000000000000 1.000000000000
445 1.112500 1.000000000000 1.000000000000
446 1.115000 1.000000000000 1.000000000000
447 1.117500 1.000000000000 1.000000000000
448 1.120000 1.000000000000 1.000000000000
449 1.122500 1.000000000000 1.000000000000
450 1.125000 1.000000000000 1.000000000000
451 1.127500 1.000000000001 1.000000000001
452 1.130000 1.000000000001 1.000000000001
453 1.132500 1.000000000001 1.000000000001
454 1.135000 1.000000000001 1.000000000001
455 1.137500 1.000000000001 1.000000000001
456 1.140000 1.000000000001 1.000000000001
457 1.142500 1.000000000002 1.000000000002
458 1.145000 1.000000000002 1.000000000002
459 1.147500 1.000000000002 1.000000000002
460 1.150000 1.000000000003 1.000000000003
461 1.152500 1.000000000003 1.000000000003
462 1.155000 1.000000000004 1.000000000004
463 1.157500 1.000000000005 1.000000000005
464 1.160000 1.000000000005 1.000000000005
465 1.162500 1.000000000006 1.000000000006
466 1.165000 1.000000000007 1.000000000007
467 1.167500 1.000000000008 1.000000000008
468 1.170000 1.000000000009 1.000000000009
469 1.172500 1.000000000011 1.000000000011
470 1.175000 1.000000000012 1.000000000012
471 1.177500 1.000000000014 1.000000000014
472 1.180000 1.000000000015 1.000000000015
473 1.182500 1.000000000017 1.000000000017
474 1.185000 1.000000000019 1.000000000019
475 1.187500 1.000000000021 1.000000000021
476 1.190000 1.000000000023 1.000000000023
477 1.192500 1.000000000025 1.000000000025
478 1.195000 1.000000000028 1.000000000028
479 1.197500 1.000000000030 1.000000000030
480 1.200000 1.000000000033 1.000000000033
481 1.202500 1.000000000036 1.000000000036
482 1.205000 1.000000000039 1.000000000039
483 1.207500 1.000000000042 1.000000000042
484 1.210000 1.000000000045 1.000000000045
485 1.212500 1.000000000049 1.000000000049
486 1.215000 1.000000000052 1.000000000052
487 1.217500 1.000000000056 1.000000000056
488 1.220000 1.000000000060 1.000000000060
489 1.222500 1.000000000064 1.000000000064
490 1.225000 1.000000000068 1.000000000068
491 1.227500 1.000000000072 1.000000000072
492 1.230000 1.000000000077 1.000000000077
493 1.232500 1.000000000081 1.000000000081
494 1.235000 1.000000000086 1.000000000086
495 1.237500 1.000000000091 1.000000000091
496 1.240000 1.000000000096 1.000000000096
497 1.242500 1.000000000101 1.000000000101
498 1.245000 1.000000000106 1.000000000106
499 1.247500 1.000000000112 1.000000000112
500 1.250000 1.000000000117 1.000000000117
501 1.252500 1.000000000123 1.000000000123
502 1.255000 1.000000000129 1.000000000129
503 1.257500 1.000000000134 1.000000000134
504 1.260000 1.000000000141 1.000000000141
505 1.262500 1.000000000147 1.000000000147
506 1.265000 1.000000000153 1.000000000153
507 1.267500 1.000000000159 1.000000000159
508 1.270000 1.000000000166 1.000000000166
509 1.272500 1.000000000173 1.000000000173
510 1.275000 1.000000000180 1.000000000180
511 1.277500 1.000000000186 1.000000000186
512 1.280000 1.000000000194 1.000000000194
513 1.282500 1.000000000201 1.000000000201
514 1.285000 1.000000000208 1.000000000208
515 1.287500 1.000000000216 1.000000000216
516 1.290000 1.000000000223 1.000000000223
517 1.292500 1.000000000231 1.000000000231
518 1.295000 1.000000000239 1.000000000239
519 1.297500 1.000000000247 1.000000000247
520 1.300000 1.000000000255 1.000000000255
521 1.302500 1.000000000263 1.000000000263
522 1.305000 1.000000000272 1.000000000272
523 1.307500 1.000000000280 1.000000000280
524 1.310000 1.000000000289 1.000000000289
525 1.312500 1.000000000298 1.000000000298
526 1.315000 1.000000000307 1.000000000307
527 1.317500 1.000000000316 1.000000000316
528 1.320000 1.000000000325 1.000000000325
529 1.322500 1.000000000334 1.000000000334
530 1.325000 1.000000000344 1.000000000344
531 1.327500 1.000000000353 1.000000000353
532 1.330000 1.000000000363 1.000000000363
533 1.332500 1.000000000373 1.000000000373
534 1.335000 1.000000000383 1.000000000383
535 1.337500 1.000000000393 1.000000000393
536 1.340000 1.000000000403 1.000000000403
537 1.342500 1.000000000413 1.000000000413
538 1.345000 1.000000000424 1.000000000424
539 1.347500 1.000000000434 1.000000000434
540 1.350000 1.000000000445 1.000000000445
541 1.352500 1.000000000456 1.000000000456
542 1.355000 1.000000000466 1.000000000466
543 1.357500 1.000000000477 1.000000000477
544 1.360000 1.000000000488 1.000000000488
545 1.362500 1.000000000500 1.000000000500
546 1.365000 1.000000000511 1.000000000511
547 1.367500 1.000000000522 1.000000000522
548 1.370000 1.000000000534 1.000000000534
549 1.372500 1.000000000545 1.000000000545
550 1.375000 1.000000000557 1.000000000557
551 1.377500 1.000000000569 1.000000000569
552 1.380000 1.000000000581 1.000000000581
553 1.382500 1.000000000593 1.000000000593
554 1.385000 1.000000000605 1.000000000605
555 1.387500 1.000000000617 1.000000000617
556 1.390000 1.000000000629 1.000000000629
557 1.392500 1.000000000641 1.000000000641
558 1.395000 1.000000000654 1.000000000654
559 1.397500 1.000000000666 1.000000000666
560 1.400000 1.000000000679 1.000000000679
561 1.402500 1.000000000692 1.000000000692
562 1.405000 1.000000000704 1.000000000704
563 1.407500 1.000000000717 1.000000000717
564 1.410000 1.000000000730 1.000000000730
565 1.412500 1.000000000743 1.000000000743
566 1.415000 1.000000000756 1.000000000756
567 1.417500 1.000000000769 1.000000000769
568 1.420000 1.000000000783 1.000000000783
569 1.422500 1.000000000796 1.000000000796
570 1.425000 1.000000000810 1.000000000810
571 1.427500 1.000000000823 1.000000000823
572 1.430000 1.000000000837 1.000000000837
573 1.432500 1.000000000850 1.000000000850
574 1.435000 1.000000000864 1.000000000864
575 1.437500 1.000000000878 1.000000000878
576 1.440000 1.000000000892 1.000000000892
577 1.442500 1.000000000906 1.000000000906
578 1.445000 1.000000000920 1.000000000920
579 1.447500 1.000000000934 1.000000000934
580 1.450000 1.000000000948 1.000000000948
581 1.452500 1.000000000962 1.000000000962
582 1.455000 1.000000000976 1.000000000976
583 1.457500 1.000000000991 1.000000000991
584 1.460000 1.000000001005 1.000000001005
585 1.462500 1.000000001020 1.000000001020
586 1.465000 1.000000001034 1.000000001034
587 1.467500 1.000000001049 1.000000001049
588 1.470000 1.000000001064 1.000000001064
589 1.472500 1.000000001078 1.000000001078
590 1.475000 1.000000001093 1.000000001093
591 1.477500 1.000000001108 1.000000001108
592 1.480000 1.000000001123 1.000000001123
593 1.482500 1.000000001138 1.000000001138
594 1.485000 1.000000001153 1.000000001153
595 1.487500 1.000000001168 1.000000001168
596 1.490000 1.000000001183 1.000000001183
597 1.492500 1.000000001199 1.000000001199
598 1.495000 1.000000001214 1.000000001214
599 1.497500 1.000000001229 1.000000001229
600 1.500000 1.000000001245 1.000000001245
601 1.502500 1.000000001260 1.000000001260
602 1.505000 1.000000001275 1.000000001275
603 1.507500 1.000000001291 1.000000001291
604 1.510000 1.000000001307 1.000000001307
605 1.512500 1.000000001322 1.000000001322
606 1.515000 1.000000001338 1.000000001338
607 1.517500 1.000000001354 1.000000001354
608 1.520000 1.000000001369 1.000000001369
609 1.522500 1.000000001385 1.000000001385
610 1.525000 1.000000001401 1.000000001401
611 1.527500 1.000000001417 1.000000001417
612 1.530000 1.000000001433 1.000000001433
613 1.532500 1.000000001449 1.000000001449
614 1.535000 1.000000001465 1.000000001465
615 1.537500 1.000000001481 1.000000001481
616 1.540000 1.000000001497 1.000000001497
617 1.542500 1.000000001513 1.000000001513
618 1.545000 1.000000001530 1.000000001530
619 1.547500 1.000000001546 1.000000001546
620 1.550000 1.000000001562 1.000000001562
621 1.552500 1.000000001578 1.000000001578
622 1.555000 1.000000001595 1.000000001595
623 1.557500 1.000000001611 1.000000001611
624 1.560000 1.000000001628 1.000000001628
625 1.562500 1.000000001644 1.000000001644
626 1.565000 1.000000001661 1.000000001661
627 1.567500 1.000000001677 1.000000001677
628 1.570000 1.000000001694 1.000000001694
629 1.572500 1.000000001710 1.000000001710
630 1.575000 1.000000001727 1.000000001727
631 1.577500 1.000000001744 1.000000001744
632 1.580000 1.000000001760 1.000000001760
633 1.582500 1.000000001777 1.000000001777
634 1.585000 1.000000001794 1.000000001794
635 1.587500 1.000000001811 1.000000001811
636 1.590000 1.000000001828 1.000000001828
637 1.592500 1.000000001845 1.000000001845
638 1.595000 1.000000001862 1.000000001862
639 1.597500 1.000000001878 1.000000001878
640 1.600000 1.000000001895 1.000000001895
641 1.602500 1.000000001912 1.000000001912
642 1.605000 1.000000001929 1.000000001929
643 1.607500 1.000000001947 1.000000001947
644 1.610000 1.000000001964 1.000000001964
645 1.612500 1.000000001981 1.000000001981
646 1.615000 1.000000001998 1.000000001998
647 1.617500 1.000000002015 1.000000002015
648 1.620000 1.000000002032 1.000000002032
649 1.622500 1.000000002049 1.000000002049
650 1.625000 1.000000002067 1.000000002067
651 1.627500 1.000000002084 1.000000002084
652 1.630000 1.000000002101 1.000000002101
653 1.632500 1.000000002119 1.000000002119
654 1.635000 1.000000002136 1.000000002136
655 1.637500 1.000000002153 1.000000002153
656 1.640000 1.000000002171 1.000000002171
657 1.642500 1.000000002188 1.000000002188
658 1.645000 1.000000002205 1.000000002205
659 1.647500 1.000000002223 1.000000002223
660 1.650000 1.000000002240 1.000000002240
661 1.652500 1.000000002258 1.000000002258
662 1.655000 1.000000002275 1.000000002275
663 1.657500 1.000000002293 1.000000002293
664 1.660000 1.000000002311 1.000000002311
665 1.662500 1.000000002328 1.000000002328
666 1.665000 1.000000002346 1.000000002346
667 1.667500 1.000000002363 1.000000002363
668 1.670000 1.000000002381 1.000000002381
669 1.672500 1.000000002399 1.000000002399
670 1.675000 1.000000002416 1.000000002416
671 1.677500 1.000000002434 1.000000002434
672 1.680000 1.000000002452 1.000000002452
673 1.682500 1.000000002469 1.000000002469
674 1.685000 1.000000002487 1.000000002487
675 1.687500 1.000000002505 1.000000002505
676 1.690000 1.000000002523 1.000000002523
677 1.692500 1.000000002540 1.000000002540
678 1.695000 1.000000002558 1.000000002558
679 1.697500 1.000000002576 1.000000002576
680 1.700000 1.000000002594 1.000000002594
681 1.702500 1.000000002612 1.000000002612
682 1.705000 1.000000002630 1.000000002630
683 1.707500 1.000000002648 1.000000002648
684 1.710000 1.000000002665 1.000000002665
685 1.712500 1.000000002683 1.000000002683
686 1.715000 1.000000002701 1.000000002701
687 1.717500 1.000000002719 1.000000002719
688 1.720000 1.000000002737 1.000000002737
689 1.722500 1.000000002755 1.000000002755
690 1.725000 1.000000002773 1.000000002773
691 1.727500 1.000000002791 1.000000002791
692 1.730000 1.000000002809 1.000000002809
693 1.732500 1.000000002827 1.000000002827
694 1.735000 1.000000002845 1.000000002845
695 1.737500 1.000000002863 1.000000002863
696 1.740000 1.000000002881 1.000000002881
697 1.742500 1.000000002899 1.000000002899
698 1.745000 1.000000002917 1.000000002917
699 1.747500 1.000000002935 1.000000002935
700 1.750000 1.000000002954 1.000000002954
701 1.752500 1.000000002972 1.000000002972
702 1.755000 1.000000002990 1.000000002990
703 1.757500 1.000000003008 1.000000003008
704 1.760000 1.000000003026 1.000000003026
705 1.762500 1.000000003044 1.000000003044
706 1.765000 1.000000003062 1.000000003062
707 1.767500 1.000000003081 1.000000003081
708 1.770000 1.000000003099 1.000000003099
709 1.772500 1.000000003117 1.000000003117
710 1.775000 1.000000003135 1.000000003135
711 1.777500 1.000000003153 1.000000003153
712 1.780000 1.000000003172 1.000000003172
713 1.782500 1.000000003190 1.000000003190
714 1.785000 1.000000003208 1.000000003208
715 1.787500 1.000000003226 1.000000003226
716 1.790000 1.000000003244 1.000000003244
717 1.792500 1.000000003263 1.000000003263
718 1.795000 1.000000003281 1.000000003281
719 1.797500 1.000000003299 1.000000003299
720 1.800000 1.000000003318 1.000000003318
721 1.802500 1.000000003336 1.000000003336
722 1.805000 1.000000003354 1.000000003354
723 1.807500 1.000000003372 1.000000003372
724 1.810000 1.000000003391 1.000000003391
725 1.812500 1.000000003409 1.000000003409
726 1.815000 1.000000003427 1.000000003427
727 1.817500 1.000000003446 1.000000003446
728 1.820000 1.000000003464 1.000000003464
729 1.822500 1.000000003482 1.000000003482
730 1.825000 1.000000003501 1.000000003501
731 1.827500 1.000000003519 1.000000003519
732 1.830000 1.000000003538 1.000000003538
733 1.832500 1.000000003556 1.000000003556
734 1.835000 1.000000003574 1.000000003574
735 1.837500 1.000000003593 1.000000003593
736 1.840000 1.000000003611 1.000000003611
737 1.842500 1.000000003629 1.000000003629
738 1.845000 1.000000003648 1.000000003648
739 1.847500 1.000000003666 1.000000003666
740 1.850000 1.000000003685 1.000000003685
741 1.852500 1.000000003703 1.000000003703
742 1.855000 1.000000003721 1.000000003721
743 1.857500 1.000000003740 1.000000003740
744 1.860000 1.000000003758 1.000000003758
745 1.862500 1.000000003777 1.000000003777
746 1.865000 1.000000003795 1.000000003795
747 1.867500 1.000000003814 1.000000003814
748 1.870000 1.000000003832 1.000000003832
749 1.872500 1.000000003851 1.000000003851
750 1.875000 1.000000003869 1.000000003869
751 1.877500 1.000000003887 1.000000003887
752 1.880000 1.000000003906 1.000000003906
753 1.882500 1.000000003924 1.000000003924
754 1.885000 1.000000003943 1.000000003943
755 1.887500 1.000000003961 1.000000003961
756 1.890000 1.000000003980 1.000000003980
757 1.892500 1.000000003998 1.000000003998
758 1.895000 1.000000004017 1.000000004017
759 1.897500 1.000000004035 1.000000004035
760 1.900000 1.000000004054 1.000000004054
761 1.902500 1.000000004072 1.000000004072
762 1.905000 1.000000004091 1.000000004091
763 1.907500 1.000000004109 1.000000004109
764 1.910000 1.000000004128 1.000000004128
765 1.912500 1.000000004146 1.000000004146
766 1.915000 1.000000004165 1.000000004165
767 1.917500 1.000000004183 1.000000004183
768 1.920000 1.000000004202 1.000000004202
769 1.922500 1.000000004220 1.000000004220
770 1.925000 1.000000004239 1.000000004239
771 1.927500 1.000000004257 1.000000004257
772 1.930000 1.000000004276 1.000000004276
773 1.932500 1.000000004295 1.000000004295
774 1.935000 1.000000004313 1.000000004313
775 1.937500 1.000000004332 1.000000004332
776 1.940000 1.000000004350 1.000000004350
777 1.942500 1.000000004369 1.000000004369
778 1.945000 1.000000004387 1.000000004387
779 1.947500 1.000000004406 1.000000004406
780 1.950000 1.000000004424 1.000000004424
781 1.952500 1.000000004443 1.000000004443
782 1.955000 1.000000004462 1.000000004462
783 1.957500 1.000000004480 1.000000004480
784 1.960000 1.000000004499 1.000000004499
785 1.962500 1.000000004517 1.000000004517
786 1.965000 1.000000004536 1.000000004536
787 1.967500 1.000000004554 1.000000004554
788 1.970000 1.000000004573 1.000000004573
789 1.972500 1.000000004592 1.000000004592
790 1.975000 1.000000004610 1.000000004610
791 1.977500 1.000000004629 1.000000004629
792 1.980000 1.000000004647 1.000000004647
793 1.982500 1.000000004666 1.000000004666
794 1.985000 1.000000004684 1.000000004684
795 1.987500 1.000000004703 1.000000004703
796 1.990000 1.000000004722 1.000000004722
797 1.992500 1.000000004740 1.000000004740
798 1.995000 1.000000004759 1.000000004759
799 1.997500 1.000000004777 1.000000004777
800 2.000000 1.000000004796 1.000000004796
801 2.002500 1.000000004815 1.000000004815
802 2.005000 1.000000004833 1.000000004833
803 2.007500 1.000000004852 1.000000004852
804 2.010000 1.000000004870 1.000000004870
805 2.012500 1.000000004889 1.000000004889
806 2.015000 1.000000004908 1.000000004908
807 2.017500 1.000000004926 1.000000004926
808 2.020000 1.000000004945 1.000000004945
809 2.022500 1.000000004963 1.000000004963
810 2.025000 1.000000004982 1.000000004982
811 2.027500 1.000000005001 1.000000005001
812 2.030000 1.000000005019 1.000000005019
813 2.032500 1.000000005038 1.000000005038
814 2.035000 1.000000005056 1.000000005056
815 2.037500 1.000000005075 1.000000005075
816 2.040000 1.000000005094 1.000000005094
817 2.042500 1.000000005112 1.000000005112
818 2.045000 1.000000005131 1.000000005131
819 2.047500 1.000000005149 1.000000005149
820 2.050000 1.000000005168 1.000000005168
821 2.052500 1.000000005186 1.000000005186
822 2.055000 1.000000005205 1.000000005205
823 2.057500 1.000000005223 1.000000005223
824 2.060000 1.000000005242 1.000000005242
825 2.062500 1.000000005260 1.000000005260
826 2.065000 1.000000005278 1.000000005278
827 2.067500 1.000000005296 1.000000005296
828 2.070000 1.000000005314 1.000000005314
829 2.072500 1.000000005332 1.000000005332
830 2.075000 1.000000005349 1.000000005349
831 2.077500 1.000000005367 1.000000005367
832 2.080000 1.000000005383 1.000000005383
833 2.082500 1.000000005400 1.000000005400
834 2.085000 1.000000005416 1.000000005416
835 2.087500 1.000000005432 1.000000005432
836 2.090000 1.000000005447 1.000000005447
837 2.092500 1.000000005462 1.000000005462
838 2.095000 1.000000005476 1.000000005476
839 2.097500 1.000000005489 1.000000005489
840 2.100000 1.000000005502 1.000000005502
841 2.102500 1.000000005514 1.000000005514
842 2.105000 1.000000005525 1.000000005525
843 2.107500 1.000000005535 1.000000005535
844 2.110000 1.000000005544 1.000000005544
845 2.112500 1.000000005552 1.000000005552
846 2.115000 1.000000005558 1.000000005558
847 2.117500 1.000000005564 1.000000005564
848 2.120000 1.000000005568 1.000000005568
849 2.122500 1.000000005571 1.000000005571
850 2.125000 1.000000005573 1.000000005573
851 2.127500 1.000000005574 1.000000005574
852 2.130000 1.000000005573 1.000000005573
853 2.132500 1.000000005570 1.000000005570
854 2.135000 1.000000005567 1.000000005567
855 2.137500 1.000000005562 1.000000005562
856 2.140000 1.000000005555 1.000000005555
857 2.142500 1.000000005547 1.000000005547
858 2.145000 1.000000005538 1.000000005538
859 2.147500 1.000000005528 1.000000005528
860 2.150000 1.000000005516 1.000000005516
861 2.152500 1.000000005503 1.000000005503
862 2.155000 1.000000005489 1.000000005489
863 2.157500 1.000000005473 1.000000005473
864 2.160000 1.000000005457 1.000000005457
865 2.162500 1.000000005440 1.000000005440
866 2.165000 1.000000005421 1.000000005421
867 2.167500 1.000000005402 1.000000005402
868 2.170000 1.000000005382 1.000000005382
869 2.172500 1.000000005361 1.000000005361
870 2.175000 1.000000005340 1.000000005340
871 2.177500 1.000000005318 1.000000005318
872 2.180000 1.000000005295 1.000000005295
873 2.182500 1.000000005272 1.000000005272
874 2.185000 1.000000005249 1.000000005249
875 2.187500 1.000000005226 1.000000005226
876 2.190000 1.000000005202 1.000000005202
877 2.192500 1.000000005179 1.000000005179
878 2.195000 1.000000005155 1.000000005155
879 2.197500 1.000000005131 1.000000005131
880 2.200000 1.000000005108 1.000000005108
881 2.202500 1.000000005084 1.000000005084
882 2.205000 1.000000005061 1.000000005061
883 2.207500 1.000000005038 1.000000005038
884 2.210000 1.000000005016 1.000000005016
885 2.212500 1.000000004993 1.000000004993
886 2.215000 1.000000004971 1.000000004971
887 2.217500 1.000000004949 1.000000004949
888 2.220000 1.000000004928 1.000000004928
889 2.222500 1.000000004907 1.000000004907
890 2.225000 1.000000004887 1.000000004887
891 2.227500 1.000000004866 1.000000004866
892 2.230000 1.000000004847 1.000000004847
893 2.232500 1.000000004827 1.000000004827
894 2.235000 1.000000004808 1.000000004808
895 2.237500 1.000000004790 1.000000004790
896 2.240000 1.000000004772 1.000000004772
897 2.242500 1.000000004754 1.000000004754
898 2.245000 1.000000004737 1.000000004737
899 2.247500 1.000000004720 1.000000004720
900 2.250000 1.000000004703 1.000000004703
901 2.252500 1.000000004687 1.000000004687
902 2.255000 1.000000004670 1.000000004670
903 2.257500 1.000000004655 1.000000004655
904 2.260000 1.000000004639 1.000000004639
905 2.262500 1.000000004624 1.000000004624
906 2.265000 1.000000004609 1.000000004609
907 2.267500 1.000000004594 1.000000004594
908 2.270000 1.000000004579 1.000000004579
909 2.272500 1.000000004564 1.000000004564
910 2.275000 1.000000004550 1.000000004550
911 2.277500 1.000000004536 1.000000004536
912 2.280000 1.000000004522 1.000000004522
913 2.282500 1.000000004508 1.000000004508
914 2.285000 1.000000004494 1.000000004494
915 2.287500 1.000000004480 1.000000004480
916 2.290000 1.000000004467 1.000000004467
917 2.292500 1.000000004453 1.000000004453
918 2.295000 1.000000004440 1.000000004440
919 2.297500 1.000000004426 1.000000004426
920 2.300000 1.000000004413 1.000000004413
921 2.302500 1.000000004400 1.000000004400
922 2.305000 1.000000004386 1.000000004386
923 2.307500 1.000000004373 1.000000004373
924 2.310000 1.000000004360 1.000000004360
925 2.312500 1.000000004348 1.000000004348
926 2.315000 1.000000004335 1.000000004335
927 2.317500 1.000000004322 1.000000004322
928 2.320000 1.000000004309 1.000000004309
929 2.322500 1.000000004297 1.000000004297
930 2.325000 1.000000004284 1.000000004284
931 2.327500 1.000000004272 1.000000004272
932 2.330000 1.000000004260 1.000000004260
933 2.332500 1.000000004247 1.000000004247
934 2.335000 1.000000004235 1.000000004235
935 2.337500 1.000000004223 1.000000004223
936 2.340000 1.000000004212 1.000000004212
937 2.342500 1.000000004200 1.000000004200
938 2.345000 1.000000004188 1.000000004188
939 2.347500 1.000000004177 1.000000004177
940 2.350000 1.000000004165 1.000000004165
941 2.352500 1.000000004154 1.000000004154
942 2.355000 1.000000004143 1.000000004143
943 2.357500 1.000000004132 1.000000004132
