# l[19]( l_19(t) ) connection: point10-point11
# n t l_19(t)      l_differential_19(t)
0 0.000000 1.000000000000 1.000000000000
1 0.002500 1.000000000000 1.000000000000
2 0.005000 1.000000000000 1.000000000000
3 0.007500 1.000000000000 1.000000000000
4 0.010000 1.000000000000 1.000000000000
5 0.012500 1.000000000000 1.000000000000
6 0.015000 1.000000000000 1.000000000000
7 0.017500 1.000000000000 1.000000000000
8 0.020000 1.000000000000 1.000000000000
9 0.022500 1.000000000000 1.000000000000
10 0.025000 1.000000000000 1.000000000000
11 0.027500 1.000000000000 1.000000000000
12 0.030000 1.000000000000 1.000000000000
13 0.032500 1.000000000000 1.000000000000
14 0.035000 1.000000000000 1.000000000000
15 0.037500 1.000000000000 1.000000000000
16 0.040000 1.000000000000 1.000000000000
17 0.042500 1.000000000000 1.000000000000
18 0.045000 1.000000000000 1.000000000000
19 0.047500 1.000000000000 1.000000000000
20 0.050000 1.000000000000 1.000000000000
21 0.052500 1.000000000000 1.000000000000
22 0.055000 1.000000000000 1.000000000000
23 0.057500 1.000000000000 1.000000000000
24 0.060000 1.000000000000 1.000000000000
25 0.062500 1.000000000000 1.000000000000
26 0.065000 1.000000000000 1.000000000000
27 0.067500 1.000000000000 1.000000000000
28 0.070000 1.000000000000 1.000000000000
29 0.072500 1.000000000000 1.000000000000
30 0.075000 1.000000000000 1.000000000000
31 0.077500 1.000000000000 1.000000000000
32 0.080000 1.000000000000 1.000000000000
33 0.082500 1.000000000000 1.000000000000
34 0.085000 1.000000000000 1.000000000000
35 0.087500 1.000000000000 1.000000000000
36 0.090000 1.000000000000 1.000000000000
37 0.092500 1.000000000000 1.000000000000
38 0.095000 1.000000000000 1.000000000000
39 0.097500 1.000000000000 1.000000000000
40 0.100000 1.000000000000 1.000000000000
41 0.102500 1.000000000000 1.000000000000
42 0.105000 1.000000000000 1.000000000000
43 0.107500 1.000000000000 1.000000000000
44 0.110000 1.000000000000 1.000000000000
45 0.112500 1.000000000000 1.000000000000
46 0.115000 1.000000000000 1.000000000000
47 0.117500 1.000000000000 1.000000000000
48 0.120000 1.000000000000 1.000000000000
49 0.122500 1.000000000000 1.000000000000
50 0.125000 1.000000000000 1.000000000000
51 0.127500 1.000000000000 1.000000000000
52 0.130000 1.000000000000 1.000000000000
53 0.132500 1.000000000000 1.000000000000
54 0.135000 1.000000000000 1.000000000000
55 0.137500 1.000000000000 1.000000000000
56 0.140000 1.000000000000 1.000000000000
57 0.142500 1.000000000000 1.000000000000
58 0.145000 1.000000000000 1.000000000000
59 0.147500 1.000000000000 1.000000000000
60 0.150000 1.000000000000 1.000000000000
61 0.152500 1.000000000000 1.000000000000
62 0.155000 1.000000000000 1.000000000000
63 0.157500 1.000000000000 1.000000000000
64 0.160000 1.000000000000 1.000000000000
65 0.162500 1.000000000000 1.000000000000
66 0.165000 1.000000000000 1.000000000000
67 0.167500 1.000000000000 1.000000000000
68 0.170000 1.000000000000 1.000000000000
69 0.172500 1.000000000000 1.000000000000
70 0.175000 1.000000000000 1.000000000000
71 0.177500 1.000000000000 1.000000000000
72 0.180000 1.000000000000 1.000000000000
73 0.182500 1.000000000000 1.000000000000
74 0.185000 1.000000000000 1.000000000000
75 0.187500 1.000000000000 1.000000000000
76 0.190000 1.000000000000 1.000000000000
77 0.192500 1.000000000000 1.000000000000
78 0.195000 1.000000000000 1.000000000000
79 0.197500 1.000000000000 1.000000000000
80 0.200000 1.000000000000 1.000000000000
81 0.202500 1.000000000000 1.000000000000
82 0.205000 1.000000000000 1.000000000000
83 0.207500 1.000000000000 1.000000000000
84 0.210000 1.000000000000 1.000000000000
85 0.212500 1.000000000000 1.000000000000
86 0.215000 1.000000000000 1.000000000000
87 0.217500 1.000000000000 1.000000000000
88 0.220000 1.000000000000 1.000000000000
89 0.222500 1.000000000000 1.000000000000
90 0.225000 1.000000000000 1.000000000000
91 0.227500 1.000000000000 1.000000000000
92 0.230000 1.000000000000 1.000000000000
93 0.232500 1.000000000000 1.000000000000
94 0.235000 1.000000000000 1.000000000000
95 0.237500 1.000000000000 1.000000000000
96 0.240000 1.000000000000 1.000000000000
97 0.242500 1.000000000000 1.000000000000
98 0.245000 1.000000000000 1.000000000000
99 0.247500 1.000000000000 1.000000000000
100 0.250000 1.000000000000 1.000000000000
101 0.252500 1.000000000000 1.000000000000
102 0.255000 1.000000000000 1.000000000000
103 0.257500 1.000000000000 1.000000000000
104 0.260000 1.000000000000 1.000000000000
105 0.262500 1.000000000000 1.000000000000
106 0.265000 1.000000000000 1.000000000000
107 0.267500 1.000000000000 1.000000000000
108 0.270000 1.000000000000 1.000000000000
109 0.272500 1.000000000000 1.000000000000
110 0.275000 1.000000000000 1.000000000000
111 0.277500 1.000000000000 1.000000000000
112 0.280000 1.000000000000 1.000000000000
113 0.282500 1.000000000000 1.000000000000
114 0.285000 1.000000000000 1.000000000000
115 0.287500 1.000000000000 1.000000000000
116 0.290000 1.000000000000 1.000000000000
117 0.292500 1.000000000000 1.000000000000
118 0.295000 1.000000000000 1.000000000000
119 0.297500 1.000000000000 1.000000000000
120 0.300000 1.000000000000 1.000000000000
121 0.302500 1.000000000000 1.000000000000
122 0.305000 1.000000000000 1.000000000000
123 0.307500 1.000000000000 1.000000000000
124 0.310000 1.000000000000 1.000000000000
125 0.312500 1.000000000000 1.000000000000
126 0.315000 1.000000000000 1.000000000000
127 0.317500 1.000000000000 1.000000000000
128 0.320000 1.000000000000 1.000000000000
129 0.322500 1.000000000000 1.000000000000
130 0.325000 1.000000000000 1.000000000000
131 0.327500 1.000000000000 1.000000000000
132 0.330000 1.000000000000 1.000000000000
133 0.332500 1.000000000000 1.000000000000
134 0.335000 1.000000000000 1.000000000000
135 0.337500 1.000000000000 1.000000000000
136 0.340000 1.000000000000 1.000000000000
137 0.342500 1.000000000000 1.000000000000
138 0.345000 1.000000000000 1.000000000000
139 0.347500 1.000000000000 1.000000000000
140 0.350000 1.000000000000 1.000000000000
141 0.352500 1.000000000000 1.000000000000
142 0.355000 1.000000000000 1.000000000000
143 0.357500 1.000000000000 1.000000000000
144 0.360000 1.000000000000 1.000000000000
145 0.362500 1.000000000000 1.000000000000
146 0.365000 1.000000000000 1.000000000000
147 0.367500 1.000000000000 1.000000000000
148 0.370000 1.000000000000 1.000000000000
149 0.372500 1.000000000000 1.000000000000
150 0.375000 1.000000000000 1.000000000000
151 0.377500 1.000000000000 1.000000000000
152 0.380000 1.000000000000 1.000000000000
153 0.382500 1.000000000000 1.000000000000
154 0.385000 1.000000000000 1.000000000000
155 0.387500 1.000000000000 1.000000000000
156 0.390000 1.000000000000 1.000000000000
157 0.392500 1.000000000000 1.000000000000
158 0.395000 1.000000000000 1.000000000000
159 0.397500 1.000000000000 1.000000000000
160 0.400000 1.000000000000 1.000000000000
161 0.402500 1.000000000000 1.000000000000
162 0.405000 1.000000000000 1.000000000000
163 0.407500 1.000000000000 1.000000000000
164 0.410000 1.000000000000 1.000000000000
165 0.412500 1.000000000000 1.000000000000
166 0.415000 1.000000000000 1.000000000000
167 0.417500 1.000000000000 1.000000000000
168 0.420000 1.000000000000 1.000000000000
169 0.422500 1.000000000000 1.000000000000
170 0.425000 1.000000000000 1.000000000000
171 0.427500 1.000000000000 1.000000000000
172 0.430000 1.000000000000 1.000000000000
173 0.432500 1.000000000000 1.000000000000
174 0.435000 1.000000000000 1.000000000000
175 0.437500 1.000000000000 1.000000000000
176 0.440000 1.000000000000 1.000000000000
177 0.442500 1.000000000000 1.000000000000
178 0.445000 1.000000000000 1.000000000000
179 0.447500 1.000000000000 1.000000000000
180 0.450000 1.000000000000 1.000000000000
181 0.452500 1.000000000000 1.000000000000
182 0.455000 1.000000000000 1.000000000000
183 0.457500 1.000000000000 1.000000000000
184 0.460000 1.000000000000 1.000000000000
185 0.462500 1.000000000000 1.000000000000
186 0.465000 1.000000000000 1.000000000000
187 0.467500 1.000000000000 1.000000000000
188 0.470000 1.000000000000 1.000000000000
189 0.472500 1.000000000000 1.000000000000
190 0.475000 1.000000000000 1.000000000000
191 0.477500 1.000000000000 1.000000000000
192 0.480000 1.000000000000 1.000000000000
193 0.482500 1.000000000000 1.000000000000
194 0.485000 1.000000000000 1.000000000000
195 0.487500 1.000000000000 1.000000000000
196 0.490000 1.000000000000 1.000000000000
197 0.492500 1.000000000000 1.000000000000
198 0.495000 1.000000000000 1.000000000000
199 0.497500 1.000000000000 1.000000000000
200 0.500000 1.000000000000 1.000000000000
201 0.502500 1.000000000000 1.000000000000
202 0.505000 1.000000000000 1.000000000000
203 0.507500 1.000000000000 1.000000000000
204 0.510000 1.000000000000 1.000000000000
205 0.512500 1.000000000000 1.000000000000
206 0.515000 1.000000000000 1.000000000000
207 0.517500 1.000000000000 1.000000000000
208 0.520000 1.000000000000 1.000000000000
209 0.522500 1.000000000000 1.000000000000
210 0.525000 1.000000000000 1.000000000000
211 0.527500 1.000000000000 1.000000000000
212 0.530000 1.000000000000 1.000000000000
213 0.532500 1.000000000000 1.000000000000
214 0.535000 1.000000000000 1.000000000000
215 0.537500 1.000000000000 1.000000000000
216 0.540000 1.000000000000 1.000000000000
217 0.542500 1.000000000000 1.000000000000
218 0.545000 1.000000000000 1.000000000000
219 0.547500 1.000000000000 1.000000000000
220 0.550000 1.000000000000 1.000000000000
221 0.552500 1.000000000000 1.000000000000
222 0.555000 1.000000000000 1.000000000000
223 0.557500 1.000000000000 1.000000000000
224 0.560000 1.000000000000 1.000000000000
225 0.562500 1.000000000000 1.000000000000
226 0.565000 1.000000000000 1.000000000000
227 0.567500 1.000000000000 1.000000000000
228 0.570000 1.000000000000 1.000000000000
229 0.572500 1.000000000000 1.000000000000
230 0.575000 1.000000000000 1.000000000000
231 0.577500 1.000000000000 1.000000000000
232 0.580000 1.000000000000 1.000000000000
233 0.582500 1.000000000000 1.000000000000
234 0.585000 1.000000000000 1.000000000000
235 0.587500 1.000000000000 1.000000000000
236 0.590000 1.000000000000 1.000000000000
237 0.592500 1.000000000000 1.000000000000
238 0.595000 1.000000000000 1.000000000000
239 0.597500 1.000000000000 1.000000000000
240 0.600000 1.000000000000 1.000000000000
241 0.602500 1.000000000000 1.000000000000
242 0.605000 1.000000000000 1.000000000000
243 0.607500 1.000000000000 1.000000000000
244 0.610000 1.000000000000 1.000000000000
245 0.612500 1.000000000000 1.000000000000
246 0.615000 1.000000000000 1.000000000000
247 0.617500 1.000000000000 1.000000000000
248 0.620000 1.000000000000 1.000000000000
249 0.622500 1.000000000000 1.000000000000
250 0.625000 1.000000000000 1.000000000000
251 0.627500 1.000000000000 1.000000000000
252 0.630000 1.000000000000 1.000000000000
253 0.632500 1.000000000000 1.000000000000
254 0.635000 1.000000000000 1.000000000000
255 0.637500 1.000000000000 1.000000000000
256 0.640000 1.000000000000 1.000000000000
257 0.642500 1.000000000000 1.000000000000
258 0.645000 1.000000000000 1.000000000000
259 0.647500 1.000000000000 1.000000000000
260 0.650000 1.000000000000 1.000000000000
261 0.652500 1.000000000000 1.000000000000
262 0.655000 1.000000000000 1.000000000000
263 0.657500 1.000000000000 1.000000000000
264 0.660000 1.000000000000 1.000000000000
265 0.662500 1.000000000000 1.000000000000
266 0.665000 1.000000000000 1.000000000000
267 0.667500 1.000000000000 1.000000000000
268 0.670000 1.000000000000 1.000000000000
269 0.672500 1.000000000000 1.000000000000
270 0.675000 1.000000000000 1.000000000000
271 0.677500 1.000000000000 1.000000000000
272 0.680000 1.000000000000 1.000000000000
273 0.682500 1.000000000000 1.000000000000
274 0.685000 1.000000000000 1.000000000000
275 0.687500 1.000000000000 1.000000000000
276 0.690000 1.000000000000 1.000000000000
277 0.692500 1.000000000000 1.000000000000
278 0.695000 1.000000000000 1.000000000000
279 0.697500 1.000000000000 1.000000000000
280 0.700000 1.000000000000 1.000000000000
281 0.702500 1.000000000000 1.000000000000
282 0.705000 1.000000000000 1.000000000000
283 0.707500 1.000000000000 1.000000000000
284 0.710000 1.000000000000 1.000000000000
285 0.712500 1.000000000000 1.000000000000
286 0.715000 1.000000000000 1.000000000000
287 0.717500 1.000000000000 1.000000000000
288 0.720000 1.000000000000 1.000000000000
289 0.722500 1.000000000000 1.000000000000
290 0.725000 1.000000000000 1.000000000000
291 0.727500 1.000000000000 1.000000000000
292 0.730000 1.000000000000 1.000000000000
293 0.732500 1.000000000000 1.000000000000
294 0.735000 1.000000000000 1.000000000000
295 0.737500 1.000000000000 1.000000000000
296 0.740000 1.000000000000 1.000000000000
297 0.742500 1.000000000000 1.000000000000
298 0.745000 1.000000000000 1.000000000000
299 0.747500 1.000000000000 1.000000000000
300 0.750000 1.000000000000 1.000000000000
301 0.752500 1.000000000000 1.000000000000
302 0.755000 1.000000000000 1.000000000000
303 0.757500 1.000000000000 1.000000000000
304 0.760000 1.000000000000 1.000000000000
305 0.762500 1.000000000000 1.000000000000
306 0.765000 1.000000000000 1.000000000000
307 0.767500 1.000000000000 1.000000000000
308 0.770000 1.000000000000 1.000000000000
309 0.772500 1.000000000000 1.000000000000
310 0.775000 1.000000000000 1.000000000000
311 0.777500 1.000000000000 1.000000000000
312 0.780000 1.000000000000 1.000000000000
313 0.782500 1.000000000000 1.000000000000
314 0.785000 1.000000000000 1.000000000000
315 0.787500 1.000000000000 1.000000000000
316 0.790000 1.000000000000 1.000000000000
317 0.792500 1.000000000000 1.000000000000
318 0.795000 1.000000000000 1.000000000000
319 0.797500 1.000000000000 1.000000000000
320 0.800000 1.000000000000 1.000000000000
321 0.802500 1.000000000000 1.000000000000
322 0.805000 1.000000000000 1.000000000000
323 0.807500 1.000000000000 1.000000000000
324 0.810000 1.000000000000 1.000000000000
325 0.812500 1.000000000000 1.000000000000
326 0.815000 1.000000000000 1.000000000000
327 0.817500 1.000000000000 1.000000000000
328 0.820000 1.000000000000 1.000000000000
329 0.822500 1.000000000000 1.000000000000
330 0.825000 1.000000000000 1.000000000000
331 0.827500 1.000000000000 1.000000000000
332 0.830000 1.000000000000 1.000000000000
333 0.832500 1.000000000000 1.000000000000
334 0.835000 1.000000000000 1.000000000000
335 0.837500 1.000000000000 1.000000000000
336 0.840000 1.000000000000 1.000000000000
337 0.842500 1.000000000000 1.000000000000
338 0.845000 1.000000000000 1.000000000000
339 0.847500 1.000000000000 1.000000000000
340 0.850000 1.000000000000 1.000000000000
341 0.852500 1.000000000000 1.000000000000
342 0.855000 1.000000000000 1.000000000000
343 0.857500 1.000000000000 1.000000000000
344 0.860000 1.000000000000 1.000000000000
345 0.862500 1.000000000000 1.000000000000
346 0.865000 1.000000000000 1.000000000000
347 0.867500 1.000000000000 1.000000000000
348 0.870000 1.000000000000 1.000000000000
349 0.872500 1.000000000000 1.000000000000
350 0.875000 1.000000000000 1.000000000000
351 0.877500 1.000000000000 1.000000000000
352 0.880000 1.000000000000 1.000000000000
353 0.882500 1.000000000000 1.000000000000
354 0.885000 1.000000000000 1.000000000000
355 0.887500 1.000000000000 1.000000000000
356 0.890000 1.000000000000 1.000000000000
357 0.892500 1.000000000000 1.000000000000
358 0.895000 1.000000000000 1.000000000000
359 0.897500 1.000000000000 1.000000000000
360 0.900000 1.000000000000 1.000000000000
361 0.902500 1.000000000000 1.000000000000
362 0.905000 1.000000000000 1.000000000000
363 0.907500 1.000000000000 1.000000000000
364 0.910000 1.000000000000 1.000000000000
365 0.912500 1.000000000000 1.000000000000
366 0.915000 1.000000000000 1.000000000000
367 0.917500 1.000000000000 1.000000000000
368 0.920000 1.000000000000 1.000000000000
369 0.922500 1.000000000000 1.000000000000
370 0.925000 1.000000000000 1.000000000000
371 0.927500 1.000000000000 1.000000000000
372 0.930000 1.000000000000 1.000000000000
373 0.932500 1.000000000000 1.000000000000
374 0.935000 1.000000000000 1.000000000000
375 0.937500 1.000000000000 1.000000000000
376 0.940000 1.000000000000 1.000000000000
377 0.942500 1.000000000000 1.000000000000
378 0.945000 1.000000000000 1.000000000000
379 0.947500 1.000000000000 1.000000000000
380 0.950000 1.000000000000 1.000000000000
381 0.952500 1.000000000000 1.000000000000
382 0.955000 1.000000000000 1.000000000000
383 0.957500 1.000000000000 1.000000000000
384 0.960000 1.000000000000 1.000000000000
385 0.962500 1.000000000000 1.000000000000
386 0.965000 1.000000000000 1.000000000000
387 0.967500 1.000000000000 1.000000000000
388 0.970000 1.000000000000 1.000000000000
389 0.972500 1.000000000000 1.000000000000
390 0.975000 1.000000000000 1.000000000000
391 0.977500 1.000000000000 1.000000000000
392 0.980000 1.000000000000 1.000000000000
393 0.982500 1.000000000000 1.000000000000
394 0.985000 1.000000000000 1.000000000000
395 0.987500 1.000000000000 1.000000000000
396 0.990000 1.000000000000 1.000000000000
397 0.992500 1.000000000000 1.000000000000
398 0.995000 1.000000000000 1.000000000000
399 0.997500 1.000000000000 1.000000000000
400 1.000000 1.000000000000 1.000000000000
401 1.002500 1.000000000000 1.000000000000
402 1.005000 1.000000000000 1.000000000000
403 1.007500 1.000000000000 1.000000000000
404 1.010000 1.000000000000 1.000000000000
405 1.012500 1.000000000000 1.000000000000
406 1.015000 1.000000000000 1.000000000000
407 1.017500 1.000000000000 1.000000000000
408 1.020000 1.000000000000 1.000000000000
409 1.022500 1.000000000000 1.000000000000
410 1.025000 1.000000000000 1.000000000000
411 1.027500 1.000000000000 1.000000000000
412 1.030000 1.000000000000 1.000000000000
413 1.032500 1.000000000000 1.000000000000
414 1.035000 1.000000000000 1.000000000000
415 1.037500 1.000000000000 1.000000000000
416 1.040000 1.000000000000 1.000000000000
417 1.042500 1.000000000000 1.000000000000
418 1.045000 1.000000000000 1.000000000000
419 1.047500 1.000000000000 1.000000000000
420 1.050000 1.000000000000 1.000000000000
421 1.052500 1.000000000000 1.000000000000
422 1.055000 1.000000000000 1.000000000000
423 1.057500 1.000000000000 1.000000000000
424 1.060000 1.000000000000 1.000000000000
425 1.062500 1.000000000000 1.000000000000
426 1.065000 1.000000000000 1.000000000000
427 1.067500 1.000000000000 1.000000000000
428 1.070000 1.000000000000 1.000000000000
429 1.072500 1.000000000000 1.000000000000
430 1.075000 1.000000000000 1.000000000000
431 1.077500 1.000000000000 1.000000000000
432 1.080000 1.000000000000 1.000000000000
433 1.082500 1.000000000000 1.000000000000
434 1.085000 1.000000000000 1.000000000000
435 1.087500 1.000000000000 1.000000000000
436 1.090000 1.000000000000 1.000000000000
437 1.092500 1.000000000000 1.000000000000
438 1.095000 1.000000000000 1.000000000000
439 1.097500 1.000000000000 1.000000000000
440 1.100000 1.000000000001 1.000000000001
441 1.102500 1.000000000001 1.000000000001
442 1.105000 1.000000000001 1.000000000001
443 1.107500 1.000000000001 1.000000000001
444 1.110000 1.000000000001 1.000000000001
445 1.112500 1.000000000002 1.000000000002
446 1.115000 1.000000000002 1.000000000002
447 1.117500 1.000000000003 1.000000000003
448 1.120000 1.000000000003 1.000000000003
449 1.122500 1.000000000004 1.000000000004
450 1.125000 1.000000000005 1.000000000005
451 1.127500 1.000000000006 1.000000000006
452 1.130000 1.000000000007 1.000000000007
453 1.132500 1.000000000009 1.000000000009
454 1.135000 1.000000000010 1.000000000010
455 1.137500 1.000000000012 1.000000000012
456 1.140000 1.000000000014 1.000000000014
457 1.142500 1.000000000017 1.000000000017
458 1.145000 1.000000000019 1.000000000019
459 1.147500 1.000000000022 1.000000000022
460 1.150000 1.000000000025 1.000000000025
461 1.152500 1.000000000029 1.000000000029
462 1.155000 1.000000000033 1.000000000033
463 1.157500 1.000000000038 1.000000000038
464 1.160000 1.000000000043 1.000000000043
465 1.162500 1.000000000048 1.000000000048
466 1.165000 1.000000000054 1.000000000054
467 1.167500 1.000000000061 1.000000000061
468 1.170000 1.000000000068 1.000000000068
469 1.172500 1.000000000075 1.000000000075
470 1.175000 1.000000000084 1.000000000084
471 1.177500 1.000000000092 1.000000000092
472 1.180000 1.000000000102 1.000000000102
473 1.182500 1.000000000112 1.000000000112
474 1.185000 1.000000000123 1.000000000123
475 1.187500 1.000000000134 1.000000000134
476 1.190000 1.000000000147 1.000000000147
477 1.192500 1.000000000159 1.000000000159
478 1.195000 1.000000000173 1.000000000173
479 1.197500 1.000000000188 1.000000000188
480 1.200000 1.000000000203 1.000000000203
481 1.202500 1.000000000218 1.000000000218
482 1.205000 1.000000000235 1.000000000235
483 1.207500 1.000000000252 1.000000000252
484 1.210000 1.000000000270 1.000000000270
485 1.212500 1.000000000289 1.000000000289
486 1.215000 1.000000000308 1.000000000308
487 1.217500 1.000000000329 1.000000000329
488 1.220000 1.000000000349 1.000000000349
489 1.222500 1.000000000371 1.000000000371
490 1.225000 1.000000000393 1.000000000393
491 1.227500 1.000000000416 1.000000000416
492 1.230000 1.000000000439 1.000000000439
493 1.232500 1.000000000463 1.000000000463
494 1.235000 1.000000000488 1.000000000488
495 1.237500 1.000000000513 1.000000000513
496 1.240000 1.000000000538 1.000000000538
497 1.242500 1.000000000564 1.000000000564
498 1.245000 1.000000000591 1.000000000591
499 1.247500 1.000000000618 1.000000000618
500 1.250000 1.000000000646 1.000000000646
501 1.252500 1.000000000674 1.000000000674
502 1.255000 1.000000000703 1.000000000703
503 1.257500 1.000000000731 1.000000000731
504 1.260000 1.000000000761 1.000000000761
505 1.262500 1.000000000790 1.000000000790
506 1.265000 1.000000000820 1.000000000820
507 1.267500 1.000000000851 1.000000000851
508 1.270000 1.000000000881 1.000000000881
509 1.272500 1.000000000912 1.000000000912
510 1.275000 1.000000000943 1.000000000943
511 1.277500 1.000000000975 1.000000000975
512 1.280000 1.000000001006 1.000000001006
513 1.282500 1.000000001038 1.000000001038
514 1.285000 1.000000001070 1.000000001070
515 1.287500 1.000000001103 1.000000001103
516 1.290000 1.000000001135 1.000000001135
517 1.292500 1.000000001168 1.000000001168
518 1.295000 1.000000001201 1.000000001201
519 1.297500 1.000000001234 1.000000001234
520 1.300000 1.000000001267 1.000000001267
521 1.302500 1.000000001300 1.000000001300
522 1.305000 1.000000001333 1.000000001333
523 1.307500 1.000000001367 1.000000001367
524 1.310000 1.000000001401 1.000000001401
525 1.312500 1.000000001434 1.000000001434
526 1.315000 1.000000001468 1.000000001468
527 1.317500 1.000000001502 1.000000001502
528 1.320000 1.000000001537 1.000000001537
529 1.322500 1.000000001571 1.000000001571
530 1.325000 1.000000001605 1.000000001605
531 1.327500 1.000000001639 1.000000001639
532 1.330000 1.000000001674 1.000000001674
533 1.332500 1.000000001708 1.000000001708
534 1.335000 1.000000001743 1.000000001743
535 1.337500 1.000000001778 1.000000001778
536 1.340000 1.000000001812 1.000000001812
537 1.342500 1.000000001847 1.000000001847
538 1.345000 1.000000001882 1.000000001882
539 1.347500 1.000000001917 1.000000001917
540 1.350000 1.000000001952 1.000000001952
541 1.352500 1.000000001987 1.000000001987
542 1.355000 1.000000002022 1.000000002022
543 1.357500 1.000000002057 1.000000002057
544 1.360000 1.000000002092 1.000000002092
545 1.362500 1.000000002127 1.000000002127
546 1.365000 1.000000002162 1.000000002162
547 1.367500 1.000000002198 1.000000002198
548 1.370000 1.000000002233 1.000000002233
549 1.372500 1.000000002268 1.000000002268
550 1.375000 1.000000002303 1.000000002303
551 1.377500 1.000000002339 1.000000002339
552 1.380000 1.000000002374 1.000000002374
553 1.382500 1.000000002409 1.000000002409
554 1.385000 1.000000002445 1.000000002445
555 1.387500 1.000000002480 1.000000002480
556 1.390000 1.000000002515 1.000000002515
557 1.392500 1.000000002551 1.000000002551
558 1.395000 1.000000002586 1.000000002586
559 1.397500 1.000000002622 1.000000002622
560 1.400000 1.000000002657 1.000000002657
561 1.402500 1.000000002692 1.000000002692
562 1.405000 1.000000002728 1.000000002728
563 1.407500 1.000000002763 1.000000002763
564 1.410000 1.000000002798 1.000000002798
565 1.412500 1.000000002834 1.000000002834
566 1.415000 1.000000002869 1.000000002869
567 1.417500 1.000000002904 1.000000002904
568 1.420000 1.000000002940 1.000000002940
569 1.422500 1.000000002975 1.000000002975
570 1.425000 1.000000003010 1.000000003010
571 1.427500 1.000000003045 1.000000003045
572 1.430000 1.000000003081 1.000000003081
573 1.432500 1.000000003116 1.000000003116
574 1.435000 1.000000003151 1.000000003151
575 1.437500 1.000000003186 1.000000003186
576 1.440000 1.000000003221 1.000000003221
577 1.442500 1.000000003256 1.000000003256
578 1.445000 1.000000003291 1.000000003291
579 1.447500 1.000000003326 1.000000003326
580 1.450000 1.000000003361 1.000000003361
581 1.452500 1.000000003396 1.000000003396
582 1.455000 1.000000003431 1.000000003431
583 1.457500 1.000000003466 1.000000003466
584 1.460000 1.000000003501 1.000000003501
585 1.462500 1.000000003536 1.000000003536
586 1.465000 1.000000003571 1.000000003571
587 1.467500 1.000000003605 1.000000003605
588 1.470000 1.000000003640 1.000000003640
589 1.472500 1.000000003675 1.000000003675
590 1.475000 1.000000003709 1.000000003709
591 1.477500 1.000000003744 1.000000003744
592 1.480000 1.000000003778 1.000000003778
593 1.482500 1.000000003813 1.000000003813
594 1.485000 1.000000003847 1.000000003847
595 1.487500 1.000000003881 1.000000003881
596 1.490000 1.000000003916 1.000000003916
597 1.492500 1.000000003950 1.000000003950
598 1.495000 1.000000003984 1.000000003984
599 1.497500 1.000000004018 1.000000004018
600 1.500000 1.000000004053 1.000000004053
601 1.502500 1.000000004087 1.000000004087
602 1.505000 1.000000004121 1.000000004121
603 1.507500 1.000000004155 1.000000004155
604 1.510000 1.000000004188 1.000000004188
605 1.512500 1.000000004222 1.000000004222
606 1.515000 1.000000004256 1.000000004256
607 1.517500 1.000000004290 1.000000004290
608 1.520000 1.000000004323 1.000000004323
609 1.522500 1.000000004357 1.000000004357
610 1.525000 1.000000004391 1.000000004391
611 1.527500 1.000000004424 1.000000004424
612 1.530000 1.000000004458 1.000000004458
613 1.532500 1.000000004491 1.000000004491
614 1.535000 1.000000004524 1.000000004524
615 1.537500 1.000000004558 1.000000004558
616 1.540000 1.000000004591 1.000000004591
617 1.542500 1.000000004624 1.000000004624
618 1.545000 1.000000004657 1.000000004657
619 1.547500 1.000000004690 1.000000004690
620 1.550000 1.000000004723 1.000000004723
621 1.552500 1.000000004756 1.000000004756
622 1.555000 1.000000004789 1.000000004789
623 1.557500 1.000000004821 1.000000004821
624 1.560000 1.000000004854 1.000000004854
625 1.562500 1.000000004887 1.000000004887
626 1.565000 1.000000004919 1.000000004919
627 1.567500 1.000000004952 1.000000004952
628 1.570000 1.000000004984 1.000000004984
629 1.572500 1.000000005017 1.000000005017
630 1.575000 1.000000005049 1.000000005049
631 1.577500 1.000000005081 1.000000005081
632 1.580000 1.000000005114 1.000000005114
633 1.582500 1.000000005146 1.000000005146
634 1.585000 1.000000005178 1.000000005178
635 1.587500 1.000000005210 1.000000005210
636 1.590000 1.000000005242 1.000000005242
637 1.592500 1.000000005274 1.000000005274
638 1.595000 1.000000005306 1.000000005306
639 1.597500 1.000000005337 1.000000005337
640 1.600000 1.000000005369 1.000000005369
641 1.602500 1.000000005401 1.000000005401
642 1.605000 1.000000005432 1.000000005432
643 1.607500 1.000000005464 1.000000005464
644 1.610000 1.000000005495 1.000000005495
645 1.612500 1.000000005527 1.000000005527
646 1.615000 1.000000005558 1.000000005558
647 1.617500 1.000000005589 1.000000005589
648 1.620000 1.000000005620 1.000000005620
649 1.622500 1.000000005652 1.000000005652
650 1.625000 1.000000005683 1.000000005683
651 1.627500 1.000000005714 1.000000005714
652 1.630000 1.000000005745 1.000000005745
653 1.632500 1.000000005775 1.000000005775
654 1.635000 1.000000005806 1.000000005806
655 1.637500 1.000000005837 1.000000005837
656 1.640000 1.000000005868 1.000000005868
657 1.642500 1.000000005898 1.000000005898
658 1.645000 1.000000005929 1.000000005929
659 1.647500 1.000000005959 1.000000005959
660 1.650000 1.000000005990 1.000000005990
661 1.652500 1.000000006020 1.000000006020
662 1.655000 1.000000006051 1.000000006051
663 1.657500 1.000000006081 1.000000006081
664 1.660000 1.000000006111 1.000000006111
665 1.662500 1.000000006141 1.000000006141
666 1.665000 1.000000006171 1.000000006171
667 1.667500 1.000000006201 1.000000006201
668 1.670000 1.000000006231 1.000000006231
669 1.672500 1.000000006261 1.000000006261
670 1.675000 1.000000006291 1.000000006291
671 1.677500 1.000000006321 1.000000006321
672 1.680000 1.000000006351 1.000000006351
673 1.682500 1.000000006380 1.000000006380
674 1.685000 1.000000006410 1.000000006410
675 1.687500 1.000000006439 1.000000006439
676 1.690000 1.000000006469 1.000000006469
677 1.692500 1.000000006498 1.000000006498
678 1.695000 1.000000006528 1.000000006528
679 1.697500 1.000000006557 1.000000006557
680 1.700000 1.000000006586 1.000000006586
681 1.702500 1.000000006615 1.000000006615
682 1.705000 1.000000006645 1.000000006645
683 1.707500 1.000000006674 1.000000006674
684 1.710000 1.000000006703 1.000000006703
685 1.712500 1.000000006732 1.000000006732
686 1.715000 1.000000006761 1.000000006761
687 1.717500 1.000000006790 1.000000006790
688 1.720000 1.000000006818 1.000000006818
689 1.722500 1.000000006847 1.000000006847
690 1.725000 1.000000006876 1.000000006876
691 1.727500 1.000000006905 1.000000006905
692 1.730000 1.000000006933 1.000000006933
693 1.732500 1.000000006962 1.000000006962
694 1.735000 1.000000006990 1.000000006990
695 1.737500 1.000000007019 1.000000007019
696 1.740000 1.000000007047 1.000000007047
697 1.742500 1.000000007075 1.000000007075
698 1.745000 1.000000007104 1.000000007104
699 1.747500 1.000000007132 1.000000007132
700 1.750000 1.000000007160 1.000000007160
701 1.752500 1.000000007188 1.000000007188
702 1.755000 1.000000007216 1.000000007216
703 1.757500 1.000000007244 1.000000007244
704 1.760000 1.000000007272 1.000000007272
705 1.762500 1.000000007300 1.000000007300
706 1.765000 1.000000007328 1.000000007328
707 1.767500 1.000000007356 1.000000007356
708 1.770000 1.000000007384 1.000000007384
709 1.772500 1.000000007412 1.000000007412
710 1.775000 1.000000007439 1.000000007439
711 1.777500 1.000000007467 1.000000007467
712 1.780000 1.000000007495 1.000000007495
713 1.782500 1.000000007522 1.000000007522
714 1.785000 1.000000007550 1.000000007550
715 1.787500 1.000000007577 1.000000007577
716 1.790000 1.000000007605 1.000000007605
717 1.792500 1.000000007632 1.000000007632
718 1.795000 1.000000007659 1.000000007659
719 1.797500 1.000000007687 1.000000007687
720 1.800000 1.000000007714 1.000000007714
721 1.802500 1.000000007741 1.000000007741
722 1.805000 1.000000007768 1.000000007768
723 1.807500 1.000000007795 1.000000007795
724 1.810000 1.000000007823 1.000000007823
725 1.812500 1.000000007850 1.000000007850
726 1.815000 1.000000007877 1.000000007877
727 1.817500 1.000000007904 1.000000007904
728 1.820000 1.000000007930 1.000000007930
729 1.822500 1.000000007957 1.000000007957
730 1.825000 1.000000007984 1.000000007984
731 1.827500 1.000000008011 1.000000008011
732 1.830000 1.000000008038 1.000000008038
733 1.832500 1.000000008064 1.000000008064
734 1.835000 1.000000008091 1.000000008091
735 1.837500 1.000000008118 1.000000008118
736 1.840000 1.000000008144 1.000000008144
737 1.842500 1.000000008171 1.000000008171
738 1.845000 1.000000008197 1.000000008197
739 1.847500 1.000000008224 1.000000008224
740 1.850000 1.000000008250 1.000000008250
741 1.852500 1.000000008277 1.000000008277
742 1.855000 1.000000008303 1.000000008303
743 1.857500 1.000000008329 1.000000008329
744 1.860000 1.000000008356 1.000000008356
745 1.862500 1.000000008382 1.000000008382
746 1.865000 1.000000008408 1.000000008408
747 1.867500 1.000000008434 1.000000008434
748 1.870000 1.000000008460 1.000000008460
749 1.872500 1.000000008486 1.000000008486
750 1.875000 1.000000008512 1.000000008512
751 1.877500 1.000000008538 1.000000008538
752 1.880000 1.000000008564 1.000000008564
753 1.882500 1.000000008590 1.000000008590
754 1.885000 1.000000008616 1.000000008616
755 1.887500 1.000000008642 1.000000008642
756 1.890000 1.000000008668 1.000000008668
757 1.892500 1.000000008694 1.000000008694
758 1.895000 1.000000008720 1.000000008720
759 1.897500 1.000000008746 1.000000008746
760 1.900000 1.000000008771 1.000000008771
761 1.902500 1.000000008797 1.000000008797
762 1.905000 1.000000008823 1.000000008823
763 1.907500 1.000000008848 1.000000008848
764 1.910000 1.000000008874 1.000000008874
765 1.912500 1.000000008899 1.000000008899
766 1.915000 1.000000008925 1.000000008925
767 1.917500 1.000000008950 1.000000008950
768 1.920000 1.000000008976 1.000000008976
769 1.922500 1.000000009001 1.000000009001
770 1.925000 1.000000009027 1.000000009027
771 1.927500 1.000000009052 1.000000009052
772 1.930000 1.000000009078 1.000000009078
773 1.932500 1.000000009103 1.000000009103
774 1.935000 1.000000009128 1.000000009128
775 1.937500 1.000000009153 1.000000009153
776 1.940000 1.000000009179 1.000000009179
777 1.942500 1.000000009204 1.000000009204
778 1.945000 1.000000009229 1.000000009229
779 1.947500 1.000000009254 1.000000009254
780 1.950000 1.000000009279 1.000000009279
781 1.952500 1.000000009305 1.000000009305
782 1.955000 1.000000009330 1.000000009330
783 1.957500 1.000000009355 1.000000009355
784 1.960000 1.000000009380 1.000000009380
785 1.962500 1.000000009405 1.000000009405
786 1.965000 1.000000009430 1.000000009430
787 1.967500 1.000000009455 1.000000009455
788 1.970000 1.000000009480 1.000000009480
789 1.972500 1.000000009505 1.000000009505
790 1.975000 1.000000009529 1.000000009529
791 1.977500 1.000000009554 1.000000009554
792 1.980000 1.000000009579 1.000000009579
793 1.982500 1.000000009604 1.000000009604
794 1.985000 1.000000009629 1.000000009629
795 1.987500 1.000000009653 1.000000009653
796 1.990000 1.000000009678 1.000000009678
797 1.992500 1.000000009703 1.000000009703
798 1.995000 1.000000009728 1.000000009728
799 1.997500 1.000000009752 1.000000009752
800 2.000000 1.000000009777 1.000000009777
801 2.002500 1.000000009801 1.000000009801
802 2.005000 1.000000009826 1.000000009826
803 2.007500 1.000000009851 1.000000009851
804 2.010000 1.000000009875 1.000000009875
805 2.012500 1.000000009900 1.000000009900
806 2.015000 1.000000009924 1.000000009924
807 2.017500 1.000000009949 1.000000009949
808 2.020000 1.000000009973 1.000000009973
809 2.022500 1.000000009998 1.000000009998
810 2.025000 1.000000010022 1.000000010022
811 2.027500 1.000000010046 1.000000010046
812 2.030000 1.000000010071 1.000000010071
813 2.032500 1.000000010095 1.000000010095
814 2.035000 1.000000010120 1.000000010120
815 2.037500 1.000000010144 1.000000010144
816 2.040000 1.000000010168 1.000000010168
817 2.042500 1.000000010192 1.000000010192
818 2.045000 1.000000010217 1.000000010217
819 2.047500 1.000000010241 1.000000010241
820 2.050000 1.000000010265 1.000000010265
821 2.052500 1.000000010289 1.000000010289
822 2.055000 1.000000010314 1.000000010314
823 2.057500 1.000000010338 1.000000010338
824 2.060000 1.000000010362 1.000000010362
825 2.062500 1.000000010386 1.000000010386
826 2.065000 1.000000010410 1.000000010410
827 2.067500 1.000000010434 1.000000010434
828 2.070000 1.000000010458 1.000000010458
829 2.072500 1.000000010482 1.000000010482
830 2.075000 1.000000010506 1.000000010506
831 2.077500 1.000000010529 1.000000010529
832 2.080000 1.000000010553 1.000000010553
833 2.082500 1.000000010576 1.000000010576
834 2.085000 1.000000010599 1.000000010599
835 2.087500 1.000000010622 1.000000010622
836 2.090000 1.000000010645 1.000000010645
837 2.092500 1.000000010668 1.000000010668
838 2.095000 1.000000010690 1.000000010690
839 2.097500 1.000000010712 1.000000010712
840 2.100000 1.000000010733 1.000000010733
841 2.102500 1.000000010754 1.000000010754
842 2.105000 1.000000010774 1.000000010774
843 2.107500 1.000000010793 1.000000010793
844 2.110000 1.000000010812 1.000000010812
845 2.112500 1.000000010830 1.000000010830
846 2.115000 1.000000010847 1.000000010847
847 2.117500 1.000000010863 1.000000010863
848 2.120000 1.000000010878 1.000000010878
849 2.122500 1.000000010891 1.000000010891
850 2.125000 1.000000010904 1.000000010904
851 2.127500 1.000000010915 1.000000010915
852 2.130000 1.000000010924 1.000000010924
853 2.132500 1.000000010931 1.000000010931
854 2.135000 1.000000010937 1.000000010937
855 2.137500 1.000000010941 1.000000010941
856 2.140000 1.000000010943 1.000000010943
857 2.142500 1.000000010943 1.000000010943
858 2.145000 1.000000010941 1.000000010941
859 2.147500 1.000000010936 1.000000010936
860 2.150000 1.000000010930 1.000000010930
861 2.152500 1.000000010920 1.000000010920
862 2.155000 1.000000010909 1.000000010909
863 2.157500 1.000000010894 1.000000010894
864 2.160000 1.000000010878 1.000000010878
865 2.162500 1.000000010858 1.000000010858
866 2.165000 1.000000010836 1.000000010836
867 2.167500 1.000000010812 1.000000010812
868 2.170000 1.000000010785 1.000000010785
869 2.172500 1.000000010755 1.000000010755
870 2.175000 1.000000010723 1.000000010723
871 2.177500 1.000000010688 1.000000010688
872 2.180000 1.000000010651 1.000000010651
873 2.182500 1.000000010611 1.000000010611
874 2.185000 1.000000010569 1.000000010569
875 2.187500 1.000000010525 1.000000010525
876 2.190000 1.000000010479 1.000000010479
877 2.192500 1.000000010430 1.000000010430
878 2.195000 1.000000010380 1.000000010380
879 2.197500 1.000000010328 1.000000010328
880 2.200000 1.000000010275 1.000000010275
881 2.202500 1.000000010219 1.000000010219
882 2.205000 1.000000010163 1.000000010163
883 2.207500 1.000000010105 1.000000010105
884 2.210000 1.000000010046 1.000000010046
885 2.212500 1.000000009986 1.000000009986
886 2.215000 1.000000009925 1.000000009925
887 2.217500 1.000000009863 1.000000009863
888 2.220000 1.000000009801 1.000000009801
889 2.222500 1.000000009739 1.000000009739
890 2.225000 1.000000009676 1.000000009676
891 2.227500 1.000000009613 1.000000009613
892 2.230000 1.000000009549 1.000000009549
893 2.232500 1.000000009486 1.000000009486
894 2.235000 1.000000009423 1.000000009423
895 2.237500 1.000000009360 1.000000009360
896 2.240000 1.000000009298 1.000000009298
897 2.242500 1.000000009236 1.000000009236
898 2.245000 1.000000009175 1.000000009175
899 2.247500 1.000000009114 1.000000009114
900 2.250000 1.000000009053 1.000000009053
901 2.252500 1.000000008994 1.000000008994
902 2.255000 1.000000008935 1.000000008935
903 2.257500 1.000000008877 1.000000008877
904 2.260000 1.000000008820 1.000000008820
905 2.262500 1.000000008763 1.000000008763
906 2.265000 1.000000008708 1.000000008708
907 2.267500 1.000000008653 1.000000008653
908 2.270000 1.000000008599 1.000000008599
909 2.272500 1.000000008547 1.000000008547
910 2.275000 1.000000008495 1.000000008495
911 2.277500 1.000000008444 1.000000008444
912 2.280000 1.000000008393 1.000000008393
913 2.282500 1.000000008344 1.000000008344
914 2.285000 1.000000008295 1.000000008295
915 2.287500 1.000000008248 1.000000008248
916 2.290000 1.000000008201 1.000000008201
917 2.292500 1.000000008155 1.000000008155
918 2.295000 1.000000008109 1.000000008109
919 2.297500 1.000000008065 1.000000008065
920 2.300000 1.000000008021 1.000000008021
921 2.302500 1.000000007978 1.000000007978
922 2.305000 1.000000007935 1.000000007935
923 2.307500 1.000000007893 1.000000007893
924 2.310000 1.000000007852 1.000000007852
925 2.312500 1.000000007812 1.000000007812
926 2.315000 1.000000007772 1.000000007772
927 2.317500 1.000000007732 1.000000007732
928 2.320000 1.000000007693 1.000000007693
929 2.322500 1.000000007655 1.000000007655
930 2.325000 1.000000007617 1.000000007617
931 2.327500 1.000000007579 1.000000007579
932 2.330000 1.000000007542 1.000000007542
933 2.332500 1.000000007506 1.000000007506
934 2.335000 1.000000007470 1.000000007470
935 2.337500 1.000000007434 1.000000007434
936 2.340000 1.000000007399 1.000000007399
937 2.342500 1.000000007364 1.000000007364
938 2.345000 1.000000007329 1.000000007329
939 2.347500 1.000000007295 1.000000007295
940 2.350000 1.000000007262 1.000000007262
941 2.352500 1.000000007228 1.000000007228
942 2.355000 1.000000007195 1.000000007195
943 2.357500 1.000000007163 1.000000007163
