x[5] y[5]
0.000000 1.000000
-0.000050 1.000000
-0.000200 1.000000
-0.000450 1.000000
-0.000801 1.000000
-0.001252 1.000000
-0.001804 1.000000
-0.002456 1.000000
-0.003209 1.000000
-0.004062 1.000000
-0.005017 1.000000
-0.006072 1.000000
-0.007229 1.000000
-0.008487 1.000000
-0.009846 1.000000
-0.011306 1.000000
-0.012869 1.000000
-0.014532 1.000000
-0.016298 1.000000
-0.018165 1.000000
-0.020134 1.000000
-0.022205 0.999999
-0.024379 0.999999
-0.026654 0.999999
-0.029032 0.999999
-0.031513 0.999998
-0.034096 0.999998
-0.036781 0.999997
-0.039570 0.999997
-0.042461 0.999996
-0.045455 0.999995
-0.048553 0.999994
-0.051753 0.999992
-0.055057 0.999991
-0.058465 0.999989
-0.061976 0.999987
-0.065590 0.999984
-0.069309 0.999982
-0.073131 0.999978
-0.077057 0.999975
-0.081087 0.999970
-0.085222 0.999966
-0.089461 0.999960
-0.093805 0.999954
-0.098253 0.999947
-0.102806 0.999940
-0.107463 0.999931
-0.112226 0.999922
-0.117094 0.999911
-0.122067 0.999899
-0.127145 0.999886
-0.132329 0.999872
-0.137618 0.999856
-0.143013 0.999838
-0.148514 0.999819
-0.154121 0.999797
-0.159834 0.999774
-0.165653 0.999749
-0.171578 0.999721
-0.177610 0.999690
-0.183749 0.999657
-0.189994 0.999621
-0.196346 0.999582
-0.202805 0.999540
-0.209371 0.999494
-0.216044 0.999444
-0.222824 0.999391
-0.229712 0.999333
-0.236708 0.999270
-0.243811 0.999203
-0.251021 0.999131
-0.258340 0.999054
-0.265766 0.998970
-0.273301 0.998881
-0.280943 0.998786
-0.288694 0.998684
-0.296553 0.998575
-0.304521 0.998458
-0.312597 0.998334
-0.320781 0.998202
-0.329074 0.998061
-0.337476 0.997911
-0.345986 0.997752
-0.354605 0.997583
-0.363332 0.997404
-0.372169 0.997214
-0.381114 0.997013
-0.390168 0.996799
-0.399331 0.996574
-0.408602 0.996336
-0.417982 0.996085
-0.427471 0.995819
-0.437069 0.995540
-0.446775 0.995245
-0.456590 0.994934
-0.466514 0.994608
-0.476545 0.994264
-0.486685 0.993903
-0.496934 0.993524
-0.507290 0.993126
-0.517754 0.992709
-0.528326 0.992271
-0.539005 0.991813
-0.549792 0.991333
-0.560686 0.990831
-0.571687 0.990306
-0.582794 0.989757
-0.594008 0.989184
-0.605328 0.988586
-0.616754 0.987961
-0.628286 0.987310
-0.639923 0.986631
-0.651664 0.985924
-0.663510 0.985188
-0.675461 0.984422
-0.687514 0.983626
-0.699672 0.982798
-0.711931 0.981937
-0.724294 0.981043
-0.736758 0.980116
-0.749323 0.979153
-0.761989 0.978155
-0.774755 0.977120
-0.787621 0.976048
-0.800586 0.974937
-0.813649 0.973788
-0.826810 0.972599
-0.840068 0.971368
-0.853422 0.970097
-0.866872 0.968783
-0.880417 0.967425
-0.894056 0.966024
-0.907788 0.964577
-0.921612 0.963085
-0.935528 0.961546
-0.949535 0.959959
-0.963632 0.958325
-0.977817 0.956641
-0.992091 0.954907
-1.006451 0.953123
-1.020897 0.951287
-1.035428 0.949399
-1.050044 0.947458
-1.064741 0.945463
-1.079521 0.943413
-1.094381 0.941308
-1.109321 0.939147
-1.124339 0.936929
-1.139434 0.934653
-1.154605 0.932320
-1.169850 0.929927
-1.185169 0.927475
-1.200559 0.924962
-1.216020 0.922389
-1.231551 0.919754
-1.247149 0.917056
-1.262814 0.914296
-1.278544 0.911473
-1.294338 0.908585
-1.310194 0.905633
-1.326111 0.902616
-1.342086 0.899533
-1.358120 0.896384
-1.374209 0.893169
-1.390353 0.889886
-1.406549 0.886535
-1.422797 0.883117
-1.439094 0.879630
-1.455440 0.876074
-1.471831 0.872449
-1.488266 0.868754
-1.504745 0.864989
-1.521264 0.861153
-1.537822 0.857247
-1.554417 0.853270
-1.571048 0.849222
-1.587712 0.845102
-1.604409 0.840910
-1.621134 0.836646
-1.637888 0.832310
-1.654668 0.827901
-1.671472 0.823420
-1.688297 0.818866
-1.705143 0.814239
-1.722007 0.809539
-1.738887 0.804766
-1.755780 0.799920
-1.772686 0.795000
-1.789602 0.790007
-1.806525 0.784941
-1.823454 0.779802
-1.840387 0.774589
-1.857321 0.769303
-1.874254 0.763944
-1.891185 0.758511
-1.908110 0.753006
-1.925029 0.747427
-1.941938 0.741776
-1.958835 0.736052
-1.975719 0.730256
-1.992587 0.724387
-2.009436 0.718446
-2.026266 0.712433
-2.043072 0.706349
-2.059854 0.700193
-2.076609 0.693966
-2.093334 0.687668
-2.110028 0.681300
-2.126687 0.674861
-2.143311 0.668352
-2.159896 0.661774
-2.176441 0.655126
-2.192943 0.648410
-2.209400 0.641625
-2.225809 0.634773
-2.242168 0.627852
-2.258475 0.620865
-2.274729 0.613811
-2.290925 0.606691
-2.307063 0.599505
-2.323140 0.592253
-2.339154 0.584938
-2.355102 0.577558
-2.370983 0.570114
-2.386793 0.562608
-2.402532 0.555039
-2.418196 0.547408
-2.433783 0.539716
-2.449292 0.531963
-2.464719 0.524151
-2.480064 0.516279
-2.495323 0.508349
-2.510495 0.500360
-2.525577 0.492314
-2.540568 0.484212
-2.555465 0.476054
-2.570265 0.467840
-2.584968 0.459573
-2.599571 0.451251
-2.614072 0.442877
-2.628469 0.434451
-2.642760 0.425973
-2.656942 0.417445
-2.671015 0.408867
-2.684975 0.400240
-2.698822 0.391565
-2.712552 0.382843
-2.726165 0.374074
-2.739659 0.365261
-2.753031 0.356402
-2.766279 0.347500
-2.779403 0.338555
-2.792399 0.329568
-2.805268 0.320540
-2.818005 0.311473
-2.830611 0.302366
-2.843083 0.293221
-2.855420 0.284038
-2.867620 0.274820
-2.879681 0.265567
-2.891602 0.256279
-2.903382 0.246958
-2.915018 0.237605
-2.926510 0.228220
-2.937856 0.218806
-2.949054 0.209363
-2.960103 0.199891
-2.971003 0.190393
-2.981750 0.180868
-2.992345 0.171319
-3.002785 0.161746
-3.013070 0.152151
-3.023199 0.142534
-3.033170 0.132896
-3.042982 0.123240
-3.052634 0.113565
-3.062125 0.103873
-3.071454 0.094166
-3.080620 0.084444
-3.089621 0.074708
-3.098458 0.064960
-3.107129 0.055201
-3.115633 0.045432
-3.123970 0.035654
-3.132138 0.025869
-3.140137 0.016077
-3.147966 0.006280
-3.155624 -0.003520
-3.163112 -0.013323
-3.170427 -0.023128
-3.177570 -0.032932
-3.184540 -0.042735
-3.191336 -0.052536
-3.197959 -0.062333
-3.204407 -0.072125
-3.210680 -0.081911
-3.216778 -0.091689
-3.222700 -0.101458
-3.228446 -0.111217
-3.234016 -0.120964
-3.239410 -0.130698
-3.244627 -0.140418
-3.249668 -0.150122
-3.254531 -0.159810
-3.259218 -0.169479
-3.263727 -0.179128
-3.268060 -0.188756
-3.272215 -0.198361
-3.276193 -0.207943
-3.279995 -0.217499
-3.283619 -0.227029
-3.287067 -0.236530
-3.290338 -0.246002
-3.293433 -0.255443
-3.296353 -0.264852
-3.299096 -0.274226
-3.301664 -0.283566
-3.304056 -0.292869
-3.306274 -0.302133
-3.308318 -0.311358
-3.310188 -0.320542
-3.311885 -0.329683
-3.313409 -0.338780
-3.314760 -0.347831
-3.315940 -0.356836
-3.316948 -0.365792
-3.317787 -0.374697
-3.318455 -0.383552
-3.318954 -0.392353
-3.319285 -0.401099
-3.319448 -0.409790
-3.319445 -0.418422
-3.319275 -0.426996
-3.318941 -0.435509
-3.318442 -0.443959
-3.317780 -0.452346
-3.316955 -0.460667
-3.315969 -0.468921
-3.314822 -0.477107
-3.313516 -0.485223
-3.312052 -0.493267
-3.310430 -0.501238
-3.308652 -0.509135
-3.306719 -0.516955
-3.304632 -0.524697
-3.302393 -0.532360
-3.300002 -0.539941
-3.297460 -0.547440
-3.294769 -0.554855
-3.291931 -0.562184
-3.288946 -0.569425
-3.285816 -0.576578
-3.282542 -0.583640
-3.279125 -0.590610
-3.275568 -0.597486
-3.271871 -0.604267
-3.268035 -0.610951
-3.264063 -0.617536
-3.259956 -0.624022
-3.255714 -0.630405
-3.251341 -0.636686
-3.246836 -0.642861
-3.242203 -0.648930
-3.237442 -0.654892
-3.232555 -0.660743
-3.227543 -0.666484
-3.222408 -0.672111
-3.217153 -0.677625
-3.211778 -0.683023
-3.206285 -0.688303
-3.200676 -0.693464
-3.194952 -0.698505
-3.189116 -0.703424
-3.183168 -0.708219
-3.177112 -0.712890
-3.170948 -0.717433
-3.164678 -0.721849
-3.158305 -0.726135
-3.151829 -0.730290
-3.145253 -0.734312
-3.138579 -0.738201
-3.131808 -0.741954
-3.124942 -0.745570
-3.117984 -0.749047
-3.110934 -0.752385
-3.103795 -0.755581
-3.096569 -0.758635
-3.089258 -0.761544
-3.081863 -0.764308
-3.074386 -0.766926
-3.066830 -0.769395
-3.059197 -0.771714
-3.051487 -0.773883
-3.043704 -0.775900
-3.035848 -0.777762
-3.027923 -0.779471
-3.019930 -0.781023
-3.011871 -0.782418
-3.003748 -0.783654
-2.995562 -0.784731
-2.987317 -0.785646
-2.979014 -0.786400
-2.970654 -0.786990
-2.962240 -0.787416
-2.953774 -0.787676
-2.945258 -0.787770
-2.936694 -0.787696
-2.928084 -0.787453
-2.919429 -0.787040
-2.910732 -0.786457
-2.901995 -0.785702
-2.893219 -0.784774
-2.884408 -0.783672
-2.875562 -0.782396
-2.866683 -0.780944
-2.857774 -0.779316
-2.848837 -0.777510
-2.839874 -0.775527
-2.830886 -0.773365
-2.821876 -0.771023
-2.812845 -0.768501
-2.803796 -0.765798
-2.794730 -0.762913
-2.785649 -0.759845
-2.776556 -0.756595
-2.767452 -0.753161
-2.758339 -0.749544
-2.749219 -0.745741
-2.740094 -0.741753
-2.730966 -0.737580
-2.721837 -0.733220
-2.712708 -0.728674
-2.703582 -0.723941
-2.694461 -0.719021
-2.685345 -0.713913
-2.676238 -0.708617
-2.667141 -0.703134
-2.658055 -0.697461
-2.648984 -0.691601
-2.639927 -0.685551
-2.630888 -0.679313
-2.621868 -0.672886
-2.612868 -0.666269
-2.603891 -0.659464
-2.594939 -0.652469
-2.586012 -0.645286
-2.577113 -0.637913
-2.568244 -0.630352
-2.559405 -0.622601
-2.550599 -0.614663
-2.541828 -0.606535
-2.533093 -0.598220
-2.524395 -0.589716
-2.515737 -0.581025
-2.507120 -0.572147
-2.498545 -0.563081
-2.490013 -0.553829
-2.481528 -0.544391
-2.473089 -0.534766
-2.464699 -0.524957
-2.456359 -0.514963
-2.448070 -0.504784
-2.439834 -0.494422
-2.431653 -0.483877
-2.423527 -0.473149
-2.415457 -0.462239
-2.407447 -0.451149
-2.399495 -0.439878
-2.391605 -0.428427
-2.383776 -0.416797
-2.376011 -0.404989
-2.368311 -0.393004
-2.360676 -0.380843
-2.353108 -0.368505
-2.345608 -0.355994
-2.338177 -0.343308
-2.330816 -0.330450
-2.323526 -0.317420
-2.316308 -0.304220
-2.309163 -0.290849
-2.302093 -0.277310
-2.295097 -0.263604
-2.288176 -0.249731
-2.281332 -0.235693
-2.274565 -0.221490
-2.267877 -0.207125
-2.261267 -0.192598
-2.254736 -0.177910
-2.248285 -0.163064
-2.241915 -0.148059
-2.235626 -0.132897
-2.229418 -0.117580
-2.223292 -0.102109
-2.217249 -0.086485
-2.211288 -0.070710
-2.205410 -0.054785
-2.199616 -0.038711
-2.193905 -0.022490
-2.188278 -0.006124
-2.182735 0.010387
-2.177275 0.027040
-2.171900 0.043834
-2.166608 0.060769
-2.161400 0.077841
-2.156276 0.095050
-2.151235 0.112393
-2.146277 0.129870
-2.141402 0.147479
-2.136610 0.165218
-2.131900 0.183086
-2.127271 0.201080
-2.122724 0.219199
-2.118257 0.237441
-2.113870 0.255806
-2.109562 0.274290
-2.105333 0.292892
-2.101182 0.311610
-2.097107 0.330443
-2.093108 0.349389
-2.089184 0.368445
-2.085334 0.387611
-2.081556 0.406883
-2.077850 0.426261
-2.074215 0.445742
-2.070648 0.465324
-2.067149 0.485006
-2.063717 0.504784
-2.060349 0.524659
-2.057045 0.544626
-2.053803 0.564685
-2.050620 0.584833
-2.047497 0.605068
-2.044430 0.625388
-2.041417 0.645791
-2.038459 0.666275
-2.035551 0.686838
-2.032692 0.707476
-2.029881 0.728189
-2.027115 0.748974
-2.024393 0.769828
-2.021711 0.790750
-2.019068 0.811737
-2.016461 0.832787
-2.013889 0.853897
-2.011348 0.875065
-2.008837 0.896289
-2.006353 0.917566
-2.003894 0.938894
-2.001456 0.960270
-1.999039 0.981693
-1.996638 1.003159
-1.994251 1.024666
-1.991877 1.046212
-1.989511 1.067794
-1.987151 1.089410
-1.984795 1.111056
-1.982439 1.132731
-1.980082 1.154432
-1.977719 1.176156
-1.975349 1.197901
-1.972968 1.219663
-1.970573 1.241442
-1.968161 1.263233
-1.965730 1.285035
-1.963277 1.306844
-1.960798 1.328658
-1.958290 1.350474
-1.955751 1.372290
-1.953177 1.394103
-1.950566 1.415910
-1.947914 1.437709
-1.945218 1.459496
-1.942475 1.481270
-1.939682 1.503028
-1.936836 1.524767
-1.933934 1.546484
-1.930973 1.568176
-1.927950 1.589842
-1.924861 1.611478
-1.921703 1.633082
-1.918474 1.654650
-1.915171 1.676182
-1.911789 1.697672
-1.908327 1.719121
-1.904781 1.740523
-1.901148 1.761878
-1.897425 1.783182
-1.893610 1.804433
-1.889698 1.825629
-1.885687 1.846766
-1.881575 1.867842
-1.877358 1.888856
-1.873033 1.909803
-1.868597 1.930683
-1.864048 1.951492
-1.859382 1.972228
-1.854598 1.992888
-1.849691 2.013471
-1.844659 2.033973
-1.839500 2.054394
-1.834211 2.074729
-1.828788 2.094977
-1.823230 2.115136
-1.817534 2.135204
-1.811697 2.155178
-1.805717 2.175055
-1.799590 2.194835
-1.793316 2.214515
-1.786890 2.234092
-1.780312 2.253565
-1.773578 2.272932
-1.766686 2.292190
-1.759634 2.311337
-1.752420 2.330373
-1.745041 2.349294
-1.737496 2.368099
-1.729782 2.386786
-1.721897 2.405353
-1.713839 2.423798
-1.705607 2.442120
-1.697198 2.460317
-1.688611 2.478387
-1.679844 2.496329
-1.670895 2.514140
-1.661762 2.531819
-1.652444 2.549365
-1.642940 2.566776
-1.633247 2.584051
-1.623364 2.601188
-1.613290 2.618185
-1.603024 2.635041
-1.592564 2.651755
-1.581909 2.668325
-1.571058 2.684751
-1.560010 2.701030
-1.548763 2.717161
-1.537317 2.733144
-1.525671 2.748976
-1.513824 2.764657
-1.501775 2.780186
-1.489523 2.795561
-1.477068 2.810782
-1.464409 2.825847
-1.451545 2.840755
-1.438476 2.855505
-1.425202 2.870096
-1.411722 2.884527
-1.398036 2.898798
-1.384144 2.912907
-1.370044 2.926853
-1.355739 2.940636
-1.341226 2.954255
-1.326506 2.967708
-1.311580 2.980996
-1.296447 2.994117
-1.281108 3.007071
-1.265562 3.019856
-1.249811 3.032473
-1.233854 3.044920
-1.217692 3.057197
-1.201325 3.069303
-1.184754 3.081238
-1.167980 3.093001
-1.151003 3.104592
-1.133824 3.116010
-1.116444 3.127254
-1.098863 3.138324
-1.081083 3.149220
-1.063104 3.159941
-1.044927 3.170487
-1.026555 3.180858
-1.007987 3.191052
-0.989224 3.201070
-0.970269 3.210912
-0.951123 3.220577
-0.931786 3.230064
-0.912261 3.239374
-0.892548 3.248507
-0.872650 3.257462
-0.852568 3.266238
-0.832303 3.274837
-0.811857 3.283257
-0.791233 3.291499
-0.770431 3.299563
-0.749454 3.307448
-0.728303 3.315154
-0.706981 3.322682
-0.685490 3.330031
-0.663831 3.337201
-0.642007 3.344193
-0.620020 3.351006
-0.597872 3.357641
-0.575565 3.364098
-0.553102 3.370376
-0.530484 3.376477
-0.507716 3.382399
-0.484798 3.388144
-0.461733 3.393712
-0.438524 3.399102
-0.415174 3.404315
-0.391684 3.409351
-0.368059 3.414211
-0.344299 3.418895
-0.320409 3.423403
-0.296391 3.427736
-0.272247 3.431893
-0.247981 3.435876
-0.223595 3.439684
-0.199093 3.443318
-0.174477 3.446779
-0.149750 3.450067
-0.124916 3.453183
-0.099977 3.456126
-0.074936 3.458897
-0.049798 3.461498
-0.024564 3.463928
0.000762 3.466188
0.026177 3.468278
0.051677 3.470200
0.077259 3.471953
0.102921 3.473539
0.128657 3.474957
0.154466 3.476209
0.180344 3.477295
0.206288 3.478216
0.232293 3.478973
0.258357 3.479565
0.284476 3.479995
0.310647 3.480262
0.336866 3.480367
0.363129 3.480310
0.389433 3.480094
0.415775 3.479717
0.442150 3.479182
0.468556 3.478488
0.494988 3.477637
0.521444 3.476628
0.547919 3.475464
0.574409 3.474144
0.600912 3.472669
0.627423 3.471041
0.653939 3.469259
0.680456 3.467324
0.706971 3.465238
0.733479 3.463000
0.759978 3.460612
0.786463 3.458075
0.812931 3.455388
0.839377 3.452553
0.865800 3.449570
0.892194 3.446440
0.918556 3.443164
0.944882 3.439742
0.971169 3.436175
0.997414 3.432464
1.023612 3.428609
1.049760 3.424611
1.075854 3.420469
1.101892 3.416186
1.127868 3.411762
1.153780 3.407196
1.179625 3.402490
1.205398 3.397643
1.231097 3.392658
1.256717 3.387533
1.282256 3.382269
1.307710 3.376868
1.333076 3.371328
1.358351 3.365651
1.383531 3.359837
1.408613 3.353886
1.433594 3.347798
1.458470 3.341575
1.483240 3.335215
1.507900 3.328720
1.532446 3.322089
1.556877 3.315322
1.581188 3.308421
1.605378 3.301385
1.629444 3.294213
1.653383 3.286908
1.677192 3.279467
1.700869 3.271892
1.724412 3.264182
1.747818 3.256339
1.771085 3.248360
1.794211 3.240248
1.817193 3.232001
1.840030 3.223620
1.862720 3.215105
1.885261 3.206456
1.907651 3.197673
1.929888 3.188756
1.951971 3.179706
1.973899 3.170521
1.995669 3.161203
2.017281 3.151751
2.038733 3.142166
2.060025 3.132448
2.081155 3.122597
2.102122 3.112613
2.122926 3.102497
2.143565 3.092249
2.164039 3.081870
2.184348 3.071359
2.204490 3.060718
2.224466 3.049946
2.244275 3.039045
2.263917 3.028015
2.283391 3.016857
2.302698 3.005572
2.321837 2.994160
2.340809 2.982622
2.359613 2.970960
2.378250 2.959175
2.396719 2.947267
2.415022 2.935238
2.433158 2.923089
2.451128 2.910821
2.468932 2.898436
2.486570 2.885936
2.504044 2.873321
2.521354 2.860594
2.538500 2.847756
2.555482 2.834810
2.572303 2.821756
2.588961 2.808597
2.605459 2.795335
2.621797 2.781971
2.637975 2.768509
2.653994 2.754950
2.669855 2.741296
2.685560 2.727550
2.701108 2.713714
2.716502 2.699791
2.731741 2.685783
2.746826 2.671692
2.761759 2.657522
2.776540 2.643274
2.791171 2.628952
2.805652 2.614559
2.819985 2.600097
2.834169 2.585568
2.848207 2.570977
2.862099 2.556326
2.875846 2.541617
2.889450 2.526854
2.902910 2.512041
2.916229 2.497179
2.929406 2.482272
2.942444 2.467324
2.955343 2.452337
2.968104 2.437315
2.980728 2.422261
2.993216 2.407178
3.005569 2.392070
3.017788 2.376940
3.029874 2.361790
3.041828 2.346626
3.053651 2.331449
3.065343 2.316263
3.076906 2.301073
3.088341 2.285880
3.099649 2.270689
3.110830 2.255503
3.121886 2.240326
3.132817 2.225160
3.143624 2.210010
3.154309 2.194878
3.164872 2.179769
3.175314 2.164686
3.185635 2.149632
3.195838 2.134611
3.205922 2.119626
3.215888 2.104680
3.225738 2.089778
3.235472 2.074923
3.245091 2.060117
3.254596 2.045365
3.263988 2.030670
3.273267 2.016035
3.282434 2.001465
3.291490 1.986961
3.300436 1.972528
3.309272 1.958169
3.318000 1.943887
3.326620 1.929685
3.335133 1.915568
3.343539 1.901538
3.351840 1.887598
3.360036 1.873752
3.368127 1.860003
3.376115 1.846355
3.384000 1.832809
3.391782 1.819370
3.399463 1.806041
3.407044 1.792824
3.414524 1.779723
3.421904 1.766741
3.429185 1.753880
3.436368 1.741145
3.443454 1.728536
3.450442 1.716058
3.457334 1.703714
3.464130 1.691506
3.470830 1.679436
3.477436 1.667508
3.483948 1.655725
3.490365 1.644088
3.496690 1.632601
3.502922 1.621266
3.509063 1.610085
3.515111 1.599062
3.521069 1.588198
3.526936 1.577495
3.532713 1.566957
3.538400 1.556585
3.543999 1.546382
3.549509 1.536350
3.554930 1.526490
3.560264 1.516805
3.565510 1.507297
3.570670 1.497969
3.575743 1.488820
3.580730 1.479855
3.585631 1.471074
3.590447 1.462479
3.595178 1.454072
3.599824 1.445854
3.604386 1.437828
3.608864 1.429993
3.613259 1.422353
3.617570 1.414909
3.621798 1.407661
3.625944 1.400611
3.630007 1.393760
3.633988 1.387109
3.637887 1.380660
3.641704 1.374414
3.645440 1.368371
3.649095 1.362532
3.652669 1.356899
3.656162 1.351472
3.659574 1.346252
3.662906 1.341239
3.666158 1.336435
3.669329 1.331839
3.672421 1.327452
3.675433 1.323276
3.678365 1.319309
3.681218 1.315553
3.683991 1.312008
3.686685 1.308674
3.689299 1.305551
3.691834 1.302639
3.694290 1.299939
3.696666 1.297450
3.698963 1.295172
3.701182 1.293106
3.703320 1.291250
3.705380 1.289605
3.707360 1.288171
3.709261 1.286947
3.711082 1.285933
3.712824 1.285128
3.714486 1.284532
3.716068 1.284144
3.717570 1.283963
3.718992 1.283989
3.720334 1.284221
3.721595 1.284659
3.722774 1.285300
3.723873 1.286145
3.724889 1.287191
3.725823 1.288438
3.726675 1.289884
3.727443 1.291528
3.728128 1.293368
3.728728 1.295403
3.729242 1.297631
3.729671 1.300050
3.730014 1.302658
3.730268 1.305453
3.730435 1.308434
3.730512 1.311598
3.730499 1.314943
3.730395 1.318466
3.730199 1.322165
3.729910 1.326039
3.729527 1.330083
3.729049 1.334296
3.728473 1.338675
3.727801 1.343218
3.727029 1.347920
3.726158 1.352780
3.725185 1.357795
3.724110 1.362962
3.722930 1.368277
3.721646 1.373737
3.720255 1.379340
3.718756 1.385082
