x[23] y[23]
3.000000 4.000000
3.005509 4.002753
3.021830 4.010884
3.048355 4.024024
3.084099 4.041567
3.127719 4.062698
3.177554 4.086421
3.231671 4.111611
3.287928 4.137083
3.344049 4.161685
3.397714 4.184407
3.446665 4.204512
3.488844 4.221693
3.522592 4.236223
3.546938 4.249011
3.561905 4.261385
3.568507 4.274528
3.568291 4.288970
3.562764 4.304530
3.553110 4.320552
3.540165 4.336143
3.524493 4.350332
3.506460 4.362152
3.486302 4.370696
3.464173 4.375152
3.440184 4.374825
3.414433 4.369165
3.387029 4.357774
3.358109 4.340418
3.327850 4.317027
3.296481 4.287690
3.264282 4.252646
3.231577 4.212259
3.198727 4.167002
3.166104 4.117427
3.134063 4.064147
3.102904 4.007821
3.072832 3.949159
3.043924 3.888928
3.016113 3.827981
2.989179 3.767266
2.962765 3.707823
2.936389 3.650757
2.909461 3.597192
2.881289 3.548205
2.851092 3.504752
2.818007 3.467590
2.781124 3.437201
2.739546 3.413725
2.692490 3.396919
2.639412 3.386178
2.580115 3.380600
2.514812 3.379097
2.444111 3.380511
2.368967 3.383704
2.290590 3.387640
2.210372 3.391437
2.129808 3.394410
2.050452 3.396097
1.973879 3.396257
1.901659 3.394853
1.835320 3.392009
1.776307 3.387959
1.725928 3.382997
1.685292 3.377427
1.655257 3.371529
1.636388 3.365537
1.628920 3.359623
1.632751 3.353897
1.647440 3.348413
1.672227 3.343181
1.706073 3.338192
1.747704 3.333447
1.795677 3.328979
1.848447 3.324894
1.904456 3.321392
1.962210 3.318789
2.020379 3.317517
2.077873 3.318107
2.133918 3.321121
2.188081 3.327073
2.240262 3.336311
2.290617 3.348923
2.339458 3.364668
2.387142 3.382958
2.433980 3.402889
2.480164 3.423303
2.525738 3.442877
2.570594 3.460225
2.614491 3.473999
2.657088 3.482979
2.697991 3.486149
2.736789 3.482758
2.773092 3.472355
2.806564 3.454808
2.836943 3.430304
2.864064 3.399337
2.887870 3.362673
2.908413 3.321314
2.925864 3.276441
2.940498 3.229361
2.952695 3.181439
2.962918 3.134037
2.971703 3.088445
2.979635 3.045826
2.987326 3.007155
2.995379 2.973186
3.004350 2.944429
3.014698 2.921154
3.026741 2.903418
3.040621 2.891114
3.056285 2.884006
3.073496 2.881759
3.091857 2.883950
3.110837 2.890069
3.129815 2.899526
3.148116 2.911658
3.165057 2.925747
3.179979 2.941043
3.192291 2.956790
3.201498 2.972261
3.207228 2.986779
3.209255 2.999751
3.207512 3.010684
3.202092 3.019206
3.193248 3.025075
3.181378 3.028180
3.167003 3.028541
3.150746 3.026301
3.133298 3.021712
3.115387 3.015118
3.097749 3.006934
3.081100 2.997627
3.066109 2.987686
3.053383 2.977598
3.043452 2.967818
3.036753 2.958746
3.033624 2.950698
3.034297 2.943890
3.038891 2.938422
3.047410 2.934271
3.059740 2.931297
3.075653 2.929244
3.094807 2.927765
3.116758 2.926434
3.140966 2.924775
3.166814 2.922287
3.193621 2.918464
3.220666 2.912820
3.247204 2.904906
3.272493 2.894329
3.295818 2.880764
3.316514 2.863963
3.333990 2.843762
3.347755 2.820089
3.357438 2.792964
3.362802 2.762502
3.363760 2.728906
3.360379 2.692464
3.352883 2.653541
3.341641 2.612557
3.327159 2.569977
3.310057 2.526281
3.291042 2.481941
3.270875 2.437393
3.250327 2.393009
3.230141 2.349083
3.210979 2.305823
3.193391 2.263354
3.177779 2.221739
3.164384 2.181000
3.153281 2.141146
3.144388 2.102200
3.137481 2.064221
3.132224 2.027328
3.128202 1.991705
3.124955 1.957604
3.122020 1.925333
3.118957 1.895234
3.115378 1.867660
3.110964 1.842944
3.105473 1.821371
3.098748 1.803156
3.090712 1.788424
3.081370 1.777197
3.070794 1.769384
3.059120 1.764783
3.046534 1.763085
3.033260 1.763881
3.019550 1.766678
3.005666 1.770918
2.991869 1.775992
2.978408 1.781272
2.965503 1.786127
2.953334 1.789951
2.942033 1.792186
2.931672 1.792348
2.922260 1.790044
2.913744 1.784994
2.906011 1.777047
2.898901 1.766192
2.892226 1.752559
2.885786 1.736417
2.879391 1.718161
2.872881 1.698291
2.866135 1.677384
2.859076 1.656065
2.851672 1.634973
2.843928 1.614730
2.835879 1.595914
2.827579 1.579030
2.819093 1.564494
2.810489 1.552613
2.801831 1.543580
2.793180 1.537464
2.784587 1.534218
2.776101 1.533684
2.767764 1.535603
2.759622 1.539632
2.751722 1.545362
2.744120 1.552342
2.736881 1.560093
2.730086 1.568138
2.723827 1.576012
2.718211 1.583286
2.713359 1.589580
2.709400 1.594574
2.706471 1.598019
2.704704 1.599741
2.704225 1.599639
2.705145 1.597688
2.707543 1.593931
2.711467 1.588469
2.716920 1.581453
2.723856 1.573068
2.732175 1.563524
2.741722 1.553042
2.752290 1.541843
2.763619 1.530141
2.775408 1.518132
2.787316 1.505992
2.798974 1.493875
2.809994 1.481907
2.819976 1.470192
2.828522 1.458810
2.835245 1.447817
2.839776 1.437252
2.841778 1.427139
2.840953 1.417487
2.837051 1.408296
2.829874 1.399560
2.819288 1.391272
2.805220 1.383425
2.787669 1.376019
2.766700 1.369058
2.742452 1.362558
2.715136 1.356544
2.685030 1.351051
2.652483 1.346119
2.617907 1.341789
2.581772 1.338101
2.544605 1.335081
2.506973 1.332736
2.469480 1.331046
2.432751 1.329958
2.397422 1.329377
2.364121 1.329166
2.333460 1.329143
2.306013 1.329084
2.282307 1.328727
2.262804 1.327785
2.247893 1.325951
2.237874 1.322918
2.232954 1.318393
2.233235 1.312112
2.238716 1.303860
2.249281 1.293482
2.264707 1.280895
2.284658 1.266102
2.308686 1.249191
2.336236 1.230343
2.366646 1.209818
2.399153 1.187958
2.432902 1.165165
2.466962 1.141889
2.500341 1.118612
2.532015 1.095820
2.560960 1.073995
2.586181 1.053588
2.606755 1.035010
2.621863 1.018614
2.630826 1.004686
2.633136 0.993437
2.628479 0.984992
2.616757 0.979393
2.598091 0.976590
2.572830 0.976446
2.541537 0.978737
2.504975 0.983159
2.464080 0.989335
2.419932 0.996822
2.373708 1.005126
2.326645 1.013712
2.279991 1.022023
2.234955 1.029493
2.192663 1.035568
2.154121 1.039722
2.120174 1.041476
2.091490 1.040413
2.068542 1.036195
2.051608 1.028578
2.040782 1.017415
2.035985 1.002666
2.036984 0.984401
2.043415 0.962795
2.054801 0.938122
2.070567 0.910753
2.090060 0.881139
2.112566 0.849805
2.137324 0.817334
2.163544 0.784352
2.190430 0.751514
2.217192 0.719488
2.243072 0.688934
2.267357 0.660495
2.289398 0.634771
2.308628 0.612310
2.324568 0.593595
2.336841 0.579024
2.345180 0.568911
2.349423 0.563474
2.349520 0.562831
2.345522 0.567003
2.337574 0.575912
2.325908 0.589388
2.310820 0.607174
2.292664 0.628931
2.271827 0.654244
2.248720 0.682626
2.223761 0.713524
2.197363 0.746322
2.169932 0.780345
2.141858 0.814870
2.113518 0.849133
2.085276 0.882342
2.057479 0.913702
2.030462 0.942428
2.004538 0.967772
1.979996 0.989039
1.957092 1.005614
1.936041 1.016972
1.917006 1.022697
1.900100 1.022493
1.885373 1.016197
1.872823 1.003785
1.862395 0.985381
1.853996 0.961255
1.847500 0.931827
1.842767 0.897655
1.839647 0.859423
1.837991 0.817924
1.837656 0.774030
1.838502 0.728669
1.840390 0.682791
1.843176 0.637339
1.846701 0.593219
1.850779 0.551275
1.855188 0.512265
1.859664 0.476849
1.863894 0.445573
1.867513 0.418859
1.870114 0.397004
1.871252 0.380172
1.870458 0.368398
1.867260 0.361587
1.861198 0.359522
1.851851 0.361875
1.838855 0.368216
1.821930 0.378031
1.800895 0.390744
1.775686 0.405731
1.746366 0.422348
1.713129 0.439943
1.676296 0.457880
1.636312 0.475547
1.593726 0.492374
1.549177 0.507833
1.503370 0.521446
1.457048 0.532782
1.410970 0.541459
1.365883 0.547138
1.322497 0.549520
1.281462 0.548350
1.243347 0.543413
1.208629 0.534542
1.177672 0.521623
1.150733 0.504605
1.127949 0.483516
1.109350 0.458467
1.094862 0.429668
1.084324 0.397434
1.077494 0.362180
1.074069 0.324416
1.073694 0.284737
1.075981 0.243803
1.080514 0.202319
1.086867 0.161008
1.094613 0.120597
1.103337 0.081785
1.112640 0.045232
1.122150 0.011537
1.131530 -0.018771
1.140476 -0.045246
1.148726 -0.067531
1.156060 -0.085365
1.162301 -0.098583
1.167319 -0.107121
1.171028 -0.111015
1.173385 -0.110402
1.174393 -0.105521
1.174096 -0.096706
1.172575 -0.084385
1.169949 -0.069071
1.166367 -0.051352
1.162005 -0.031878
1.157065 -0.011347
1.151766 0.009512
1.146346 0.029961
1.141050 0.049266
1.136134 0.066718
1.131849 0.081647
1.128439 0.093438
1.126128 0.101545
1.125110 0.105495
1.125535 0.104904
1.127498 0.099482
1.131028 0.089040
1.136078 0.073497
1.142526 0.052885
1.150172 0.027355
1.158747 -0.002824
1.167923 -0.037268
1.177324 -0.075479
1.186545 -0.116863
1.195164 -0.160736
1.202759 -0.206344
1.208923 -0.252878
1.213273 -0.299499
1.215468 -0.345354
1.215210 -0.389600
1.212256 -0.431420
1.206425 -0.470052
1.197592 -0.504800
1.185701 -0.535055
1.170753 -0.560312
1.152808 -0.580184
1.131980 -0.594411
1.108427 -0.602871
1.082350 -0.605587
1.053976 -0.602727
1.023560 -0.594606
0.991372 -0.581686
0.957695 -0.564565
0.922826 -0.543967
0.887069 -0.520734
0.850742 -0.495799
0.814183 -0.470164
0.777743 -0.444873
0.741797 -0.420975
0.706736 -0.399492
0.672967 -0.381380
0.640899 -0.367498
0.610932 -0.358575
0.583445 -0.355191
0.558777 -0.357756
0.537211 -0.366501
0.518960 -0.381477
0.504160 -0.402561
0.492857 -0.429458
0.485012 -0.461719
0.480501 -0.498758
0.479127 -0.539864
0.480627 -0.584229
0.484687 -0.630969
0.490957 -0.679151
0.499063 -0.727824
0.508621 -0.776047
0.519238 -0.822921
0.530524 -0.867611
0.542088 -0.909374
0.553534 -0.947573
0.564462 -0.981687
0.574461 -1.011318
0.583110 -1.036185
0.589985 -1.056122
0.594665 -1.071070
0.596746 -1.081068
0.595857 -1.086246
0.591672 -1.086815
0.583929 -1.083062
0.572443 -1.075336
