x[20] y[20]
0.000000 4.000000
0.000000 4.000000
0.000000 4.000000
0.000000 4.000000
0.000000 4.000000
0.000000 4.000000
0.000000 4.000000
0.000001 4.000000
0.000004 4.000000
0.000011 4.000000
0.000025 4.000000
0.000052 4.000000
0.000103 4.000000
0.000190 4.000000
0.000336 4.000000
0.000567 4.000000
0.000921 4.000000
0.001448 4.000000
0.002209 4.000000
0.003281 4.000000
0.004755 4.000000
0.006740 4.000001
0.009360 4.000002
0.012757 4.000003
0.017086 4.000005
0.022517 4.000007
0.029231 4.000011
0.037417 4.000014
0.047265 4.000017
0.058968 4.000017
0.072708 4.000010
0.088657 3.999991
0.106967 3.999952
0.127766 3.999879
0.151150 3.999756
0.177174 3.999562
0.205851 3.999271
0.237145 3.998850
0.270963 3.998261
0.307157 3.997462
0.345516 3.996408
0.385770 3.995050
0.427587 3.993342
0.470581 3.991237
0.514311 3.988693
0.558291 3.985677
0.601998 3.982163
0.644883 3.978136
0.686380 3.973595
0.725923 3.968552
0.762952 3.963033
0.796935 3.957082
0.827372 3.950756
0.853811 3.944129
0.875859 3.937291
0.893186 3.930349
0.905535 3.923425
0.912724 3.916659
0.914646 3.910208
0.911273 3.904241
0.902652 3.898937
0.888901 3.894477
0.870212 3.891030
0.846841 3.888745
0.819113 3.887731
0.787419 3.888049
0.752213 3.889703
0.714016 3.892631
0.673405 3.896712
0.631018 3.901763
0.587536 3.907555
0.543679 3.913820
0.500184 3.920266
0.457791 3.926588
0.417227 3.932488
0.379178 3.937680
0.344280 3.941909
0.313094 3.944955
0.286096 3.946646
0.263662 3.946862
0.246058 3.945536
0.233439 3.942663
0.225843 3.938293
0.223194 3.932533
0.225308 3.925540
0.231899 3.917514
0.242594 3.908692
0.256941 3.899335
0.274429 3.889721
0.294501 3.880127
0.316570 3.870824
0.340040 3.862064
0.364314 3.854064
0.388818 3.847004
0.413007 3.841016
0.436384 3.836180
0.458505 3.832520
0.478995 3.830007
0.497552 3.828558
0.513956 3.828042
0.528068 3.828288
0.539837 3.829090
0.549290 3.830223
0.556535 3.831448
0.561746 3.832525
0.565155 3.833222
0.567040 3.833324
0.567708 3.832642
0.567482 3.831016
0.566688 3.828321
0.565636 3.824470
0.564612 3.819413
0.563863 3.813136
0.563592 3.805664
0.563953 3.797050
0.565044 3.787378
0.566910 3.776754
0.569549 3.765298
0.572911 3.753144
0.576906 3.740425
0.581417 3.727266
0.586300 3.713782
0.591397 3.700064
0.596540 3.686180
0.601561 3.672169
0.606294 3.658042
0.610584 3.643784
0.614291 3.629360
0.617294 3.614722
0.619495 3.599815
0.620820 3.584587
0.621225 3.568997
0.620692 3.553019
0.619232 3.536650
0.616881 3.519911
0.613699 3.502848
0.609770 3.485531
0.605193 3.468050
0.600087 3.450513
0.594580 3.433039
0.588811 3.415752
0.582925 3.398775
0.577074 3.382227
0.571409 3.366211
0.566082 3.350816
0.561244 3.336109
0.557043 3.322135
0.553622 3.308912
0.551119 3.296434
0.549665 3.284669
0.549383 3.273562
0.550385 3.263036
0.552770 3.253000
0.556623 3.243344
0.562008 3.233952
0.568969 3.224700
0.577522 3.215466
0.587658 3.206129
0.599333 3.196573
0.612471 3.186695
0.626962 3.176404
0.642660 3.165622
0.659389 3.154290
0.676940 3.142367
0.695080 3.129830
0.713554 3.116676
0.732093 3.102922
0.750424 3.088603
0.768272 3.073770
0.785374 3.058494
0.801483 3.042856
0.816382 3.026950
0.829883 3.010878
0.841843 2.994743
0.852162 2.978650
0.860791 2.962693
0.867731 2.946959
0.873036 2.931514
0.876811 2.916405
0.879206 2.901653
0.880412 2.887254
0.880658 2.873175
0.880197 2.859358
0.879304 2.845722
0.878263 2.832165
0.877360 2.818570
0.876874 2.804807
0.877069 2.790744
0.878188 2.776246
0.880444 2.761183
0.884018 2.745434
0.889055 2.728890
0.895661 2.711459
0.903905 2.693063
0.913818 2.673647
0.925399 2.653174
0.938612 2.631628
0.953399 2.609013
0.969677 2.585351
0.987346 2.560685
1.006291 2.535075
1.026385 2.508596
1.047495 2.481340
1.069477 2.453413
1.092176 2.424933
1.115431 2.396029
1.139066 2.366842
1.162892 2.337520
1.186701 2.308217
1.210269 2.279092
1.233352 2.250307
1.255687 2.222020
1.276993 2.194386
1.296978 2.167554
1.315339 2.141659
1.331776 2.116825
1.345991 2.093152
1.357710 2.070724
1.366680 2.049595
1.372690 2.029794
1.375578 2.011320
1.375237 1.994138
1.371631 1.978186
1.364792 1.963368
1.354835 1.949562
1.341951 1.936620
1.326410 1.924375
1.308557 1.912646
1.288804 1.901243
1.267620 1.889978
1.245523 1.878666
1.223060 1.867134
1.200794 1.855227
1.179288 1.842811
1.159086 1.829777
1.140698 1.816041
1.124584 1.801547
1.111140 1.786263
1.100685 1.770183
1.093457 1.753320
1.089601 1.735708
1.089168 1.717392
1.092116 1.698429
1.098312 1.678884
1.107538 1.658822
1.119498 1.638312
1.133831 1.617417
1.150118 1.596199
1.167903 1.574711
1.186701 1.553004
1.206019 1.531119
1.225371 1.509093
1.244292 1.486960
1.262357 1.464749
1.279195 1.442489
1.294500 1.420211
1.308042 1.397943
1.319678 1.375715
1.329351 1.353556
1.337096 1.331492
1.343032 1.309539
1.347358 1.287705
1.350341 1.265987
1.352301 1.244369
1.353595 1.222822
1.354603 1.201309
1.355701 1.179787
1.357251 1.158210
1.359579 1.136536
1.362962 1.114730
1.367614 1.092768
1.373674 1.070638
1.381208 1.048345
1.390196 1.025907
1.400542 1.003355
1.412075 0.980731
1.424563 0.958083
1.437717 0.935460
1.451215 0.912910
1.464713 0.890475
1.477862 0.868186
1.490328 0.846066
1.501803 0.824126
1.512024 0.802369
1.520777 0.780793
1.527909 0.759393
1.533334 0.738169
1.537030 0.717124
1.539045 0.696275
1.539489 0.675654
1.538535 0.655310
1.536411 0.635313
1.533394 0.615754
1.529797 0.596744
1.525963 0.578410
1.522252 0.560896
1.519029 0.544349
1.516651 0.528922
1.515458 0.514758
1.515758 0.501990
1.517817 0.490729
1.521853 0.481062
1.528022 0.473042
1.536417 0.466688
1.547059 0.461978
1.559895 0.458851
1.574800 0.457204
1.591573 0.456896
1.609946 0.457746
1.629582 0.459543
1.650090 0.462046
1.671028 0.464991
1.691914 0.468099
1.712240 0.471083
1.731481 0.473654
1.749109 0.475531
1.764607 0.476446
1.777481 0.476148
1.787273 0.474417
1.793575 0.471059
1.796040 0.465916
1.794391 0.458869
1.788432 0.449836
1.778055 0.438777
1.763247 0.425697
1.744088 0.410641
1.720754 0.393702
1.693513 0.375013
1.662720 0.354752
1.628804 0.333136
1.592262 0.310415
1.553641 0.286868
1.513525 0.262793
1.472515 0.238500
1.431218 0.214301
1.390226 0.190500
1.350100 0.167383
1.311357 0.145211
1.274455 0.124212
1.239779 0.104573
1.207638 0.086436
1.178254 0.069895
1.151759 0.054996
1.128198 0.041733
1.107530 0.030056
1.089633 0.019869
1.074316 0.011041
1.061326 0.003409
1.050365 -0.003214
1.041102 -0.009029
1.033187 -0.014244
1.026270 -0.019063
1.020016 -0.023682
1.014115 -0.028276
1.008296 -0.033000
1.002340 -0.037974
0.996084 -0.043286
0.989427 -0.048987
0.982335 -0.055088
0.974836 -0.061561
0.967016 -0.068338
0.959019 -0.075315
0.951028 -0.082358
0.943262 -0.089303
0.935957 -0.095972
0.929356 -0.102175
0.923689 -0.107722
0.919165 -0.112438
0.915951 -0.116168
0.914164 -0.118793
0.913863 -0.120236
0.915034 -0.120472
0.917595 -0.119530
0.921386 -0.117502
0.926180 -0.114538
0.931681 -0.110847
0.937541 -0.106689
0.943363 -0.102367
0.948725 -0.098220
0.953185 -0.094605
0.956311 -0.091888
0.957686 -0.090428
0.956934 -0.090560
0.953731 -0.092586
0.947819 -0.096760
0.939019 -0.103277
0.927235 -0.112265
0.912461 -0.123777
0.894780 -0.137791
0.874362 -0.154205
0.851459 -0.172840
0.826398 -0.193444
0.799567 -0.215700
0.771407 -0.239237
0.742396 -0.263640
0.713034 -0.288466
0.683825 -0.313260
0.655265 -0.337572
0.627821 -0.360972
0.601919 -0.383064
0.577930 -0.403505
0.556158 -0.422010
0.536833 -0.438367
0.520102 -0.452437
0.506030 -0.464165
0.494597 -0.473573
0.485703 -0.480761
0.479173 -0.485899
0.474764 -0.489221
0.472178 -0.491014
0.471070 -0.491607
0.471062 -0.491356
0.471757 -0.490635
0.472751 -0.489820
0.473644 -0.489276
0.474054 -0.489350
0.473628 -0.490356
0.472047 -0.492565
0.469040 -0.496203
0.464385 -0.501442
0.457918 -0.508398
0.449531 -0.517129
0.439178 -0.527638
0.426870 -0.539875
0.412674 -0.553744
0.396708 -0.569111
0.379134 -0.585810
0.360151 -0.603653
0.339989 -0.622439
0.318894 -0.641963
0.297125 -0.662022
0.274944 -0.682426
0.252607 -0.702997
0.230359 -0.723576
0.208427 -0.744026
0.187018 -0.764230
0.166312 -0.784095
0.146463 -0.803547
0.127596 -0.822532
0.109806 -0.841010
0.093160 -0.858959
0.077695 -0.876369
0.063423 -0.893239
0.050331 -0.909580
0.038384 -0.925407
0.027525 -0.940746
0.017683 -0.955627
0.008774 -0.970084
0.000702 -0.984157
-0.006632 -0.997890
-0.013334 -1.011329
-0.019504 -1.024524
-0.025244 -1.037522
-0.030644 -1.050375
-0.035787 -1.063129
-0.040743 -1.075830
-0.045568 -1.088518
-0.050299 -1.101228
-0.054958 -1.113988
-0.059547 -1.126815
-0.064048 -1.139721
-0.068424 -1.152702
-0.072621 -1.165747
-0.076566 -1.178831
-0.080173 -1.191918
-0.083344 -1.204959
-0.085974 -1.217896
-0.087952 -1.230659
-0.089168 -1.243172
-0.089519 -1.255353
-0.088911 -1.267118
-0.087263 -1.278384
-0.084515 -1.289074
-0.080630 -1.299120
-0.075593 -1.308472
-0.069420 -1.317096
-0.062154 -1.324981
-0.053868 -1.332143
-0.044659 -1.338623
-0.034652 -1.344494
-0.023993 -1.349852
-0.012843 -1.354819
-0.001377 -1.359539
0.010224 -1.364170
0.021781 -1.368881
0.033119 -1.373845
0.044079 -1.379232
0.054521 -1.385202
0.064328 -1.391899
0.073417 -1.399446
0.081732 -1.407941
0.089257 -1.417448
0.096006 -1.427998
0.102027 -1.439587
0.107396 -1.452170
0.112209 -1.465668
0.116584 -1.479963
0.120645 -1.494908
0.124520 -1.510330
0.128335 -1.526038
0.132206 -1.541833
