# l[47]( l_47(t) ) connection: point25-point31
# n t l_47(t)      l_differential_47(t)
0 0.000000 1.000000000000 1.000000000000
1 0.002500 1.000000000000 1.000000000000
2 0.005000 1.000000000000 1.000000000000
3 0.007500 1.000000000000 1.000000000000
4 0.010000 1.000000000000 1.000000000000
5 0.012500 1.000000000000 1.000000000000
6 0.015000 1.000000000000 1.000000000000
7 0.017500 1.000000000000 1.000000000000
8 0.020000 1.000000000000 1.000000000000
9 0.022500 1.000000000000 1.000000000000
10 0.025000 1.000000000000 1.000000000000
11 0.027500 1.000000000000 1.000000000000
12 0.030000 1.000000000000 1.000000000000
13 0.032500 1.000000000000 1.000000000000
14 0.035000 1.000000000000 1.000000000000
15 0.037500 1.000000000000 1.000000000000
16 0.040000 1.000000000000 1.000000000000
17 0.042500 1.000000000000 1.000000000000
18 0.045000 1.000000000000 1.000000000000
19 0.047500 1.000000000000 1.000000000000
20 0.050000 1.000000000000 1.000000000000
21 0.052500 1.000000000000 1.000000000000
22 0.055000 1.000000000000 1.000000000000
23 0.057500 1.000000000000 1.000000000000
24 0.060000 1.000000000000 1.000000000000
25 0.062500 1.000000000000 1.000000000000
26 0.065000 1.000000000000 1.000000000000
27 0.067500 1.000000000000 1.000000000000
28 0.070000 1.000000000000 1.000000000000
29 0.072500 1.000000000000 1.000000000000
30 0.075000 1.000000000000 1.000000000000
31 0.077500 1.000000000000 1.000000000000
32 0.080000 1.000000000000 1.000000000000
33 0.082500 1.000000000000 1.000000000000
34 0.085000 1.000000000000 1.000000000000
35 0.087500 1.000000000000 1.000000000000
36 0.090000 1.000000000000 1.000000000000
37 0.092500 1.000000000000 1.000000000000
38 0.095000 1.000000000000 1.000000000000
39 0.097500 1.000000000000 1.000000000000
40 0.100000 1.000000000000 1.000000000000
41 0.102500 1.000000000000 1.000000000000
42 0.105000 1.000000000000 1.000000000000
43 0.107500 1.000000000000 1.000000000000
44 0.110000 1.000000000000 1.000000000000
45 0.112500 1.000000000000 1.000000000000
46 0.115000 1.000000000000 1.000000000000
47 0.117500 1.000000000000 1.000000000000
48 0.120000 1.000000000000 1.000000000000
49 0.122500 1.000000000000 1.000000000000
50 0.125000 1.000000000000 1.000000000000
51 0.127500 1.000000000000 1.000000000000
52 0.130000 1.000000000000 1.000000000000
53 0.132500 1.000000000000 1.000000000000
54 0.135000 1.000000000000 1.000000000000
55 0.137500 1.000000000000 1.000000000000
56 0.140000 1.000000000000 1.000000000000
57 0.142500 1.000000000000 1.000000000000
58 0.145000 1.000000000000 1.000000000000
59 0.147500 1.000000000000 1.000000000000
60 0.150000 1.000000000000 1.000000000000
61 0.152500 1.000000000000 1.000000000000
62 0.155000 1.000000000000 1.000000000000
63 0.157500 1.000000000000 1.000000000000
64 0.160000 1.000000000000 1.000000000000
65 0.162500 1.000000000000 1.000000000000
66 0.165000 1.000000000000 1.000000000000
67 0.167500 1.000000000000 1.000000000000
68 0.170000 1.000000000000 1.000000000000
69 0.172500 1.000000000000 1.000000000000
70 0.175000 1.000000000000 1.000000000000
71 0.177500 1.000000000000 1.000000000000
72 0.180000 1.000000000000 1.000000000000
73 0.182500 1.000000000000 1.000000000000
74 0.185000 1.000000000000 1.000000000000
75 0.187500 1.000000000000 1.000000000000
76 0.190000 1.000000000000 1.000000000000
77 0.192500 1.000000000000 1.000000000000
78 0.195000 1.000000000000 1.000000000000
79 0.197500 1.000000000000 1.000000000000
80 0.200000 1.000000000000 1.000000000000
81 0.202500 1.000000000000 1.000000000000
82 0.205000 1.000000000000 1.000000000000
83 0.207500 1.000000000000 1.000000000000
84 0.210000 1.000000000000 1.000000000000
85 0.212500 1.000000000000 1.000000000000
86 0.215000 1.000000000000 1.000000000000
87 0.217500 1.000000000000 1.000000000000
88 0.220000 1.000000000000 1.000000000000
89 0.222500 1.000000000000 1.000000000000
90 0.225000 1.000000000000 1.000000000000
91 0.227500 1.000000000000 1.000000000000
92 0.230000 1.000000000000 1.000000000000
93 0.232500 1.000000000000 1.000000000000
94 0.235000 1.000000000000 1.000000000000
95 0.237500 1.000000000000 1.000000000000
96 0.240000 1.000000000000 1.000000000000
97 0.242500 1.000000000000 1.000000000000
98 0.245000 1.000000000000 1.000000000000
99 0.247500 1.000000000000 1.000000000000
100 0.250000 1.000000000000 1.000000000000
101 0.252500 1.000000000000 1.000000000000
102 0.255000 1.000000000000 1.000000000000
103 0.257500 1.000000000000 1.000000000000
104 0.260000 1.000000000000 1.000000000000
105 0.262500 1.000000000000 1.000000000000
106 0.265000 1.000000000000 1.000000000000
107 0.267500 1.000000000000 1.000000000000
108 0.270000 1.000000000000 1.000000000000
109 0.272500 1.000000000000 1.000000000000
110 0.275000 1.000000000000 1.000000000000
111 0.277500 1.000000000000 1.000000000000
112 0.280000 1.000000000000 1.000000000000
113 0.282500 1.000000000000 1.000000000000
114 0.285000 1.000000000000 1.000000000000
115 0.287500 1.000000000000 1.000000000000
116 0.290000 1.000000000000 1.000000000000
117 0.292500 1.000000000000 1.000000000000
118 0.295000 1.000000000000 1.000000000000
119 0.297500 1.000000000000 1.000000000000
120 0.300000 1.000000000000 1.000000000000
121 0.302500 1.000000000000 1.000000000000
122 0.305000 1.000000000000 1.000000000000
123 0.307500 1.000000000000 1.000000000000
124 0.310000 1.000000000000 1.000000000000
125 0.312500 1.000000000000 1.000000000000
126 0.315000 1.000000000000 1.000000000000
127 0.317500 1.000000000000 1.000000000000
128 0.320000 1.000000000000 1.000000000000
129 0.322500 1.000000000000 1.000000000000
130 0.325000 1.000000000000 1.000000000000
131 0.327500 1.000000000000 1.000000000000
132 0.330000 1.000000000000 1.000000000000
133 0.332500 1.000000000000 1.000000000000
134 0.335000 1.000000000000 1.000000000000
135 0.337500 1.000000000000 1.000000000000
136 0.340000 1.000000000000 1.000000000000
137 0.342500 1.000000000000 1.000000000000
138 0.345000 1.000000000000 1.000000000000
139 0.347500 1.000000000000 1.000000000000
140 0.350000 1.000000000000 1.000000000000
141 0.352500 1.000000000000 1.000000000000
142 0.355000 1.000000000000 1.000000000000
143 0.357500 1.000000000000 1.000000000000
144 0.360000 1.000000000000 1.000000000000
145 0.362500 1.000000000000 1.000000000000
146 0.365000 1.000000000000 1.000000000000
147 0.367500 1.000000000000 1.000000000000
148 0.370000 1.000000000000 1.000000000000
149 0.372500 1.000000000000 1.000000000000
150 0.375000 1.000000000000 1.000000000000
151 0.377500 1.000000000000 1.000000000000
152 0.380000 1.000000000000 1.000000000000
153 0.382500 1.000000000000 1.000000000000
154 0.385000 1.000000000000 1.000000000000
155 0.387500 1.000000000000 1.000000000000
156 0.390000 1.000000000000 1.000000000000
157 0.392500 1.000000000000 1.000000000000
158 0.395000 1.000000000000 1.000000000000
159 0.397500 1.000000000000 1.000000000000
160 0.400000 1.000000000000 1.000000000000
161 0.402500 1.000000000000 1.000000000000
162 0.405000 1.000000000000 1.000000000000
163 0.407500 1.000000000000 1.000000000000
164 0.410000 1.000000000000 1.000000000000
165 0.412500 1.000000000000 1.000000000000
166 0.415000 1.000000000000 1.000000000000
167 0.417500 1.000000000000 1.000000000000
168 0.420000 1.000000000000 1.000000000000
169 0.422500 1.000000000000 1.000000000000
170 0.425000 1.000000000000 1.000000000000
171 0.427500 1.000000000000 1.000000000000
172 0.430000 1.000000000000 1.000000000000
173 0.432500 1.000000000000 1.000000000000
174 0.435000 1.000000000000 1.000000000000
175 0.437500 1.000000000000 1.000000000000
176 0.440000 1.000000000000 1.000000000000
177 0.442500 1.000000000000 1.000000000000
178 0.445000 1.000000000000 1.000000000000
179 0.447500 1.000000000000 1.000000000000
180 0.450000 1.000000000000 1.000000000000
181 0.452500 1.000000000000 1.000000000000
182 0.455000 1.000000000000 1.000000000000
183 0.457500 1.000000000000 1.000000000000
184 0.460000 1.000000000000 1.000000000000
185 0.462500 1.000000000000 1.000000000000
186 0.465000 1.000000000000 1.000000000000
187 0.467500 1.000000000000 1.000000000000
188 0.470000 1.000000000000 1.000000000000
189 0.472500 1.000000000000 1.000000000000
190 0.475000 1.000000000000 1.000000000000
191 0.477500 1.000000000000 1.000000000000
192 0.480000 1.000000000000 1.000000000000
193 0.482500 1.000000000000 1.000000000000
194 0.485000 1.000000000000 1.000000000000
195 0.487500 1.000000000000 1.000000000000
196 0.490000 1.000000000000 1.000000000000
197 0.492500 1.000000000000 1.000000000000
198 0.495000 1.000000000000 1.000000000000
199 0.497500 1.000000000000 1.000000000000
200 0.500000 1.000000000000 1.000000000000
201 0.502500 1.000000000000 1.000000000000
202 0.505000 1.000000000000 1.000000000000
203 0.507500 1.000000000000 1.000000000000
204 0.510000 1.000000000000 1.000000000000
205 0.512500 1.000000000000 1.000000000000
206 0.515000 1.000000000000 1.000000000000
207 0.517500 1.000000000000 1.000000000000
208 0.520000 1.000000000000 1.000000000000
209 0.522500 1.000000000000 1.000000000000
210 0.525000 1.000000000000 1.000000000000
211 0.527500 1.000000000000 1.000000000000
212 0.530000 1.000000000000 1.000000000000
213 0.532500 1.000000000000 1.000000000000
214 0.535000 1.000000000000 1.000000000000
215 0.537500 1.000000000000 1.000000000000
216 0.540000 1.000000000000 1.000000000000
217 0.542500 1.000000000000 1.000000000000
218 0.545000 1.000000000000 1.000000000000
219 0.547500 1.000000000000 1.000000000000
220 0.550000 1.000000000000 1.000000000000
221 0.552500 1.000000000000 1.000000000000
222 0.555000 1.000000000000 1.000000000000
223 0.557500 1.000000000000 1.000000000000
224 0.560000 1.000000000000 1.000000000000
225 0.562500 1.000000000000 1.000000000000
226 0.565000 1.000000000000 1.000000000000
227 0.567500 1.000000000000 1.000000000000
228 0.570000 1.000000000000 1.000000000000
229 0.572500 1.000000000000 1.000000000000
230 0.575000 1.000000000000 1.000000000000
231 0.577500 1.000000000000 1.000000000000
232 0.580000 1.000000000000 1.000000000000
233 0.582500 1.000000000000 1.000000000000
234 0.585000 1.000000000000 1.000000000000
235 0.587500 1.000000000000 1.000000000000
236 0.590000 1.000000000000 1.000000000000
237 0.592500 1.000000000000 1.000000000000
238 0.595000 1.000000000000 1.000000000000
239 0.597500 1.000000000000 1.000000000000
240 0.600000 1.000000000000 1.000000000000
241 0.602500 1.000000000000 1.000000000000
242 0.605000 1.000000000000 1.000000000000
243 0.607500 1.000000000000 1.000000000000
244 0.610000 1.000000000000 1.000000000000
245 0.612500 1.000000000000 1.000000000000
246 0.615000 1.000000000000 1.000000000000
247 0.617500 1.000000000000 1.000000000000
248 0.620000 1.000000000000 1.000000000000
249 0.622500 1.000000000000 1.000000000000
250 0.625000 1.000000000000 1.000000000000
251 0.627500 1.000000000000 1.000000000000
252 0.630000 1.000000000000 1.000000000000
253 0.632500 1.000000000000 1.000000000000
254 0.635000 1.000000000000 1.000000000000
255 0.637500 1.000000000000 1.000000000000
256 0.640000 1.000000000000 1.000000000000
257 0.642500 1.000000000000 1.000000000000
258 0.645000 1.000000000000 1.000000000000
259 0.647500 1.000000000000 1.000000000000
260 0.650000 1.000000000000 1.000000000000
261 0.652500 1.000000000000 1.000000000000
262 0.655000 1.000000000000 1.000000000000
263 0.657500 1.000000000000 1.000000000000
264 0.660000 1.000000000000 1.000000000000
265 0.662500 1.000000000000 1.000000000000
266 0.665000 1.000000000000 1.000000000000
267 0.667500 1.000000000000 1.000000000000
268 0.670000 1.000000000000 1.000000000000
269 0.672500 1.000000000000 1.000000000000
270 0.675000 1.000000000000 1.000000000000
271 0.677500 1.000000000000 1.000000000000
272 0.680000 1.000000000000 1.000000000000
273 0.682500 1.000000000000 1.000000000000
274 0.685000 1.000000000000 1.000000000000
275 0.687500 1.000000000000 1.000000000000
276 0.690000 1.000000000000 1.000000000000
277 0.692500 1.000000000000 1.000000000000
278 0.695000 1.000000000000 1.000000000000
279 0.697500 1.000000000000 1.000000000000
280 0.700000 1.000000000000 1.000000000000
281 0.702500 1.000000000000 1.000000000000
282 0.705000 1.000000000000 1.000000000000
283 0.707500 1.000000000000 1.000000000000
284 0.710000 1.000000000000 1.000000000000
285 0.712500 1.000000000000 1.000000000000
286 0.715000 1.000000000000 1.000000000000
287 0.717500 1.000000000000 1.000000000000
288 0.720000 1.000000000000 1.000000000000
289 0.722500 1.000000000000 1.000000000000
290 0.725000 1.000000000000 1.000000000000
291 0.727500 1.000000000000 1.000000000000
292 0.730000 1.000000000000 1.000000000000
293 0.732500 1.000000000000 1.000000000000
294 0.735000 1.000000000000 1.000000000000
295 0.737500 1.000000000000 1.000000000000
296 0.740000 1.000000000000 1.000000000000
297 0.742500 1.000000000000 1.000000000000
298 0.745000 1.000000000000 1.000000000000
299 0.747500 1.000000000000 1.000000000000
300 0.750000 1.000000000000 1.000000000000
301 0.752500 1.000000000000 1.000000000000
302 0.755000 1.000000000000 1.000000000000
303 0.757500 1.000000000000 1.000000000000
304 0.760000 1.000000000000 1.000000000000
305 0.762500 1.000000000000 1.000000000000
306 0.765000 1.000000000000 1.000000000000
307 0.767500 1.000000000000 1.000000000000
308 0.770000 1.000000000000 1.000000000000
309 0.772500 1.000000000000 1.000000000000
310 0.775000 1.000000000000 1.000000000000
311 0.777500 1.000000000000 1.000000000000
312 0.780000 1.000000000000 1.000000000000
313 0.782500 1.000000000000 1.000000000000
314 0.785000 1.000000000000 1.000000000000
315 0.787500 1.000000000000 1.000000000000
316 0.790000 1.000000000000 1.000000000000
317 0.792500 1.000000000000 1.000000000000
318 0.795000 1.000000000000 1.000000000000
319 0.797500 1.000000000000 1.000000000000
320 0.800000 1.000000000000 1.000000000000
321 0.802500 1.000000000000 1.000000000000
322 0.805000 1.000000000000 1.000000000000
323 0.807500 1.000000000000 1.000000000000
324 0.810000 1.000000000000 1.000000000000
325 0.812500 1.000000000000 1.000000000000
326 0.815000 1.000000000000 1.000000000000
327 0.817500 1.000000000000 1.000000000000
328 0.820000 1.000000000000 1.000000000000
329 0.822500 1.000000000000 1.000000000000
330 0.825000 1.000000000000 1.000000000000
331 0.827500 1.000000000000 1.000000000000
332 0.830000 1.000000000000 1.000000000000
333 0.832500 1.000000000000 1.000000000000
334 0.835000 1.000000000000 1.000000000000
335 0.837500 1.000000000000 1.000000000000
336 0.840000 1.000000000000 1.000000000000
337 0.842500 1.000000000000 1.000000000000
338 0.845000 1.000000000000 1.000000000000
339 0.847500 1.000000000000 1.000000000000
340 0.850000 1.000000000000 1.000000000000
341 0.852500 1.000000000000 1.000000000000
342 0.855000 1.000000000000 1.000000000000
343 0.857500 1.000000000000 1.000000000000
344 0.860000 1.000000000000 1.000000000000
345 0.862500 1.000000000000 1.000000000000
346 0.865000 1.000000000000 1.000000000000
347 0.867500 1.000000000000 1.000000000000
348 0.870000 1.000000000000 1.000000000000
349 0.872500 1.000000000000 1.000000000000
350 0.875000 1.000000000000 1.000000000000
351 0.877500 1.000000000000 1.000000000000
352 0.880000 1.000000000000 1.000000000000
353 0.882500 1.000000000000 1.000000000000
354 0.885000 1.000000000000 1.000000000000
355 0.887500 1.000000000000 1.000000000000
356 0.890000 1.000000000000 1.000000000000
357 0.892500 1.000000000000 1.000000000000
358 0.895000 1.000000000000 1.000000000000
359 0.897500 1.000000000000 1.000000000000
360 0.900000 1.000000000000 1.000000000000
361 0.902500 1.000000000000 1.000000000000
362 0.905000 1.000000000000 1.000000000000
363 0.907500 1.000000000000 1.000000000000
364 0.910000 1.000000000000 1.000000000000
365 0.912500 1.000000000000 1.000000000000
366 0.915000 1.000000000000 1.000000000000
367 0.917500 1.000000000000 1.000000000000
368 0.920000 1.000000000000 1.000000000000
369 0.922500 1.000000000000 1.000000000000
370 0.925000 1.000000000000 1.000000000000
371 0.927500 1.000000000000 1.000000000000
372 0.930000 1.000000000000 1.000000000000
373 0.932500 1.000000000000 1.000000000000
374 0.935000 1.000000000000 1.000000000000
375 0.937500 1.000000000000 1.000000000000
376 0.940000 1.000000000000 1.000000000000
377 0.942500 1.000000000000 1.000000000000
378 0.945000 1.000000000000 1.000000000000
379 0.947500 1.000000000000 1.000000000000
380 0.950000 1.000000000000 1.000000000000
381 0.952500 1.000000000000 1.000000000000
382 0.955000 1.000000000000 1.000000000000
383 0.957500 1.000000000000 1.000000000000
384 0.960000 1.000000000000 1.000000000000
385 0.962500 1.000000000000 1.000000000000
386 0.965000 1.000000000000 1.000000000000
387 0.967500 1.000000000000 1.000000000000
388 0.970000 1.000000000000 1.000000000000
389 0.972500 1.000000000000 1.000000000000
390 0.975000 1.000000000000 1.000000000000
391 0.977500 1.000000000000 1.000000000000
392 0.980000 1.000000000000 1.000000000000
393 0.982500 1.000000000000 1.000000000000
394 0.985000 1.000000000000 1.000000000000
395 0.987500 1.000000000000 1.000000000000
396 0.990000 1.000000000000 1.000000000000
397 0.992500 1.000000000000 1.000000000000
398 0.995000 1.000000000000 1.000000000000
399 0.997500 1.000000000000 1.000000000000
400 1.000000 1.000000000000 1.000000000000
401 1.002500 1.000000000000 1.000000000000
402 1.005000 1.000000000000 1.000000000000
403 1.007500 1.000000000000 1.000000000000
404 1.010000 1.000000000000 1.000000000000
405 1.012500 1.000000000000 1.000000000000
406 1.015000 1.000000000000 1.000000000000
407 1.017500 1.000000000000 1.000000000000
408 1.020000 1.000000000000 1.000000000000
409 1.022500 1.000000000000 1.000000000000
410 1.025000 1.000000000000 1.000000000000
411 1.027500 1.000000000000 1.000000000000
412 1.030000 1.000000000000 1.000000000000
413 1.032500 1.000000000000 1.000000000000
414 1.035000 1.000000000000 1.000000000000
415 1.037500 1.000000000000 1.000000000000
416 1.040000 1.000000000000 1.000000000000
417 1.042500 1.000000000000 1.000000000000
418 1.045000 1.000000000000 1.000000000000
419 1.047500 1.000000000000 1.000000000000
420 1.050000 1.000000000000 1.000000000000
421 1.052500 1.000000000000 1.000000000000
422 1.055000 1.000000000000 1.000000000000
423 1.057500 1.000000000000 1.000000000000
424 1.060000 1.000000000000 1.000000000000
425 1.062500 1.000000000000 1.000000000000
426 1.065000 1.000000000000 1.000000000000
427 1.067500 1.000000000000 1.000000000000
428 1.070000 1.000000000000 1.000000000000
429 1.072500 1.000000000000 1.000000000000
430 1.075000 1.000000000000 1.000000000000
431 1.077500 1.000000000000 1.000000000000
432 1.080000 1.000000000000 1.000000000000
433 1.082500 1.000000000000 1.000000000000
434 1.085000 1.000000000000 1.000000000000
435 1.087500 1.000000000000 1.000000000000
436 1.090000 1.000000000000 1.000000000000
437 1.092500 1.000000000000 1.000000000000
438 1.095000 1.000000000000 1.000000000000
439 1.097500 1.000000000000 1.000000000000
440 1.100000 1.000000000001 1.000000000001
441 1.102500 1.000000000001 1.000000000001
442 1.105000 1.000000000001 1.000000000001
443 1.107500 1.000000000001 1.000000000001
444 1.110000 1.000000000001 1.000000000001
445 1.112500 1.000000000002 1.000000000002
446 1.115000 1.000000000002 1.000000000002
447 1.117500 1.000000000003 1.000000000003
448 1.120000 1.000000000003 1.000000000003
449 1.122500 1.000000000004 1.000000000004
450 1.125000 1.000000000005 1.000000000005
451 1.127500 1.000000000006 1.000000000006
452 1.130000 1.000000000007 1.000000000007
453 1.132500 1.000000000008 1.000000000008
454 1.135000 1.000000000009 1.000000000009
455 1.137500 1.000000000011 1.000000000011
456 1.140000 1.000000000013 1.000000000013
457 1.142500 1.000000000015 1.000000000015
458 1.145000 1.000000000018 1.000000000018
459 1.147500 1.000000000020 1.000000000020
460 1.150000 1.000000000023 1.000000000023
461 1.152500 1.000000000027 1.000000000027
462 1.155000 1.000000000031 1.000000000031
463 1.157500 1.000000000035 1.000000000035
464 1.160000 1.000000000040 1.000000000040
465 1.162500 1.000000000045 1.000000000045
466 1.165000 1.000000000051 1.000000000051
467 1.167500 1.000000000057 1.000000000057
468 1.170000 1.000000000064 1.000000000064
469 1.172500 1.000000000071 1.000000000071
470 1.175000 1.000000000079 1.000000000079
471 1.177500 1.000000000088 1.000000000088
472 1.180000 1.000000000097 1.000000000097
473 1.182500 1.000000000107 1.000000000107
474 1.185000 1.000000000118 1.000000000118
475 1.187500 1.000000000129 1.000000000129
476 1.190000 1.000000000141 1.000000000141
477 1.192500 1.000000000154 1.000000000154
478 1.195000 1.000000000168 1.000000000168
479 1.197500 1.000000000182 1.000000000182
480 1.200000 1.000000000198 1.000000000198
481 1.202500 1.000000000214 1.000000000214
482 1.205000 1.000000000231 1.000000000231
483 1.207500 1.000000000249 1.000000000249
484 1.210000 1.000000000267 1.000000000267
485 1.212500 1.000000000287 1.000000000287
486 1.215000 1.000000000307 1.000000000307
487 1.217500 1.000000000328 1.000000000328
488 1.220000 1.000000000350 1.000000000350
489 1.222500 1.000000000373 1.000000000373
490 1.225000 1.000000000396 1.000000000396
491 1.227500 1.000000000421 1.000000000421
492 1.230000 1.000000000446 1.000000000446
493 1.232500 1.000000000472 1.000000000472
494 1.235000 1.000000000498 1.000000000498
495 1.237500 1.000000000526 1.000000000526
496 1.240000 1.000000000554 1.000000000554
497 1.242500 1.000000000582 1.000000000582
498 1.245000 1.000000000612 1.000000000612
499 1.247500 1.000000000642 1.000000000642
500 1.250000 1.000000000673 1.000000000673
501 1.252500 1.000000000704 1.000000000704
502 1.255000 1.000000000736 1.000000000736
503 1.257500 1.000000000769 1.000000000769
504 1.260000 1.000000000802 1.000000000802
505 1.262500 1.000000000835 1.000000000835
506 1.265000 1.000000000870 1.000000000870
507 1.267500 1.000000000904 1.000000000904
508 1.270000 1.000000000939 1.000000000939
509 1.272500 1.000000000975 1.000000000975
510 1.275000 1.000000001011 1.000000001011
511 1.277500 1.000000001048 1.000000001048
512 1.280000 1.000000001084 1.000000001084
513 1.282500 1.000000001122 1.000000001122
514 1.285000 1.000000001159 1.000000001159
515 1.287500 1.000000001197 1.000000001197
516 1.290000 1.000000001235 1.000000001235
517 1.292500 1.000000001274 1.000000001274
518 1.295000 1.000000001313 1.000000001313
519 1.297500 1.000000001352 1.000000001352
520 1.300000 1.000000001392 1.000000001392
521 1.302500 1.000000001431 1.000000001431
522 1.305000 1.000000001471 1.000000001471
523 1.307500 1.000000001512 1.000000001512
524 1.310000 1.000000001552 1.000000001552
525 1.312500 1.000000001593 1.000000001593
526 1.315000 1.000000001634 1.000000001634
527 1.317500 1.000000001675 1.000000001675
528 1.320000 1.000000001716 1.000000001716
529 1.322500 1.000000001758 1.000000001758
530 1.325000 1.000000001799 1.000000001799
531 1.327500 1.000000001841 1.000000001841
532 1.330000 1.000000001883 1.000000001883
533 1.332500 1.000000001925 1.000000001925
534 1.335000 1.000000001968 1.000000001968
535 1.337500 1.000000002010 1.000000002010
536 1.340000 1.000000002053 1.000000002053
537 1.342500 1.000000002095 1.000000002095
538 1.345000 1.000000002138 1.000000002138
539 1.347500 1.000000002181 1.000000002181
540 1.350000 1.000000002224 1.000000002224
541 1.352500 1.000000002267 1.000000002267
542 1.355000 1.000000002311 1.000000002311
543 1.357500 1.000000002354 1.000000002354
544 1.360000 1.000000002398 1.000000002398
545 1.362500 1.000000002441 1.000000002441
546 1.365000 1.000000002485 1.000000002485
547 1.367500 1.000000002528 1.000000002528
548 1.370000 1.000000002572 1.000000002572
549 1.372500 1.000000002616 1.000000002616
550 1.375000 1.000000002660 1.000000002660
551 1.377500 1.000000002704 1.000000002704
552 1.380000 1.000000002748 1.000000002748
553 1.382500 1.000000002792 1.000000002792
554 1.385000 1.000000002836 1.000000002836
555 1.387500 1.000000002881 1.000000002881
556 1.390000 1.000000002925 1.000000002925
557 1.392500 1.000000002969 1.000000002969
558 1.395000 1.000000003013 1.000000003013
559 1.397500 1.000000003058 1.000000003058
560 1.400000 1.000000003102 1.000000003102
561 1.402500 1.000000003146 1.000000003146
562 1.405000 1.000000003191 1.000000003191
563 1.407500 1.000000003235 1.000000003235
564 1.410000 1.000000003280 1.000000003280
565 1.412500 1.000000003324 1.000000003324
566 1.415000 1.000000003368 1.000000003368
567 1.417500 1.000000003413 1.000000003413
568 1.420000 1.000000003457 1.000000003457
569 1.422500 1.000000003502 1.000000003502
570 1.425000 1.000000003546 1.000000003546
571 1.427500 1.000000003590 1.000000003590
572 1.430000 1.000000003635 1.000000003635
573 1.432500 1.000000003679 1.000000003679
574 1.435000 1.000000003724 1.000000003724
575 1.437500 1.000000003768 1.000000003768
576 1.440000 1.000000003812 1.000000003812
577 1.442500 1.000000003856 1.000000003856
578 1.445000 1.000000003901 1.000000003901
579 1.447500 1.000000003945 1.000000003945
580 1.450000 1.000000003989 1.000000003989
581 1.452500 1.000000004033 1.000000004033
582 1.455000 1.000000004077 1.000000004077
583 1.457500 1.000000004121 1.000000004121
584 1.460000 1.000000004165 1.000000004165
585 1.462500 1.000000004209 1.000000004209
586 1.465000 1.000000004253 1.000000004253
587 1.467500 1.000000004297 1.000000004297
588 1.470000 1.000000004341 1.000000004341
589 1.472500 1.000000004385 1.000000004385
590 1.475000 1.000000004429 1.000000004429
591 1.477500 1.000000004472 1.000000004472
592 1.480000 1.000000004516 1.000000004516
593 1.482500 1.000000004560 1.000000004560
594 1.485000 1.000000004603 1.000000004603
595 1.487500 1.000000004647 1.000000004647
596 1.490000 1.000000004690 1.000000004690
597 1.492500 1.000000004733 1.000000004733
598 1.495000 1.000000004777 1.000000004777
599 1.497500 1.000000004820 1.000000004820
600 1.500000 1.000000004863 1.000000004863
601 1.502500 1.000000004906 1.000000004906
602 1.505000 1.000000004949 1.000000004949
603 1.507500 1.000000004992 1.000000004992
604 1.510000 1.000000005035 1.000000005035
605 1.512500 1.000000005078 1.000000005078
606 1.515000 1.000000005121 1.000000005121
607 1.517500 1.000000005164 1.000000005164
608 1.520000 1.000000005207 1.000000005207
609 1.522500 1.000000005249 1.000000005249
610 1.525000 1.000000005292 1.000000005292
611 1.527500 1.000000005334 1.000000005334
612 1.530000 1.000000005377 1.000000005377
613 1.532500 1.000000005419 1.000000005419
614 1.535000 1.000000005461 1.000000005461
615 1.537500 1.000000005503 1.000000005503
616 1.540000 1.000000005546 1.000000005546
617 1.542500 1.000000005588 1.000000005588
618 1.545000 1.000000005630 1.000000005630
619 1.547500 1.000000005672 1.000000005672
620 1.550000 1.000000005713 1.000000005713
621 1.552500 1.000000005755 1.000000005755
622 1.555000 1.000000005797 1.000000005797
623 1.557500 1.000000005838 1.000000005838
624 1.560000 1.000000005880 1.000000005880
625 1.562500 1.000000005921 1.000000005921
626 1.565000 1.000000005963 1.000000005963
627 1.567500 1.000000006004 1.000000006004
628 1.570000 1.000000006045 1.000000006045
629 1.572500 1.000000006087 1.000000006087
630 1.575000 1.000000006128 1.000000006128
631 1.577500 1.000000006169 1.000000006169
632 1.580000 1.000000006210 1.000000006210
633 1.582500 1.000000006250 1.000000006250
634 1.585000 1.000000006291 1.000000006291
635 1.587500 1.000000006332 1.000000006332
636 1.590000 1.000000006373 1.000000006373
637 1.592500 1.000000006413 1.000000006413
638 1.595000 1.000000006454 1.000000006454
639 1.597500 1.000000006494 1.000000006494
640 1.600000 1.000000006534 1.000000006534
641 1.602500 1.000000006575 1.000000006575
642 1.605000 1.000000006615 1.000000006615
643 1.607500 1.000000006655 1.000000006655
644 1.610000 1.000000006695 1.000000006695
645 1.612500 1.000000006735 1.000000006735
646 1.615000 1.000000006775 1.000000006775
647 1.617500 1.000000006814 1.000000006814
648 1.620000 1.000000006854 1.000000006854
649 1.622500 1.000000006894 1.000000006894
650 1.625000 1.000000006933 1.000000006933
651 1.627500 1.000000006973 1.000000006973
652 1.630000 1.000000007012 1.000000007012
653 1.632500 1.000000007052 1.000000007052
654 1.635000 1.000000007091 1.000000007091
655 1.637500 1.000000007130 1.000000007130
656 1.640000 1.000000007169 1.000000007169
657 1.642500 1.000000007208 1.000000007208
658 1.645000 1.000000007247 1.000000007247
659 1.647500 1.000000007286 1.000000007286
660 1.650000 1.000000007325 1.000000007325
661 1.652500 1.000000007363 1.000000007363
662 1.655000 1.000000007402 1.000000007402
663 1.657500 1.000000007441 1.000000007441
664 1.660000 1.000000007479 1.000000007479
665 1.662500 1.000000007518 1.000000007518
666 1.665000 1.000000007556 1.000000007556
667 1.667500 1.000000007594 1.000000007594
668 1.670000 1.000000007632 1.000000007632
669 1.672500 1.000000007671 1.000000007671
670 1.675000 1.000000007709 1.000000007709
671 1.677500 1.000000007747 1.000000007747
672 1.680000 1.000000007785 1.000000007785
673 1.682500 1.000000007822 1.000000007822
674 1.685000 1.000000007860 1.000000007860
675 1.687500 1.000000007898 1.000000007898
676 1.690000 1.000000007936 1.000000007936
677 1.692500 1.000000007973 1.000000007973
678 1.695000 1.000000008011 1.000000008011
679 1.697500 1.000000008048 1.000000008048
680 1.700000 1.000000008085 1.000000008085
681 1.702500 1.000000008123 1.000000008123
682 1.705000 1.000000008160 1.000000008160
683 1.707500 1.000000008197 1.000000008197
684 1.710000 1.000000008234 1.000000008234
685 1.712500 1.000000008271 1.000000008271
686 1.715000 1.000000008308 1.000000008308
687 1.717500 1.000000008345 1.000000008345
688 1.720000 1.000000008382 1.000000008382
689 1.722500 1.000000008419 1.000000008419
690 1.725000 1.000000008455 1.000000008455
691 1.727500 1.000000008492 1.000000008492
692 1.730000 1.000000008529 1.000000008529
693 1.732500 1.000000008565 1.000000008565
694 1.735000 1.000000008602 1.000000008602
695 1.737500 1.000000008638 1.000000008638
696 1.740000 1.000000008674 1.000000008674
697 1.742500 1.000000008711 1.000000008711
698 1.745000 1.000000008747 1.000000008747
699 1.747500 1.000000008783 1.000000008783
700 1.750000 1.000000008819 1.000000008819
701 1.752500 1.000000008855 1.000000008855
702 1.755000 1.000000008891 1.000000008891
703 1.757500 1.000000008927 1.000000008927
704 1.760000 1.000000008963 1.000000008963
705 1.762500 1.000000008999 1.000000008999
706 1.765000 1.000000009034 1.000000009034
707 1.767500 1.000000009070 1.000000009070
708 1.770000 1.000000009106 1.000000009106
709 1.772500 1.000000009141 1.000000009141
710 1.775000 1.000000009177 1.000000009177
711 1.777500 1.000000009212 1.000000009212
712 1.780000 1.000000009247 1.000000009247
713 1.782500 1.000000009283 1.000000009283
714 1.785000 1.000000009318 1.000000009318
715 1.787500 1.000000009353 1.000000009353
716 1.790000 1.000000009388 1.000000009388
717 1.792500 1.000000009423 1.000000009423
718 1.795000 1.000000009459 1.000000009459
719 1.797500 1.000000009494 1.000000009494
720 1.800000 1.000000009528 1.000000009528
721 1.802500 1.000000009563 1.000000009563
722 1.805000 1.000000009598 1.000000009598
723 1.807500 1.000000009633 1.000000009633
724 1.810000 1.000000009668 1.000000009668
725 1.812500 1.000000009702 1.000000009702
726 1.815000 1.000000009737 1.000000009737
727 1.817500 1.000000009772 1.000000009772
728 1.820000 1.000000009806 1.000000009806
729 1.822500 1.000000009841 1.000000009841
730 1.825000 1.000000009875 1.000000009875
731 1.827500 1.000000009910 1.000000009910
732 1.830000 1.000000009944 1.000000009944
733 1.832500 1.000000009978 1.000000009978
734 1.835000 1.000000010012 1.000000010012
735 1.837500 1.000000010047 1.000000010047
736 1.840000 1.000000010081 1.000000010081
737 1.842500 1.000000010115 1.000000010115
738 1.845000 1.000000010149 1.000000010149
739 1.847500 1.000000010183 1.000000010183
740 1.850000 1.000000010217 1.000000010217
741 1.852500 1.000000010251 1.000000010251
742 1.855000 1.000000010285 1.000000010285
743 1.857500 1.000000010319 1.000000010319
744 1.860000 1.000000010352 1.000000010352
745 1.862500 1.000000010386 1.000000010386
746 1.865000 1.000000010420 1.000000010420
747 1.867500 1.000000010454 1.000000010454
748 1.870000 1.000000010487 1.000000010487
749 1.872500 1.000000010521 1.000000010521
750 1.875000 1.000000010554 1.000000010554
751 1.877500 1.000000010588 1.000000010588
752 1.880000 1.000000010621 1.000000010621
753 1.882500 1.000000010655 1.000000010655
754 1.885000 1.000000010688 1.000000010688
755 1.887500 1.000000010722 1.000000010722
756 1.890000 1.000000010755 1.000000010755
757 1.892500 1.000000010788 1.000000010788
758 1.895000 1.000000010821 1.000000010821
759 1.897500 1.000000010855 1.000000010855
760 1.900000 1.000000010888 1.000000010888
761 1.902500 1.000000010921 1.000000010921
762 1.905000 1.000000010954 1.000000010954
763 1.907500 1.000000010987 1.000000010987
764 1.910000 1.000000011020 1.000000011020
765 1.912500 1.000000011053 1.000000011053
766 1.915000 1.000000011086 1.000000011086
767 1.917500 1.000000011119 1.000000011119
768 1.920000 1.000000011152 1.000000011152
769 1.922500 1.000000011185 1.000000011185
770 1.925000 1.000000011217 1.000000011217
771 1.927500 1.000000011250 1.000000011250
772 1.930000 1.000000011283 1.000000011283
773 1.932500 1.000000011316 1.000000011316
774 1.935000 1.000000011348 1.000000011348
775 1.937500 1.000000011381 1.000000011381
776 1.940000 1.000000011413 1.000000011413
777 1.942500 1.000000011446 1.000000011446
778 1.945000 1.000000011479 1.000000011479
779 1.947500 1.000000011511 1.000000011511
780 1.950000 1.000000011544 1.000000011544
781 1.952500 1.000000011576 1.000000011576
782 1.955000 1.000000011608 1.000000011608
783 1.957500 1.000000011641 1.000000011641
784 1.960000 1.000000011673 1.000000011673
785 1.962500 1.000000011706 1.000000011706
786 1.965000 1.000000011738 1.000000011738
787 1.967500 1.000000011770 1.000000011770
788 1.970000 1.000000011802 1.000000011802
789 1.972500 1.000000011835 1.000000011835
790 1.975000 1.000000011867 1.000000011867
791 1.977500 1.000000011899 1.000000011899
792 1.980000 1.000000011931 1.000000011931
793 1.982500 1.000000011963 1.000000011963
794 1.985000 1.000000011995 1.000000011995
795 1.987500 1.000000012027 1.000000012027
796 1.990000 1.000000012059 1.000000012059
797 1.992500 1.000000012091 1.000000012091
798 1.995000 1.000000012123 1.000000012123
799 1.997500 1.000000012155 1.000000012155
800 2.000000 1.000000012187 1.000000012187
801 2.002500 1.000000012219 1.000000012219
802 2.005000 1.000000012251 1.000000012251
803 2.007500 1.000000012283 1.000000012283
804 2.010000 1.000000012315 1.000000012315
805 2.012500 1.000000012346 1.000000012346
806 2.015000 1.000000012378 1.000000012378
807 2.017500 1.000000012410 1.000000012410
808 2.020000 1.000000012442 1.000000012442
809 2.022500 1.000000012473 1.000000012473
810 2.025000 1.000000012505 1.000000012505
811 2.027500 1.000000012537 1.000000012537
812 2.030000 1.000000012568 1.000000012568
813 2.032500 1.000000012600 1.000000012600
814 2.035000 1.000000012631 1.000000012631
815 2.037500 1.000000012663 1.000000012663
816 2.040000 1.000000012694 1.000000012694
817 2.042500 1.000000012726 1.000000012726
818 2.045000 1.000000012757 1.000000012757
819 2.047500 1.000000012789 1.000000012789
820 2.050000 1.000000012820 1.000000012820
821 2.052500 1.000000012852 1.000000012852
822 2.055000 1.000000012883 1.000000012883
823 2.057500 1.000000012915 1.000000012915
824 2.060000 1.000000012946 1.000000012946
825 2.062500 1.000000012977 1.000000012977
826 2.065000 1.000000013009 1.000000013009
827 2.067500 1.000000013040 1.000000013040
828 2.070000 1.000000013071 1.000000013071
829 2.072500 1.000000013102 1.000000013102
830 2.075000 1.000000013133 1.000000013133
831 2.077500 1.000000013164 1.000000013164
832 2.080000 1.000000013195 1.000000013195
833 2.082500 1.000000013225 1.000000013225
834 2.085000 1.000000013256 1.000000013256
835 2.087500 1.000000013286 1.000000013286
836 2.090000 1.000000013316 1.000000013316
837 2.092500 1.000000013346 1.000000013346
838 2.095000 1.000000013375 1.000000013375
839 2.097500 1.000000013405 1.000000013405
840 2.100000 1.000000013433 1.000000013433
841 2.102500 1.000000013461 1.000000013461
842 2.105000 1.000000013489 1.000000013489
843 2.107500 1.000000013516 1.000000013516
844 2.110000 1.000000013542 1.000000013542
845 2.112500 1.000000013568 1.000000013568
846 2.115000 1.000000013592 1.000000013592
847 2.117500 1.000000013616 1.000000013616
848 2.120000 1.000000013638 1.000000013638
849 2.122500 1.000000013659 1.000000013659
850 2.125000 1.000000013679 1.000000013679
851 2.127500 1.000000013698 1.000000013698
852 2.130000 1.000000013715 1.000000013715
853 2.132500 1.000000013730 1.000000013730
854 2.135000 1.000000013744 1.000000013744
855 2.137500 1.000000013755 1.000000013755
856 2.140000 1.000000013765 1.000000013765
857 2.142500 1.000000013772 1.000000013772
858 2.145000 1.000000013778 1.000000013778
859 2.147500 1.000000013781 1.000000013781
860 2.150000 1.000000013781 1.000000013781
861 2.152500 1.000000013779 1.000000013779
862 2.155000 1.000000013775 1.000000013775
863 2.157500 1.000000013768 1.000000013768
864 2.160000 1.000000013758 1.000000013758
865 2.162500 1.000000013745 1.000000013745
866 2.165000 1.000000013729 1.000000013729
867 2.167500 1.000000013711 1.000000013711
868 2.170000 1.000000013690 1.000000013690
869 2.172500 1.000000013665 1.000000013665
870 2.175000 1.000000013638 1.000000013638
871 2.177500 1.000000013608 1.000000013608
872 2.180000 1.000000013575 1.000000013575
873 2.182500 1.000000013539 1.000000013539
874 2.185000 1.000000013501 1.000000013501
875 2.187500 1.000000013459 1.000000013459
876 2.190000 1.000000013415 1.000000013415
877 2.192500 1.000000013369 1.000000013369
878 2.195000 1.000000013319 1.000000013319
879 2.197500 1.000000013268 1.000000013268
880 2.200000 1.000000013214 1.000000013214
881 2.202500 1.000000013158 1.000000013158
882 2.205000 1.000000013100 1.000000013100
883 2.207500 1.000000013039 1.000000013039
884 2.210000 1.000000012977 1.000000012977
885 2.212500 1.000000012914 1.000000012914
886 2.215000 1.000000012848 1.000000012848
887 2.217500 1.000000012782 1.000000012782
888 2.220000 1.000000012713 1.000000012713
889 2.222500 1.000000012644 1.000000012644
890 2.225000 1.000000012574 1.000000012574
891 2.227500 1.000000012503 1.000000012503
892 2.230000 1.000000012431 1.000000012431
893 2.232500 1.000000012358 1.000000012358
894 2.235000 1.000000012285 1.000000012285
895 2.237500 1.000000012211 1.000000012211
896 2.240000 1.000000012137 1.000000012137
897 2.242500 1.000000012063 1.000000012063
898 2.245000 1.000000011989 1.000000011989
899 2.247500 1.000000011915 1.000000011915
900 2.250000 1.000000011840 1.000000011840
901 2.252500 1.000000011766 1.000000011766
902 2.255000 1.000000011693 1.000000011693
903 2.257500 1.000000011619 1.000000011619
904 2.260000 1.000000011547 1.000000011547
905 2.262500 1.000000011474 1.000000011474
906 2.265000 1.000000011402 1.000000011402
907 2.267500 1.000000011331 1.000000011331
908 2.270000 1.000000011260 1.000000011260
909 2.272500 1.000000011190 1.000000011190
910 2.275000 1.000000011120 1.000000011120
911 2.277500 1.000000011052 1.000000011052
912 2.280000 1.000000010983 1.000000010983
913 2.282500 1.000000010916 1.000000010916
914 2.285000 1.000000010850 1.000000010850
915 2.287500 1.000000010784 1.000000010784
916 2.290000 1.000000010719 1.000000010719
917 2.292500 1.000000010654 1.000000010654
918 2.295000 1.000000010591 1.000000010591
919 2.297500 1.000000010528 1.000000010528
920 2.300000 1.000000010466 1.000000010466
921 2.302500 1.000000010405 1.000000010405
922 2.305000 1.000000010345 1.000000010345
923 2.307500 1.000000010285 1.000000010285
924 2.310000 1.000000010226 1.000000010226
925 2.312500 1.000000010168 1.000000010168
926 2.315000 1.000000010110 1.000000010110
927 2.317500 1.000000010053 1.000000010053
928 2.320000 1.000000009997 1.000000009997
929 2.322500 1.000000009942 1.000000009942
930 2.325000 1.000000009887 1.000000009887
931 2.327500 1.000000009833 1.000000009833
932 2.330000 1.000000009780 1.000000009780
933 2.332500 1.000000009727 1.000000009727
934 2.335000 1.000000009675 1.000000009675
935 2.337500 1.000000009623 1.000000009623
936 2.340000 1.000000009572 1.000000009572
937 2.342500 1.000000009522 1.000000009522
938 2.345000 1.000000009472 1.000000009472
939 2.347500 1.000000009423 1.000000009423
940 2.350000 1.000000009375 1.000000009375
941 2.352500 1.000000009327 1.000000009327
942 2.355000 1.000000009280 1.000000009280
943 2.357500 1.000000009233 1.000000009233
