# l[15]( l_15(t) ) connection: point8-point9
# n t l_15(t)      l_differential_15(t)
0 0.000000 1.000000000000 1.000000000000
1 0.002500 1.000000000000 1.000000000000
2 0.005000 1.000000000000 1.000000000000
3 0.007500 1.000000000000 1.000000000000
4 0.010000 1.000000000000 1.000000000000
5 0.012500 1.000000000000 1.000000000000
6 0.015000 1.000000000000 1.000000000000
7 0.017500 1.000000000000 1.000000000000
8 0.020000 1.000000000000 1.000000000000
9 0.022500 1.000000000000 1.000000000000
10 0.025000 1.000000000000 1.000000000000
11 0.027500 1.000000000000 1.000000000000
12 0.030000 1.000000000000 1.000000000000
13 0.032500 1.000000000000 1.000000000000
14 0.035000 1.000000000000 1.000000000000
15 0.037500 1.000000000000 1.000000000000
16 0.040000 1.000000000000 1.000000000000
17 0.042500 1.000000000000 1.000000000000
18 0.045000 1.000000000000 1.000000000000
19 0.047500 1.000000000000 1.000000000000
20 0.050000 1.000000000000 1.000000000000
21 0.052500 1.000000000000 1.000000000000
22 0.055000 1.000000000000 1.000000000000
23 0.057500 1.000000000000 1.000000000000
24 0.060000 1.000000000000 1.000000000000
25 0.062500 1.000000000000 1.000000000000
26 0.065000 1.000000000000 1.000000000000
27 0.067500 1.000000000000 1.000000000000
28 0.070000 1.000000000000 1.000000000000
29 0.072500 1.000000000000 1.000000000000
30 0.075000 1.000000000000 1.000000000000
31 0.077500 1.000000000000 1.000000000000
32 0.080000 1.000000000000 1.000000000000
33 0.082500 1.000000000000 1.000000000000
34 0.085000 1.000000000000 1.000000000000
35 0.087500 1.000000000000 1.000000000000
36 0.090000 1.000000000000 1.000000000000
37 0.092500 1.000000000000 1.000000000000
38 0.095000 1.000000000000 1.000000000000
39 0.097500 1.000000000000 1.000000000000
40 0.100000 1.000000000000 1.000000000000
41 0.102500 1.000000000000 1.000000000000
42 0.105000 1.000000000000 1.000000000000
43 0.107500 1.000000000000 1.000000000000
44 0.110000 1.000000000000 1.000000000000
45 0.112500 1.000000000000 1.000000000000
46 0.115000 1.000000000000 1.000000000000
47 0.117500 1.000000000000 1.000000000000
48 0.120000 1.000000000000 1.000000000000
49 0.122500 1.000000000000 1.000000000000
50 0.125000 1.000000000000 1.000000000000
51 0.127500 1.000000000000 1.000000000000
52 0.130000 1.000000000000 1.000000000000
53 0.132500 1.000000000000 1.000000000000
54 0.135000 1.000000000000 1.000000000000
55 0.137500 1.000000000000 1.000000000000
56 0.140000 1.000000000000 1.000000000000
57 0.142500 1.000000000000 1.000000000000
58 0.145000 1.000000000000 1.000000000000
59 0.147500 1.000000000000 1.000000000000
60 0.150000 1.000000000000 1.000000000000
61 0.152500 1.000000000000 1.000000000000
62 0.155000 1.000000000000 1.000000000000
63 0.157500 1.000000000000 1.000000000000
64 0.160000 1.000000000000 1.000000000000
65 0.162500 1.000000000000 1.000000000000
66 0.165000 1.000000000000 1.000000000000
67 0.167500 1.000000000000 1.000000000000
68 0.170000 1.000000000000 1.000000000000
69 0.172500 1.000000000000 1.000000000000
70 0.175000 1.000000000000 1.000000000000
71 0.177500 1.000000000000 1.000000000000
72 0.180000 1.000000000000 1.000000000000
73 0.182500 1.000000000000 1.000000000000
74 0.185000 1.000000000000 1.000000000000
75 0.187500 1.000000000000 1.000000000000
76 0.190000 1.000000000000 1.000000000000
77 0.192500 1.000000000000 1.000000000000
78 0.195000 1.000000000000 1.000000000000
79 0.197500 1.000000000000 1.000000000000
80 0.200000 1.000000000000 1.000000000000
81 0.202500 1.000000000000 1.000000000000
82 0.205000 1.000000000000 1.000000000000
83 0.207500 1.000000000000 1.000000000000
84 0.210000 1.000000000000 1.000000000000
85 0.212500 1.000000000000 1.000000000000
86 0.215000 1.000000000000 1.000000000000
87 0.217500 1.000000000000 1.000000000000
88 0.220000 1.000000000000 1.000000000000
89 0.222500 1.000000000000 1.000000000000
90 0.225000 1.000000000000 1.000000000000
91 0.227500 1.000000000000 1.000000000000
92 0.230000 1.000000000000 1.000000000000
93 0.232500 1.000000000000 1.000000000000
94 0.235000 1.000000000000 1.000000000000
95 0.237500 1.000000000000 1.000000000000
96 0.240000 1.000000000000 1.000000000000
97 0.242500 1.000000000000 1.000000000000
98 0.245000 1.000000000000 1.000000000000
99 0.247500 1.000000000000 1.000000000000
100 0.250000 1.000000000000 1.000000000000
101 0.252500 1.000000000000 1.000000000000
102 0.255000 1.000000000000 1.000000000000
103 0.257500 1.000000000000 1.000000000000
104 0.260000 1.000000000000 1.000000000000
105 0.262500 1.000000000000 1.000000000000
106 0.265000 1.000000000000 1.000000000000
107 0.267500 1.000000000000 1.000000000000
108 0.270000 1.000000000000 1.000000000000
109 0.272500 1.000000000000 1.000000000000
110 0.275000 1.000000000000 1.000000000000
111 0.277500 1.000000000000 1.000000000000
112 0.280000 1.000000000000 1.000000000000
113 0.282500 1.000000000000 1.000000000000
114 0.285000 1.000000000000 1.000000000000
115 0.287500 1.000000000000 1.000000000000
116 0.290000 1.000000000000 1.000000000000
117 0.292500 1.000000000000 1.000000000000
118 0.295000 1.000000000000 1.000000000000
119 0.297500 1.000000000000 1.000000000000
120 0.300000 1.000000000000 1.000000000000
121 0.302500 1.000000000000 1.000000000000
122 0.305000 1.000000000000 1.000000000000
123 0.307500 1.000000000000 1.000000000000
124 0.310000 1.000000000000 1.000000000000
125 0.312500 1.000000000000 1.000000000000
126 0.315000 1.000000000000 1.000000000000
127 0.317500 1.000000000000 1.000000000000
128 0.320000 1.000000000000 1.000000000000
129 0.322500 1.000000000000 1.000000000000
130 0.325000 1.000000000000 1.000000000000
131 0.327500 1.000000000000 1.000000000000
132 0.330000 1.000000000000 1.000000000000
133 0.332500 1.000000000000 1.000000000000
134 0.335000 1.000000000000 1.000000000000
135 0.337500 1.000000000000 1.000000000000
136 0.340000 1.000000000000 1.000000000000
137 0.342500 1.000000000000 1.000000000000
138 0.345000 1.000000000000 1.000000000000
139 0.347500 1.000000000000 1.000000000000
140 0.350000 1.000000000000 1.000000000000
141 0.352500 1.000000000000 1.000000000000
142 0.355000 1.000000000000 1.000000000000
143 0.357500 1.000000000000 1.000000000000
144 0.360000 1.000000000000 1.000000000000
145 0.362500 1.000000000000 1.000000000000
146 0.365000 1.000000000000 1.000000000000
147 0.367500 1.000000000000 1.000000000000
148 0.370000 1.000000000000 1.000000000000
149 0.372500 1.000000000000 1.000000000000
150 0.375000 1.000000000000 1.000000000000
151 0.377500 1.000000000000 1.000000000000
152 0.380000 1.000000000000 1.000000000000
153 0.382500 1.000000000000 1.000000000000
154 0.385000 1.000000000000 1.000000000000
155 0.387500 1.000000000000 1.000000000000
156 0.390000 1.000000000000 1.000000000000
157 0.392500 1.000000000000 1.000000000000
158 0.395000 1.000000000000 1.000000000000
159 0.397500 1.000000000000 1.000000000000
160 0.400000 1.000000000000 1.000000000000
161 0.402500 1.000000000000 1.000000000000
162 0.405000 1.000000000000 1.000000000000
163 0.407500 1.000000000000 1.000000000000
164 0.410000 1.000000000000 1.000000000000
165 0.412500 1.000000000000 1.000000000000
166 0.415000 1.000000000000 1.000000000000
167 0.417500 1.000000000000 1.000000000000
168 0.420000 1.000000000000 1.000000000000
169 0.422500 1.000000000000 1.000000000000
170 0.425000 1.000000000000 1.000000000000
171 0.427500 1.000000000000 1.000000000000
172 0.430000 1.000000000000 1.000000000000
173 0.432500 1.000000000000 1.000000000000
174 0.435000 1.000000000000 1.000000000000
175 0.437500 1.000000000000 1.000000000000
176 0.440000 1.000000000000 1.000000000000
177 0.442500 1.000000000000 1.000000000000
178 0.445000 1.000000000000 1.000000000000
179 0.447500 1.000000000000 1.000000000000
180 0.450000 1.000000000000 1.000000000000
181 0.452500 1.000000000000 1.000000000000
182 0.455000 1.000000000000 1.000000000000
183 0.457500 1.000000000000 1.000000000000
184 0.460000 1.000000000000 1.000000000000
185 0.462500 1.000000000000 1.000000000000
186 0.465000 1.000000000000 1.000000000000
187 0.467500 1.000000000000 1.000000000000
188 0.470000 1.000000000000 1.000000000000
189 0.472500 1.000000000000 1.000000000000
190 0.475000 1.000000000000 1.000000000000
191 0.477500 1.000000000000 1.000000000000
192 0.480000 1.000000000000 1.000000000000
193 0.482500 1.000000000000 1.000000000000
194 0.485000 1.000000000000 1.000000000000
195 0.487500 1.000000000000 1.000000000000
196 0.490000 1.000000000000 1.000000000000
197 0.492500 1.000000000000 1.000000000000
198 0.495000 1.000000000000 1.000000000000
199 0.497500 1.000000000000 1.000000000000
200 0.500000 1.000000000000 1.000000000000
201 0.502500 1.000000000000 1.000000000000
202 0.505000 1.000000000000 1.000000000000
203 0.507500 1.000000000000 1.000000000000
204 0.510000 1.000000000000 1.000000000000
205 0.512500 1.000000000000 1.000000000000
206 0.515000 1.000000000000 1.000000000000
207 0.517500 1.000000000000 1.000000000000
208 0.520000 1.000000000000 1.000000000000
209 0.522500 1.000000000000 1.000000000000
210 0.525000 1.000000000000 1.000000000000
211 0.527500 1.000000000000 1.000000000000
212 0.530000 1.000000000000 1.000000000000
213 0.532500 1.000000000000 1.000000000000
214 0.535000 1.000000000000 1.000000000000
215 0.537500 1.000000000000 1.000000000000
216 0.540000 1.000000000000 1.000000000000
217 0.542500 1.000000000000 1.000000000000
218 0.545000 1.000000000000 1.000000000000
219 0.547500 1.000000000000 1.000000000000
220 0.550000 1.000000000000 1.000000000000
221 0.552500 1.000000000000 1.000000000000
222 0.555000 1.000000000000 1.000000000000
223 0.557500 1.000000000000 1.000000000000
224 0.560000 1.000000000000 1.000000000000
225 0.562500 1.000000000000 1.000000000000
226 0.565000 1.000000000000 1.000000000000
227 0.567500 1.000000000000 1.000000000000
228 0.570000 1.000000000000 1.000000000000
229 0.572500 1.000000000000 1.000000000000
230 0.575000 1.000000000000 1.000000000000
231 0.577500 1.000000000000 1.000000000000
232 0.580000 1.000000000000 1.000000000000
233 0.582500 1.000000000000 1.000000000000
234 0.585000 1.000000000000 1.000000000000
235 0.587500 1.000000000000 1.000000000000
236 0.590000 1.000000000000 1.000000000000
237 0.592500 1.000000000000 1.000000000000
238 0.595000 1.000000000000 1.000000000000
239 0.597500 1.000000000000 1.000000000000
240 0.600000 1.000000000000 1.000000000000
241 0.602500 1.000000000000 1.000000000000
242 0.605000 1.000000000000 1.000000000000
243 0.607500 1.000000000000 1.000000000000
244 0.610000 1.000000000000 1.000000000000
245 0.612500 1.000000000000 1.000000000000
246 0.615000 1.000000000000 1.000000000000
247 0.617500 1.000000000000 1.000000000000
248 0.620000 1.000000000000 1.000000000000
249 0.622500 1.000000000000 1.000000000000
250 0.625000 1.000000000000 1.000000000000
251 0.627500 1.000000000000 1.000000000000
252 0.630000 1.000000000000 1.000000000000
253 0.632500 1.000000000000 1.000000000000
254 0.635000 1.000000000000 1.000000000000
255 0.637500 1.000000000000 1.000000000000
256 0.640000 1.000000000000 1.000000000000
257 0.642500 1.000000000000 1.000000000000
258 0.645000 1.000000000000 1.000000000000
259 0.647500 1.000000000000 1.000000000000
260 0.650000 1.000000000000 1.000000000000
261 0.652500 1.000000000000 1.000000000000
262 0.655000 1.000000000000 1.000000000000
263 0.657500 1.000000000000 1.000000000000
264 0.660000 1.000000000000 1.000000000000
265 0.662500 1.000000000000 1.000000000000
266 0.665000 1.000000000000 1.000000000000
267 0.667500 1.000000000000 1.000000000000
268 0.670000 1.000000000000 1.000000000000
269 0.672500 1.000000000000 1.000000000000
270 0.675000 1.000000000000 1.000000000000
271 0.677500 1.000000000000 1.000000000000
272 0.680000 1.000000000000 1.000000000000
273 0.682500 1.000000000000 1.000000000000
274 0.685000 1.000000000000 1.000000000000
275 0.687500 1.000000000000 1.000000000000
276 0.690000 1.000000000000 1.000000000000
277 0.692500 1.000000000000 1.000000000000
278 0.695000 1.000000000000 1.000000000000
279 0.697500 1.000000000000 1.000000000000
280 0.700000 1.000000000000 1.000000000000
281 0.702500 1.000000000000 1.000000000000
282 0.705000 1.000000000000 1.000000000000
283 0.707500 1.000000000000 1.000000000000
284 0.710000 1.000000000000 1.000000000000
285 0.712500 1.000000000000 1.000000000000
286 0.715000 1.000000000000 1.000000000000
287 0.717500 1.000000000000 1.000000000000
288 0.720000 1.000000000000 1.000000000000
289 0.722500 1.000000000000 1.000000000000
290 0.725000 1.000000000000 1.000000000000
291 0.727500 1.000000000000 1.000000000000
292 0.730000 1.000000000000 1.000000000000
293 0.732500 1.000000000000 1.000000000000
294 0.735000 1.000000000000 1.000000000000
295 0.737500 1.000000000000 1.000000000000
296 0.740000 1.000000000000 1.000000000000
297 0.742500 1.000000000000 1.000000000000
298 0.745000 1.000000000000 1.000000000000
299 0.747500 1.000000000000 1.000000000000
300 0.750000 1.000000000000 1.000000000000
301 0.752500 1.000000000000 1.000000000000
302 0.755000 1.000000000000 1.000000000000
303 0.757500 1.000000000000 1.000000000000
304 0.760000 1.000000000000 1.000000000000
305 0.762500 1.000000000000 1.000000000000
306 0.765000 1.000000000000 1.000000000000
307 0.767500 1.000000000000 1.000000000000
308 0.770000 1.000000000000 1.000000000000
309 0.772500 1.000000000000 1.000000000000
310 0.775000 1.000000000000 1.000000000000
311 0.777500 1.000000000000 1.000000000000
312 0.780000 1.000000000000 1.000000000000
313 0.782500 1.000000000000 1.000000000000
314 0.785000 1.000000000000 1.000000000000
315 0.787500 1.000000000000 1.000000000000
316 0.790000 1.000000000000 1.000000000000
317 0.792500 1.000000000000 1.000000000000
318 0.795000 1.000000000000 1.000000000000
319 0.797500 1.000000000000 1.000000000000
320 0.800000 1.000000000000 1.000000000000
321 0.802500 1.000000000000 1.000000000000
322 0.805000 1.000000000000 1.000000000000
323 0.807500 1.000000000000 1.000000000000
324 0.810000 1.000000000000 1.000000000000
325 0.812500 1.000000000000 1.000000000000
326 0.815000 1.000000000000 1.000000000000
327 0.817500 1.000000000000 1.000000000000
328 0.820000 1.000000000000 1.000000000000
329 0.822500 1.000000000000 1.000000000000
330 0.825000 1.000000000000 1.000000000000
331 0.827500 1.000000000000 1.000000000000
332 0.830000 1.000000000000 1.000000000000
333 0.832500 1.000000000000 1.000000000000
334 0.835000 1.000000000000 1.000000000000
335 0.837500 1.000000000000 1.000000000000
336 0.840000 1.000000000000 1.000000000000
337 0.842500 1.000000000000 1.000000000000
338 0.845000 1.000000000000 1.000000000000
339 0.847500 1.000000000000 1.000000000000
340 0.850000 1.000000000000 1.000000000000
341 0.852500 1.000000000000 1.000000000000
342 0.855000 1.000000000000 1.000000000000
343 0.857500 1.000000000000 1.000000000000
344 0.860000 1.000000000000 1.000000000000
345 0.862500 1.000000000000 1.000000000000
346 0.865000 1.000000000000 1.000000000000
347 0.867500 1.000000000000 1.000000000000
348 0.870000 1.000000000000 1.000000000000
349 0.872500 1.000000000000 1.000000000000
350 0.875000 1.000000000000 1.000000000000
351 0.877500 1.000000000000 1.000000000000
352 0.880000 1.000000000000 1.000000000000
353 0.882500 1.000000000000 1.000000000000
354 0.885000 1.000000000000 1.000000000000
355 0.887500 1.000000000000 1.000000000000
356 0.890000 1.000000000000 1.000000000000
357 0.892500 1.000000000000 1.000000000000
358 0.895000 1.000000000000 1.000000000000
359 0.897500 1.000000000000 1.000000000000
360 0.900000 1.000000000000 1.000000000000
361 0.902500 1.000000000000 1.000000000000
362 0.905000 1.000000000000 1.000000000000
363 0.907500 1.000000000000 1.000000000000
364 0.910000 1.000000000000 1.000000000000
365 0.912500 1.000000000000 1.000000000000
366 0.915000 1.000000000000 1.000000000000
367 0.917500 1.000000000000 1.000000000000
368 0.920000 1.000000000000 1.000000000000
369 0.922500 1.000000000000 1.000000000000
370 0.925000 1.000000000000 1.000000000000
371 0.927500 1.000000000000 1.000000000000
372 0.930000 1.000000000000 1.000000000000
373 0.932500 1.000000000000 1.000000000000
374 0.935000 1.000000000000 1.000000000000
375 0.937500 1.000000000000 1.000000000000
376 0.940000 1.000000000000 1.000000000000
377 0.942500 1.000000000000 1.000000000000
378 0.945000 1.000000000000 1.000000000000
379 0.947500 1.000000000000 1.000000000000
380 0.950000 1.000000000000 1.000000000000
381 0.952500 1.000000000000 1.000000000000
382 0.955000 1.000000000000 1.000000000000
383 0.957500 1.000000000000 1.000000000000
384 0.960000 1.000000000000 1.000000000000
385 0.962500 1.000000000000 1.000000000000
386 0.965000 1.000000000000 1.000000000000
387 0.967500 1.000000000000 1.000000000000
388 0.970000 1.000000000000 1.000000000000
389 0.972500 1.000000000000 1.000000000000
390 0.975000 1.000000000000 1.000000000000
391 0.977500 1.000000000000 1.000000000000
392 0.980000 1.000000000000 1.000000000000
393 0.982500 1.000000000000 1.000000000000
394 0.985000 1.000000000000 1.000000000000
395 0.987500 1.000000000000 1.000000000000
396 0.990000 1.000000000000 1.000000000000
397 0.992500 1.000000000000 1.000000000000
398 0.995000 1.000000000000 1.000000000000
399 0.997500 1.000000000000 1.000000000000
400 1.000000 1.000000000000 1.000000000000
401 1.002500 1.000000000000 1.000000000000
402 1.005000 1.000000000000 1.000000000000
403 1.007500 1.000000000000 1.000000000000
404 1.010000 1.000000000000 1.000000000000
405 1.012500 1.000000000000 1.000000000000
406 1.015000 1.000000000000 1.000000000000
407 1.017500 1.000000000000 1.000000000000
408 1.020000 1.000000000000 1.000000000000
409 1.022500 1.000000000000 1.000000000000
410 1.025000 1.000000000000 1.000000000000
411 1.027500 1.000000000000 1.000000000000
412 1.030000 1.000000000000 1.000000000000
413 1.032500 1.000000000000 1.000000000000
414 1.035000 1.000000000000 1.000000000000
415 1.037500 1.000000000000 1.000000000000
416 1.040000 1.000000000000 1.000000000000
417 1.042500 1.000000000000 1.000000000000
418 1.045000 1.000000000001 1.000000000001
419 1.047500 1.000000000001 1.000000000001
420 1.050000 1.000000000001 1.000000000001
421 1.052500 1.000000000002 1.000000000002
422 1.055000 1.000000000003 1.000000000003
423 1.057500 1.000000000004 1.000000000004
424 1.060000 1.000000000005 1.000000000005
425 1.062500 1.000000000007 1.000000000007
426 1.065000 1.000000000009 1.000000000009
427 1.067500 1.000000000012 1.000000000012
428 1.070000 1.000000000016 1.000000000016
429 1.072500 1.000000000020 1.000000000020
430 1.075000 1.000000000026 1.000000000026
431 1.077500 1.000000000033 1.000000000033
432 1.080000 1.000000000041 1.000000000041
433 1.082500 1.000000000050 1.000000000050
434 1.085000 1.000000000062 1.000000000062
435 1.087500 1.000000000075 1.000000000075
436 1.090000 1.000000000090 1.000000000090
437 1.092500 1.000000000107 1.000000000107
438 1.095000 1.000000000127 1.000000000127
439 1.097500 1.000000000149 1.000000000149
440 1.100000 1.000000000174 1.000000000174
441 1.102500 1.000000000202 1.000000000202
442 1.105000 1.000000000233 1.000000000233
443 1.107500 1.000000000267 1.000000000267
444 1.110000 1.000000000305 1.000000000305
445 1.112500 1.000000000345 1.000000000345
446 1.115000 1.000000000390 1.000000000390
447 1.117500 1.000000000438 1.000000000438
448 1.120000 1.000000000489 1.000000000489
449 1.122500 1.000000000544 1.000000000544
450 1.125000 1.000000000603 1.000000000603
451 1.127500 1.000000000665 1.000000000665
452 1.130000 1.000000000731 1.000000000731
453 1.132500 1.000000000800 1.000000000800
454 1.135000 1.000000000872 1.000000000872
455 1.137500 1.000000000948 1.000000000948
456 1.140000 1.000000001027 1.000000001027
457 1.142500 1.000000001109 1.000000001109
458 1.145000 1.000000001194 1.000000001194
459 1.147500 1.000000001282 1.000000001282
460 1.150000 1.000000001373 1.000000001373
461 1.152500 1.000000001466 1.000000001466
462 1.155000 1.000000001561 1.000000001561
463 1.157500 1.000000001658 1.000000001658
464 1.160000 1.000000001758 1.000000001758
465 1.162500 1.000000001859 1.000000001859
466 1.165000 1.000000001962 1.000000001962
467 1.167500 1.000000002066 1.000000002066
468 1.170000 1.000000002172 1.000000002172
469 1.172500 1.000000002279 1.000000002279
470 1.175000 1.000000002388 1.000000002388
471 1.177500 1.000000002497 1.000000002497
472 1.180000 1.000000002607 1.000000002607
473 1.182500 1.000000002718 1.000000002718
474 1.185000 1.000000002830 1.000000002830
475 1.187500 1.000000002943 1.000000002943
476 1.190000 1.000000003056 1.000000003056
477 1.192500 1.000000003169 1.000000003169
478 1.195000 1.000000003283 1.000000003283
479 1.197500 1.000000003398 1.000000003398
480 1.200000 1.000000003513 1.000000003513
481 1.202500 1.000000003628 1.000000003628
482 1.205000 1.000000003744 1.000000003744
483 1.207500 1.000000003860 1.000000003860
484 1.210000 1.000000003976 1.000000003976
485 1.212500 1.000000004092 1.000000004092
486 1.215000 1.000000004209 1.000000004209
487 1.217500 1.000000004326 1.000000004326
488 1.220000 1.000000004444 1.000000004444
489 1.222500 1.000000004562 1.000000004562
490 1.225000 1.000000004680 1.000000004680
491 1.227500 1.000000004798 1.000000004798
492 1.230000 1.000000004917 1.000000004917
493 1.232500 1.000000005036 1.000000005036
494 1.235000 1.000000005155 1.000000005155
495 1.237500 1.000000005275 1.000000005275
496 1.240000 1.000000005395 1.000000005395
497 1.242500 1.000000005515 1.000000005515
498 1.245000 1.000000005636 1.000000005636
499 1.247500 1.000000005757 1.000000005757
500 1.250000 1.000000005878 1.000000005878
501 1.252500 1.000000005999 1.000000005999
502 1.255000 1.000000006120 1.000000006120
503 1.257500 1.000000006242 1.000000006242
504 1.260000 1.000000006364 1.000000006364
505 1.262500 1.000000006486 1.000000006486
506 1.265000 1.000000006609 1.000000006609
507 1.267500 1.000000006731 1.000000006731
508 1.270000 1.000000006854 1.000000006854
509 1.272500 1.000000006977 1.000000006977
510 1.275000 1.000000007100 1.000000007100
511 1.277500 1.000000007223 1.000000007223
512 1.280000 1.000000007347 1.000000007347
513 1.282500 1.000000007470 1.000000007470
514 1.285000 1.000000007593 1.000000007593
515 1.287500 1.000000007717 1.000000007717
516 1.290000 1.000000007841 1.000000007841
517 1.292500 1.000000007964 1.000000007964
518 1.295000 1.000000008088 1.000000008088
519 1.297500 1.000000008212 1.000000008212
520 1.300000 1.000000008335 1.000000008335
521 1.302500 1.000000008459 1.000000008459
522 1.305000 1.000000008583 1.000000008583
523 1.307500 1.000000008707 1.000000008707
524 1.310000 1.000000008831 1.000000008831
525 1.312500 1.000000008954 1.000000008954
526 1.315000 1.000000009078 1.000000009078
527 1.317500 1.000000009202 1.000000009202
528 1.320000 1.000000009326 1.000000009326
529 1.322500 1.000000009450 1.000000009450
530 1.325000 1.000000009573 1.000000009573
531 1.327500 1.000000009697 1.000000009697
532 1.330000 1.000000009821 1.000000009821
533 1.332500 1.000000009944 1.000000009944
534 1.335000 1.000000010068 1.000000010068
535 1.337500 1.000000010191 1.000000010191
536 1.340000 1.000000010315 1.000000010315
537 1.342500 1.000000010438 1.000000010438
538 1.345000 1.000000010562 1.000000010562
539 1.347500 1.000000010685 1.000000010685
540 1.350000 1.000000010808 1.000000010808
541 1.352500 1.000000010931 1.000000010931
542 1.355000 1.000000011054 1.000000011054
543 1.357500 1.000000011177 1.000000011177
544 1.360000 1.000000011300 1.000000011300
545 1.362500 1.000000011423 1.000000011423
546 1.365000 1.000000011546 1.000000011546
547 1.367500 1.000000011668 1.000000011668
548 1.370000 1.000000011791 1.000000011791
549 1.372500 1.000000011913 1.000000011913
550 1.375000 1.000000012035 1.000000012035
551 1.377500 1.000000012157 1.000000012157
552 1.380000 1.000000012279 1.000000012279
553 1.382500 1.000000012401 1.000000012401
554 1.385000 1.000000012523 1.000000012523
555 1.387500 1.000000012644 1.000000012644
556 1.390000 1.000000012766 1.000000012766
557 1.392500 1.000000012887 1.000000012887
558 1.395000 1.000000013008 1.000000013008
559 1.397500 1.000000013129 1.000000013129
560 1.400000 1.000000013250 1.000000013250
561 1.402500 1.000000013370 1.000000013370
562 1.405000 1.000000013490 1.000000013490
563 1.407500 1.000000013611 1.000000013611
564 1.410000 1.000000013731 1.000000013731
565 1.412500 1.000000013851 1.000000013851
566 1.415000 1.000000013970 1.000000013970
567 1.417500 1.000000014090 1.000000014090
568 1.420000 1.000000014209 1.000000014209
569 1.422500 1.000000014328 1.000000014328
570 1.425000 1.000000014447 1.000000014447
571 1.427500 1.000000014566 1.000000014566
572 1.430000 1.000000014684 1.000000014684
573 1.432500 1.000000014803 1.000000014803
574 1.435000 1.000000014921 1.000000014921
575 1.437500 1.000000015039 1.000000015039
576 1.440000 1.000000015156 1.000000015156
577 1.442500 1.000000015274 1.000000015274
578 1.445000 1.000000015391 1.000000015391
579 1.447500 1.000000015508 1.000000015508
580 1.450000 1.000000015625 1.000000015625
581 1.452500 1.000000015742 1.000000015742
582 1.455000 1.000000015858 1.000000015858
583 1.457500 1.000000015975 1.000000015975
584 1.460000 1.000000016091 1.000000016091
585 1.462500 1.000000016207 1.000000016207
586 1.465000 1.000000016322 1.000000016322
587 1.467500 1.000000016438 1.000000016438
588 1.470000 1.000000016553 1.000000016553
589 1.472500 1.000000016668 1.000000016668
590 1.475000 1.000000016783 1.000000016783
591 1.477500 1.000000016897 1.000000016897
592 1.480000 1.000000017011 1.000000017011
593 1.482500 1.000000017126 1.000000017126
594 1.485000 1.000000017239 1.000000017239
595 1.487500 1.000000017353 1.000000017353
596 1.490000 1.000000017467 1.000000017467
597 1.492500 1.000000017580 1.000000017580
598 1.495000 1.000000017693 1.000000017693
599 1.497500 1.000000017805 1.000000017805
600 1.500000 1.000000017918 1.000000017918
601 1.502500 1.000000018030 1.000000018030
602 1.505000 1.000000018142 1.000000018142
603 1.507500 1.000000018254 1.000000018254
604 1.510000 1.000000018366 1.000000018366
605 1.512500 1.000000018477 1.000000018477
606 1.515000 1.000000018588 1.000000018588
607 1.517500 1.000000018699 1.000000018699
608 1.520000 1.000000018810 1.000000018810
609 1.522500 1.000000018921 1.000000018921
610 1.525000 1.000000019031 1.000000019031
611 1.527500 1.000000019141 1.000000019141
612 1.530000 1.000000019251 1.000000019251
613 1.532500 1.000000019360 1.000000019360
614 1.535000 1.000000019470 1.000000019470
615 1.537500 1.000000019579 1.000000019579
616 1.540000 1.000000019688 1.000000019688
617 1.542500 1.000000019796 1.000000019796
618 1.545000 1.000000019905 1.000000019905
619 1.547500 1.000000020013 1.000000020013
620 1.550000 1.000000020121 1.000000020121
621 1.552500 1.000000020229 1.000000020229
622 1.555000 1.000000020337 1.000000020337
623 1.557500 1.000000020444 1.000000020444
624 1.560000 1.000000020551 1.000000020551
625 1.562500 1.000000020658 1.000000020658
626 1.565000 1.000000020765 1.000000020765
627 1.567500 1.000000020871 1.000000020871
628 1.570000 1.000000020978 1.000000020978
629 1.572500 1.000000021084 1.000000021084
630 1.575000 1.000000021190 1.000000021190
631 1.577500 1.000000021295 1.000000021295
632 1.580000 1.000000021401 1.000000021401
633 1.582500 1.000000021506 1.000000021506
634 1.585000 1.000000021611 1.000000021611
635 1.587500 1.000000021716 1.000000021716
636 1.590000 1.000000021820 1.000000021820
637 1.592500 1.000000021925 1.000000021925
638 1.595000 1.000000022029 1.000000022029
639 1.597500 1.000000022133 1.000000022133
640 1.600000 1.000000022237 1.000000022237
641 1.602500 1.000000022340 1.000000022340
642 1.605000 1.000000022444 1.000000022444
643 1.607500 1.000000022547 1.000000022547
644 1.610000 1.000000022650 1.000000022650
645 1.612500 1.000000022753 1.000000022753
646 1.615000 1.000000022855 1.000000022855
647 1.617500 1.000000022958 1.000000022958
648 1.620000 1.000000023060 1.000000023060
649 1.622500 1.000000023162 1.000000023162
650 1.625000 1.000000023263 1.000000023263
651 1.627500 1.000000023365 1.000000023365
652 1.630000 1.000000023466 1.000000023466
653 1.632500 1.000000023568 1.000000023568
654 1.635000 1.000000023669 1.000000023669
655 1.637500 1.000000023769 1.000000023769
656 1.640000 1.000000023870 1.000000023870
657 1.642500 1.000000023971 1.000000023971
658 1.645000 1.000000024071 1.000000024071
659 1.647500 1.000000024171 1.000000024171
660 1.650000 1.000000024271 1.000000024271
661 1.652500 1.000000024370 1.000000024370
662 1.655000 1.000000024470 1.000000024470
663 1.657500 1.000000024569 1.000000024569
664 1.660000 1.000000024668 1.000000024668
665 1.662500 1.000000024767 1.000000024767
666 1.665000 1.000000024866 1.000000024866
667 1.667500 1.000000024965 1.000000024965
668 1.670000 1.000000025063 1.000000025063
669 1.672500 1.000000025161 1.000000025161
670 1.675000 1.000000025260 1.000000025260
671 1.677500 1.000000025357 1.000000025357
672 1.680000 1.000000025455 1.000000025455
673 1.682500 1.000000025553 1.000000025553
674 1.685000 1.000000025650 1.000000025650
675 1.687500 1.000000025747 1.000000025747
676 1.690000 1.000000025844 1.000000025844
677 1.692500 1.000000025941 1.000000025941
678 1.695000 1.000000026038 1.000000026038
679 1.697500 1.000000026135 1.000000026135
680 1.700000 1.000000026231 1.000000026231
681 1.702500 1.000000026327 1.000000026327
682 1.705000 1.000000026423 1.000000026423
683 1.707500 1.000000026519 1.000000026519
684 1.710000 1.000000026615 1.000000026615
685 1.712500 1.000000026711 1.000000026711
686 1.715000 1.000000026806 1.000000026806
687 1.717500 1.000000026901 1.000000026901
688 1.720000 1.000000026996 1.000000026996
689 1.722500 1.000000027091 1.000000027091
690 1.725000 1.000000027186 1.000000027186
691 1.727500 1.000000027281 1.000000027281
692 1.730000 1.000000027376 1.000000027376
693 1.732500 1.000000027470 1.000000027470
694 1.735000 1.000000027564 1.000000027564
695 1.737500 1.000000027658 1.000000027658
696 1.740000 1.000000027752 1.000000027752
697 1.742500 1.000000027846 1.000000027846
698 1.745000 1.000000027940 1.000000027940
699 1.747500 1.000000028033 1.000000028033
700 1.750000 1.000000028126 1.000000028126
701 1.752500 1.000000028220 1.000000028220
702 1.755000 1.000000028313 1.000000028313
703 1.757500 1.000000028406 1.000000028406
704 1.760000 1.000000028499 1.000000028499
705 1.762500 1.000000028591 1.000000028591
706 1.765000 1.000000028684 1.000000028684
707 1.767500 1.000000028776 1.000000028776
708 1.770000 1.000000028868 1.000000028868
709 1.772500 1.000000028961 1.000000028961
710 1.775000 1.000000029053 1.000000029053
711 1.777500 1.000000029145 1.000000029145
712 1.780000 1.000000029236 1.000000029236
713 1.782500 1.000000029328 1.000000029328
714 1.785000 1.000000029419 1.000000029419
715 1.787500 1.000000029511 1.000000029511
716 1.790000 1.000000029602 1.000000029602
717 1.792500 1.000000029693 1.000000029693
718 1.795000 1.000000029784 1.000000029784
719 1.797500 1.000000029875 1.000000029875
720 1.800000 1.000000029966 1.000000029966
721 1.802500 1.000000030056 1.000000030056
722 1.805000 1.000000030147 1.000000030147
723 1.807500 1.000000030237 1.000000030237
724 1.810000 1.000000030328 1.000000030328
725 1.812500 1.000000030418 1.000000030418
726 1.815000 1.000000030508 1.000000030508
727 1.817500 1.000000030598 1.000000030598
728 1.820000 1.000000030688 1.000000030688
729 1.822500 1.000000030777 1.000000030777
730 1.825000 1.000000030867 1.000000030867
731 1.827500 1.000000030957 1.000000030957
732 1.830000 1.000000031046 1.000000031046
733 1.832500 1.000000031135 1.000000031135
734 1.835000 1.000000031224 1.000000031224
735 1.837500 1.000000031314 1.000000031314
736 1.840000 1.000000031403 1.000000031403
737 1.842500 1.000000031491 1.000000031491
738 1.845000 1.000000031580 1.000000031580
739 1.847500 1.000000031669 1.000000031669
740 1.850000 1.000000031757 1.000000031757
741 1.852500 1.000000031846 1.000000031846
742 1.855000 1.000000031934 1.000000031934
743 1.857500 1.000000032022 1.000000032022
744 1.860000 1.000000032111 1.000000032111
745 1.862500 1.000000032199 1.000000032199
746 1.865000 1.000000032287 1.000000032287
747 1.867500 1.000000032375 1.000000032375
748 1.870000 1.000000032462 1.000000032462
749 1.872500 1.000000032550 1.000000032550
750 1.875000 1.000000032638 1.000000032638
751 1.877500 1.000000032725 1.000000032725
752 1.880000 1.000000032813 1.000000032813
753 1.882500 1.000000032900 1.000000032900
754 1.885000 1.000000032987 1.000000032987
755 1.887500 1.000000033074 1.000000033074
756 1.890000 1.000000033161 1.000000033161
757 1.892500 1.000000033248 1.000000033248
758 1.895000 1.000000033335 1.000000033335
759 1.897500 1.000000033422 1.000000033422
760 1.900000 1.000000033509 1.000000033509
761 1.902500 1.000000033595 1.000000033595
762 1.905000 1.000000033682 1.000000033682
763 1.907500 1.000000033768 1.000000033768
764 1.910000 1.000000033855 1.000000033855
765 1.912500 1.000000033941 1.000000033941
766 1.915000 1.000000034027 1.000000034027
767 1.917500 1.000000034113 1.000000034113
768 1.920000 1.000000034199 1.000000034199
769 1.922500 1.000000034285 1.000000034285
770 1.925000 1.000000034371 1.000000034371
771 1.927500 1.000000034457 1.000000034457
772 1.930000 1.000000034543 1.000000034543
773 1.932500 1.000000034629 1.000000034629
774 1.935000 1.000000034714 1.000000034714
775 1.937500 1.000000034800 1.000000034800
776 1.940000 1.000000034885 1.000000034885
777 1.942500 1.000000034971 1.000000034971
778 1.945000 1.000000035056 1.000000035056
779 1.947500 1.000000035141 1.000000035141
780 1.950000 1.000000035226 1.000000035226
781 1.952500 1.000000035311 1.000000035311
782 1.955000 1.000000035396 1.000000035396
783 1.957500 1.000000035481 1.000000035481
784 1.960000 1.000000035566 1.000000035566
785 1.962500 1.000000035651 1.000000035651
786 1.965000 1.000000035736 1.000000035736
787 1.967500 1.000000035821 1.000000035821
788 1.970000 1.000000035905 1.000000035905
789 1.972500 1.000000035990 1.000000035990
790 1.975000 1.000000036074 1.000000036074
791 1.977500 1.000000036159 1.000000036159
792 1.980000 1.000000036243 1.000000036243
793 1.982500 1.000000036327 1.000000036327
794 1.985000 1.000000036412 1.000000036412
795 1.987500 1.000000036496 1.000000036496
796 1.990000 1.000000036580 1.000000036580
797 1.992500 1.000000036664 1.000000036664
798 1.995000 1.000000036748 1.000000036748
799 1.997500 1.000000036832 1.000000036832
800 2.000000 1.000000036916 1.000000036916
801 2.002500 1.000000037000 1.000000037000
802 2.005000 1.000000037084 1.000000037084
803 2.007500 1.000000037167 1.000000037167
804 2.010000 1.000000037251 1.000000037251
805 2.012500 1.000000037335 1.000000037335
806 2.015000 1.000000037418 1.000000037418
807 2.017500 1.000000037502 1.000000037502
808 2.020000 1.000000037585 1.000000037585
809 2.022500 1.000000037668 1.000000037668
810 2.025000 1.000000037751 1.000000037751
811 2.027500 1.000000037834 1.000000037834
812 2.030000 1.000000037917 1.000000037917
813 2.032500 1.000000037999 1.000000037999
814 2.035000 1.000000038080 1.000000038080
815 2.037500 1.000000038160 1.000000038160
816 2.040000 1.000000038239 1.000000038239
817 2.042500 1.000000038316 1.000000038316
818 2.045000 1.000000038391 1.000000038391
819 2.047500 1.000000038463 1.000000038463
820 2.050000 1.000000038533 1.000000038533
821 2.052500 1.000000038598 1.000000038598
822 2.055000 1.000000038659 1.000000038659
823 2.057500 1.000000038714 1.000000038714
824 2.060000 1.000000038763 1.000000038763
825 2.062500 1.000000038805 1.000000038805
826 2.065000 1.000000038840 1.000000038840
827 2.067500 1.000000038865 1.000000038865
828 2.070000 1.000000038881 1.000000038881
829 2.072500 1.000000038887 1.000000038887
830 2.075000 1.000000038881 1.000000038881
831 2.077500 1.000000038863 1.000000038863
832 2.080000 1.000000038832 1.000000038832
833 2.082500 1.000000038789 1.000000038789
834 2.085000 1.000000038731 1.000000038731
835 2.087500 1.000000038658 1.000000038658
836 2.090000 1.000000038572 1.000000038572
837 2.092500 1.000000038470 1.000000038470
838 2.095000 1.000000038353 1.000000038353
839 2.097500 1.000000038222 1.000000038222
840 2.100000 1.000000038075 1.000000038075
841 2.102500 1.000000037915 1.000000037915
842 2.105000 1.000000037740 1.000000037740
843 2.107500 1.000000037552 1.000000037552
844 2.110000 1.000000037351 1.000000037351
845 2.112500 1.000000037139 1.000000037139
846 2.115000 1.000000036915 1.000000036915
847 2.117500 1.000000036681 1.000000036681
848 2.120000 1.000000036437 1.000000036437
849 2.122500 1.000000036186 1.000000036186
850 2.125000 1.000000035927 1.000000035927
851 2.127500 1.000000035663 1.000000035663
852 2.130000 1.000000035393 1.000000035393
853 2.132500 1.000000035120 1.000000035120
854 2.135000 1.000000034844 1.000000034844
855 2.137500 1.000000034567 1.000000034567
856 2.140000 1.000000034289 1.000000034289
857 2.142500 1.000000034012 1.000000034012
858 2.145000 1.000000033736 1.000000033736
859 2.147500 1.000000033462 1.000000033462
860 2.150000 1.000000033191 1.000000033191
861 2.152500 1.000000032925 1.000000032925
862 2.155000 1.000000032662 1.000000032662
863 2.157500 1.000000032405 1.000000032405
864 2.160000 1.000000032153 1.000000032153
865 2.162500 1.000000031906 1.000000031906
866 2.165000 1.000000031666 1.000000031666
867 2.167500 1.000000031432 1.000000031432
868 2.170000 1.000000031204 1.000000031204
869 2.172500 1.000000030983 1.000000030983
870 2.175000 1.000000030769 1.000000030769
871 2.177500 1.000000030560 1.000000030560
872 2.180000 1.000000030358 1.000000030358
873 2.182500 1.000000030162 1.000000030162
874 2.185000 1.000000029972 1.000000029972
875 2.187500 1.000000029788 1.000000029788
876 2.190000 1.000000029609 1.000000029609
877 2.192500 1.000000029435 1.000000029435
878 2.195000 1.000000029266 1.000000029266
879 2.197500 1.000000029102 1.000000029102
880 2.200000 1.000000028941 1.000000028941
881 2.202500 1.000000028785 1.000000028785
882 2.205000 1.000000028631 1.000000028631
883 2.207500 1.000000028482 1.000000028482
884 2.210000 1.000000028335 1.000000028335
885 2.212500 1.000000028190 1.000000028190
886 2.215000 1.000000028048 1.000000028048
887 2.217500 1.000000027909 1.000000027909
888 2.220000 1.000000027771 1.000000027771
889 2.222500 1.000000027635 1.000000027635
890 2.225000 1.000000027500 1.000000027500
891 2.227500 1.000000027367 1.000000027367
892 2.230000 1.000000027235 1.000000027235
893 2.232500 1.000000027104 1.000000027104
894 2.235000 1.000000026975 1.000000026975
895 2.237500 1.000000026846 1.000000026846
896 2.240000 1.000000026719 1.000000026719
897 2.242500 1.000000026592 1.000000026592
898 2.245000 1.000000026466 1.000000026466
899 2.247500 1.000000026342 1.000000026342
900 2.250000 1.000000026218 1.000000026218
901 2.252500 1.000000026095 1.000000026095
902 2.255000 1.000000025973 1.000000025973
903 2.257500 1.000000025852 1.000000025852
904 2.260000 1.000000025731 1.000000025731
905 2.262500 1.000000025612 1.000000025612
906 2.265000 1.000000025494 1.000000025494
907 2.267500 1.000000025377 1.000000025377
908 2.270000 1.000000025261 1.000000025261
909 2.272500 1.000000025147 1.000000025147
910 2.275000 1.000000025033 1.000000025033
911 2.277500 1.000000024920 1.000000024920
912 2.280000 1.000000024809 1.000000024809
913 2.282500 1.000000024699 1.000000024699
914 2.285000 1.000000024590 1.000000024590
915 2.287500 1.000000024482 1.000000024482
916 2.290000 1.000000024376 1.000000024376
917 2.292500 1.000000024270 1.000000024270
918 2.295000 1.000000024166 1.000000024166
919 2.297500 1.000000024063 1.000000024063
920 2.300000 1.000000023962 1.000000023962
921 2.302500 1.000000023861 1.000000023861
922 2.305000 1.000000023762 1.000000023762
923 2.307500 1.000000023664 1.000000023664
924 2.310000 1.000000023567 1.000000023567
925 2.312500 1.000000023471 1.000000023471
926 2.315000 1.000000023376 1.000000023376
927 2.317500 1.000000023282 1.000000023282
928 2.320000 1.000000023190 1.000000023190
929 2.322500 1.000000023098 1.000000023098
930 2.325000 1.000000023008 1.000000023008
931 2.327500 1.000000022919 1.000000022919
932 2.330000 1.000000022830 1.000000022830
933 2.332500 1.000000022743 1.000000022743
934 2.335000 1.000000022657 1.000000022657
935 2.337500 1.000000022572 1.000000022572
936 2.340000 1.000000022487 1.000000022487
937 2.342500 1.000000022404 1.000000022404
938 2.345000 1.000000022322 1.000000022322
939 2.347500 1.000000022240 1.000000022240
940 2.350000 1.000000022160 1.000000022160
941 2.352500 1.000000022080 1.000000022080
942 2.355000 1.000000022001 1.000000022001
943 2.357500 1.000000021924 1.000000021924
