# l[7]( l_7(t) ) connection: point3-point9
# n t l_7(t)      l_differential_7(t)
0 0.000000 1.000000000000 1.000000000000
1 0.002500 1.000000000000 1.000000000000
2 0.005000 1.000000000000 1.000000000000
3 0.007500 1.000000000000 1.000000000000
4 0.010000 1.000000000000 1.000000000000
5 0.012500 1.000000000000 1.000000000000
6 0.015000 1.000000000000 1.000000000000
7 0.017500 1.000000000000 1.000000000000
8 0.020000 1.000000000000 1.000000000000
9 0.022500 1.000000000000 1.000000000000
10 0.025000 1.000000000000 1.000000000000
11 0.027500 1.000000000000 1.000000000000
12 0.030000 1.000000000000 1.000000000000
13 0.032500 1.000000000000 1.000000000000
14 0.035000 1.000000000000 1.000000000000
15 0.037500 1.000000000000 1.000000000000
16 0.040000 1.000000000000 1.000000000000
17 0.042500 1.000000000000 1.000000000000
18 0.045000 1.000000000000 1.000000000000
19 0.047500 1.000000000000 1.000000000000
20 0.050000 1.000000000000 1.000000000000
21 0.052500 1.000000000000 1.000000000000
22 0.055000 1.000000000000 1.000000000000
23 0.057500 1.000000000000 1.000000000000
24 0.060000 1.000000000000 1.000000000000
25 0.062500 1.000000000000 1.000000000000
26 0.065000 1.000000000000 1.000000000000
27 0.067500 1.000000000000 1.000000000000
28 0.070000 1.000000000000 1.000000000000
29 0.072500 1.000000000000 1.000000000000
30 0.075000 1.000000000000 1.000000000000
31 0.077500 1.000000000000 1.000000000000
32 0.080000 1.000000000000 1.000000000000
33 0.082500 1.000000000000 1.000000000000
34 0.085000 1.000000000000 1.000000000000
35 0.087500 1.000000000000 1.000000000000
36 0.090000 1.000000000000 1.000000000000
37 0.092500 1.000000000000 1.000000000000
38 0.095000 1.000000000000 1.000000000000
39 0.097500 1.000000000000 1.000000000000
40 0.100000 1.000000000000 1.000000000000
41 0.102500 1.000000000000 1.000000000000
42 0.105000 1.000000000000 1.000000000000
43 0.107500 1.000000000000 1.000000000000
44 0.110000 1.000000000000 1.000000000000
45 0.112500 1.000000000000 1.000000000000
46 0.115000 1.000000000000 1.000000000000
47 0.117500 1.000000000000 1.000000000000
48 0.120000 1.000000000000 1.000000000000
49 0.122500 1.000000000000 1.000000000000
50 0.125000 1.000000000000 1.000000000000
51 0.127500 1.000000000000 1.000000000000
52 0.130000 1.000000000000 1.000000000000
53 0.132500 1.000000000000 1.000000000000
54 0.135000 1.000000000000 1.000000000000
55 0.137500 1.000000000000 1.000000000000
56 0.140000 1.000000000000 1.000000000000
57 0.142500 1.000000000000 1.000000000000
58 0.145000 1.000000000000 1.000000000000
59 0.147500 1.000000000000 1.000000000000
60 0.150000 1.000000000000 1.000000000000
61 0.152500 1.000000000000 1.000000000000
62 0.155000 1.000000000000 1.000000000000
63 0.157500 1.000000000000 1.000000000000
64 0.160000 1.000000000000 1.000000000000
65 0.162500 1.000000000000 1.000000000000
66 0.165000 1.000000000000 1.000000000000
67 0.167500 1.000000000000 1.000000000000
68 0.170000 1.000000000000 1.000000000000
69 0.172500 1.000000000000 1.000000000000
70 0.175000 1.000000000000 1.000000000000
71 0.177500 1.000000000000 1.000000000000
72 0.180000 1.000000000000 1.000000000000
73 0.182500 1.000000000000 1.000000000000
74 0.185000 1.000000000000 1.000000000000
75 0.187500 1.000000000000 1.000000000000
76 0.190000 1.000000000000 1.000000000000
77 0.192500 1.000000000000 1.000000000000
78 0.195000 1.000000000000 1.000000000000
79 0.197500 1.000000000000 1.000000000000
80 0.200000 1.000000000000 1.000000000000
81 0.202500 1.000000000000 1.000000000000
82 0.205000 1.000000000000 1.000000000000
83 0.207500 1.000000000000 1.000000000000
84 0.210000 1.000000000000 1.000000000000
85 0.212500 1.000000000000 1.000000000000
86 0.215000 1.000000000000 1.000000000000
87 0.217500 1.000000000000 1.000000000000
88 0.220000 1.000000000000 1.000000000000
89 0.222500 1.000000000000 1.000000000000
90 0.225000 1.000000000000 1.000000000000
91 0.227500 1.000000000000 1.000000000000
92 0.230000 1.000000000000 1.000000000000
93 0.232500 1.000000000000 1.000000000000
94 0.235000 1.000000000000 1.000000000000
95 0.237500 1.000000000000 1.000000000000
96 0.240000 1.000000000000 1.000000000000
97 0.242500 1.000000000000 1.000000000000
98 0.245000 1.000000000000 1.000000000000
99 0.247500 1.000000000000 1.000000000000
100 0.250000 1.000000000000 1.000000000000
101 0.252500 1.000000000000 1.000000000000
102 0.255000 1.000000000000 1.000000000000
103 0.257500 1.000000000000 1.000000000000
104 0.260000 1.000000000000 1.000000000000
105 0.262500 1.000000000000 1.000000000000
106 0.265000 1.000000000000 1.000000000000
107 0.267500 1.000000000000 1.000000000000
108 0.270000 1.000000000000 1.000000000000
109 0.272500 1.000000000000 1.000000000000
110 0.275000 1.000000000000 1.000000000000
111 0.277500 1.000000000000 1.000000000000
112 0.280000 1.000000000000 1.000000000000
113 0.282500 1.000000000000 1.000000000000
114 0.285000 1.000000000000 1.000000000000
115 0.287500 1.000000000000 1.000000000000
116 0.290000 1.000000000000 1.000000000000
117 0.292500 1.000000000000 1.000000000000
118 0.295000 1.000000000000 1.000000000000
119 0.297500 1.000000000000 1.000000000000
120 0.300000 1.000000000000 1.000000000000
121 0.302500 1.000000000000 1.000000000000
122 0.305000 1.000000000000 1.000000000000
123 0.307500 1.000000000000 1.000000000000
124 0.310000 1.000000000000 1.000000000000
125 0.312500 1.000000000000 1.000000000000
126 0.315000 1.000000000000 1.000000000000
127 0.317500 1.000000000000 1.000000000000
128 0.320000 1.000000000000 1.000000000000
129 0.322500 1.000000000000 1.000000000000
130 0.325000 1.000000000000 1.000000000000
131 0.327500 1.000000000000 1.000000000000
132 0.330000 1.000000000000 1.000000000000
133 0.332500 1.000000000000 1.000000000000
134 0.335000 1.000000000000 1.000000000000
135 0.337500 1.000000000000 1.000000000000
136 0.340000 1.000000000000 1.000000000000
137 0.342500 1.000000000000 1.000000000000
138 0.345000 1.000000000000 1.000000000000
139 0.347500 1.000000000000 1.000000000000
140 0.350000 1.000000000000 1.000000000000
141 0.352500 1.000000000000 1.000000000000
142 0.355000 1.000000000000 1.000000000000
143 0.357500 1.000000000000 1.000000000000
144 0.360000 1.000000000000 1.000000000000
145 0.362500 1.000000000000 1.000000000000
146 0.365000 1.000000000000 1.000000000000
147 0.367500 1.000000000000 1.000000000000
148 0.370000 1.000000000000 1.000000000000
149 0.372500 1.000000000000 1.000000000000
150 0.375000 1.000000000000 1.000000000000
151 0.377500 1.000000000000 1.000000000000
152 0.380000 1.000000000000 1.000000000000
153 0.382500 1.000000000000 1.000000000000
154 0.385000 1.000000000000 1.000000000000
155 0.387500 1.000000000000 1.000000000000
156 0.390000 1.000000000000 1.000000000000
157 0.392500 1.000000000000 1.000000000000
158 0.395000 1.000000000000 1.000000000000
159 0.397500 1.000000000000 1.000000000000
160 0.400000 1.000000000000 1.000000000000
161 0.402500 1.000000000000 1.000000000000
162 0.405000 1.000000000000 1.000000000000
163 0.407500 1.000000000000 1.000000000000
164 0.410000 1.000000000000 1.000000000000
165 0.412500 1.000000000000 1.000000000000
166 0.415000 1.000000000000 1.000000000000
167 0.417500 1.000000000000 1.000000000000
168 0.420000 1.000000000000 1.000000000000
169 0.422500 1.000000000000 1.000000000000
170 0.425000 1.000000000000 1.000000000000
171 0.427500 1.000000000000 1.000000000000
172 0.430000 1.000000000000 1.000000000000
173 0.432500 1.000000000000 1.000000000000
174 0.435000 1.000000000000 1.000000000000
175 0.437500 1.000000000000 1.000000000000
176 0.440000 1.000000000000 1.000000000000
177 0.442500 1.000000000000 1.000000000000
178 0.445000 1.000000000000 1.000000000000
179 0.447500 1.000000000000 1.000000000000
180 0.450000 1.000000000000 1.000000000000
181 0.452500 1.000000000000 1.000000000000
182 0.455000 1.000000000000 1.000000000000
183 0.457500 1.000000000000 1.000000000000
184 0.460000 1.000000000000 1.000000000000
185 0.462500 1.000000000000 1.000000000000
186 0.465000 1.000000000000 1.000000000000
187 0.467500 1.000000000000 1.000000000000
188 0.470000 1.000000000000 1.000000000000
189 0.472500 1.000000000000 1.000000000000
190 0.475000 1.000000000000 1.000000000000
191 0.477500 1.000000000000 1.000000000000
192 0.480000 1.000000000000 1.000000000000
193 0.482500 1.000000000000 1.000000000000
194 0.485000 1.000000000000 1.000000000000
195 0.487500 1.000000000000 1.000000000000
196 0.490000 1.000000000000 1.000000000000
197 0.492500 1.000000000000 1.000000000000
198 0.495000 1.000000000000 1.000000000000
199 0.497500 1.000000000000 1.000000000000
200 0.500000 1.000000000000 1.000000000000
201 0.502500 1.000000000000 1.000000000000
202 0.505000 1.000000000000 1.000000000000
203 0.507500 1.000000000000 1.000000000000
204 0.510000 1.000000000000 1.000000000000
205 0.512500 1.000000000000 1.000000000000
206 0.515000 1.000000000000 1.000000000000
207 0.517500 1.000000000000 1.000000000000
208 0.520000 1.000000000000 1.000000000000
209 0.522500 1.000000000000 1.000000000000
210 0.525000 1.000000000000 1.000000000000
211 0.527500 1.000000000000 1.000000000000
212 0.530000 1.000000000000 1.000000000000
213 0.532500 1.000000000000 1.000000000000
214 0.535000 1.000000000000 1.000000000000
215 0.537500 1.000000000000 1.000000000000
216 0.540000 1.000000000000 1.000000000000
217 0.542500 1.000000000000 1.000000000000
218 0.545000 1.000000000000 1.000000000000
219 0.547500 1.000000000000 1.000000000000
220 0.550000 1.000000000000 1.000000000000
221 0.552500 1.000000000000 1.000000000000
222 0.555000 1.000000000000 1.000000000000
223 0.557500 1.000000000000 1.000000000000
224 0.560000 1.000000000000 1.000000000000
225 0.562500 1.000000000000 1.000000000000
226 0.565000 1.000000000000 1.000000000000
227 0.567500 1.000000000000 1.000000000000
228 0.570000 1.000000000000 1.000000000000
229 0.572500 1.000000000000 1.000000000000
230 0.575000 1.000000000000 1.000000000000
231 0.577500 1.000000000000 1.000000000000
232 0.580000 1.000000000000 1.000000000000
233 0.582500 1.000000000000 1.000000000000
234 0.585000 1.000000000000 1.000000000000
235 0.587500 1.000000000000 1.000000000000
236 0.590000 1.000000000000 1.000000000000
237 0.592500 1.000000000000 1.000000000000
238 0.595000 1.000000000000 1.000000000000
239 0.597500 1.000000000000 1.000000000000
240 0.600000 1.000000000000 1.000000000000
241 0.602500 1.000000000000 1.000000000000
242 0.605000 1.000000000000 1.000000000000
243 0.607500 1.000000000000 1.000000000000
244 0.610000 1.000000000000 1.000000000000
245 0.612500 1.000000000000 1.000000000000
246 0.615000 1.000000000000 1.000000000000
247 0.617500 1.000000000000 1.000000000000
248 0.620000 1.000000000000 1.000000000000
249 0.622500 1.000000000000 1.000000000000
250 0.625000 1.000000000000 1.000000000000
251 0.627500 1.000000000000 1.000000000000
252 0.630000 1.000000000000 1.000000000000
253 0.632500 1.000000000000 1.000000000000
254 0.635000 1.000000000000 1.000000000000
255 0.637500 1.000000000000 1.000000000000
256 0.640000 1.000000000000 1.000000000000
257 0.642500 1.000000000000 1.000000000000
258 0.645000 1.000000000000 1.000000000000
259 0.647500 1.000000000000 1.000000000000
260 0.650000 1.000000000000 1.000000000000
261 0.652500 1.000000000000 1.000000000000
262 0.655000 1.000000000000 1.000000000000
263 0.657500 1.000000000000 1.000000000000
264 0.660000 1.000000000000 1.000000000000
265 0.662500 1.000000000000 1.000000000000
266 0.665000 1.000000000000 1.000000000000
267 0.667500 1.000000000000 1.000000000000
268 0.670000 1.000000000000 1.000000000000
269 0.672500 1.000000000000 1.000000000000
270 0.675000 1.000000000000 1.000000000000
271 0.677500 1.000000000000 1.000000000000
272 0.680000 1.000000000000 1.000000000000
273 0.682500 1.000000000000 1.000000000000
274 0.685000 1.000000000000 1.000000000000
275 0.687500 1.000000000000 1.000000000000
276 0.690000 1.000000000000 1.000000000000
277 0.692500 1.000000000000 1.000000000000
278 0.695000 1.000000000000 1.000000000000
279 0.697500 1.000000000000 1.000000000000
280 0.700000 1.000000000000 1.000000000000
281 0.702500 1.000000000000 1.000000000000
282 0.705000 1.000000000000 1.000000000000
283 0.707500 1.000000000000 1.000000000000
284 0.710000 1.000000000000 1.000000000000
285 0.712500 1.000000000000 1.000000000000
286 0.715000 1.000000000000 1.000000000000
287 0.717500 1.000000000000 1.000000000000
288 0.720000 1.000000000000 1.000000000000
289 0.722500 1.000000000000 1.000000000000
290 0.725000 1.000000000000 1.000000000000
291 0.727500 1.000000000000 1.000000000000
292 0.730000 1.000000000000 1.000000000000
293 0.732500 1.000000000000 1.000000000000
294 0.735000 1.000000000000 1.000000000000
295 0.737500 1.000000000000 1.000000000000
296 0.740000 1.000000000000 1.000000000000
297 0.742500 1.000000000000 1.000000000000
298 0.745000 1.000000000000 1.000000000000
299 0.747500 1.000000000000 1.000000000000
300 0.750000 1.000000000000 1.000000000000
301 0.752500 1.000000000000 1.000000000000
302 0.755000 1.000000000000 1.000000000000
303 0.757500 1.000000000000 1.000000000000
304 0.760000 1.000000000000 1.000000000000
305 0.762500 1.000000000000 1.000000000000
306 0.765000 1.000000000000 1.000000000000
307 0.767500 1.000000000000 1.000000000000
308 0.770000 1.000000000000 1.000000000000
309 0.772500 1.000000000000 1.000000000000
310 0.775000 1.000000000000 1.000000000000
311 0.777500 1.000000000000 1.000000000000
312 0.780000 1.000000000000 1.000000000000
313 0.782500 1.000000000000 1.000000000000
314 0.785000 1.000000000000 1.000000000000
315 0.787500 1.000000000000 1.000000000000
316 0.790000 1.000000000000 1.000000000000
317 0.792500 1.000000000000 1.000000000000
318 0.795000 1.000000000000 1.000000000000
319 0.797500 1.000000000000 1.000000000000
320 0.800000 1.000000000000 1.000000000000
321 0.802500 1.000000000000 1.000000000000
322 0.805000 1.000000000000 1.000000000000
323 0.807500 1.000000000000 1.000000000000
324 0.810000 1.000000000000 1.000000000000
325 0.812500 1.000000000000 1.000000000000
326 0.815000 1.000000000000 1.000000000000
327 0.817500 1.000000000000 1.000000000000
328 0.820000 1.000000000000 1.000000000000
329 0.822500 1.000000000000 1.000000000000
330 0.825000 1.000000000000 1.000000000000
331 0.827500 1.000000000000 1.000000000000
332 0.830000 1.000000000000 1.000000000000
333 0.832500 1.000000000000 1.000000000000
334 0.835000 1.000000000000 1.000000000000
335 0.837500 1.000000000000 1.000000000000
336 0.840000 1.000000000000 1.000000000000
337 0.842500 1.000000000000 1.000000000000
338 0.845000 1.000000000000 1.000000000000
339 0.847500 1.000000000000 1.000000000000
340 0.850000 1.000000000000 1.000000000000
341 0.852500 1.000000000000 1.000000000000
342 0.855000 1.000000000000 1.000000000000
343 0.857500 1.000000000000 1.000000000000
344 0.860000 1.000000000000 1.000000000000
345 0.862500 1.000000000000 1.000000000000
346 0.865000 1.000000000000 1.000000000000
347 0.867500 1.000000000000 1.000000000000
348 0.870000 1.000000000000 1.000000000000
349 0.872500 1.000000000000 1.000000000000
350 0.875000 1.000000000000 1.000000000000
351 0.877500 1.000000000000 1.000000000000
352 0.880000 1.000000000000 1.000000000000
353 0.882500 1.000000000000 1.000000000000
354 0.885000 1.000000000000 1.000000000000
355 0.887500 1.000000000000 1.000000000000
356 0.890000 1.000000000000 1.000000000000
357 0.892500 1.000000000000 1.000000000000
358 0.895000 1.000000000000 1.000000000000
359 0.897500 1.000000000000 1.000000000000
360 0.900000 1.000000000000 1.000000000000
361 0.902500 1.000000000000 1.000000000000
362 0.905000 1.000000000000 1.000000000000
363 0.907500 1.000000000000 1.000000000000
364 0.910000 1.000000000000 1.000000000000
365 0.912500 1.000000000000 1.000000000000
366 0.915000 1.000000000000 1.000000000000
367 0.917500 1.000000000000 1.000000000000
368 0.920000 1.000000000000 1.000000000000
369 0.922500 1.000000000000 1.000000000000
370 0.925000 1.000000000000 1.000000000000
371 0.927500 1.000000000000 1.000000000000
372 0.930000 1.000000000000 1.000000000000
373 0.932500 1.000000000000 1.000000000000
374 0.935000 1.000000000000 1.000000000000
375 0.937500 1.000000000000 1.000000000000
376 0.940000 1.000000000000 1.000000000000
377 0.942500 1.000000000000 1.000000000000
378 0.945000 1.000000000000 1.000000000000
379 0.947500 1.000000000000 1.000000000000
380 0.950000 1.000000000000 1.000000000000
381 0.952500 1.000000000000 1.000000000000
382 0.955000 1.000000000000 1.000000000000
383 0.957500 1.000000000000 1.000000000000
384 0.960000 1.000000000000 1.000000000000
385 0.962500 1.000000000000 1.000000000000
386 0.965000 1.000000000000 1.000000000000
387 0.967500 1.000000000000 1.000000000000
388 0.970000 1.000000000000 1.000000000000
389 0.972500 1.000000000000 1.000000000000
390 0.975000 1.000000000000 1.000000000000
391 0.977500 1.000000000000 1.000000000000
392 0.980000 1.000000000000 1.000000000000
393 0.982500 1.000000000000 1.000000000000
394 0.985000 1.000000000000 1.000000000000
395 0.987500 1.000000000000 1.000000000000
396 0.990000 1.000000000000 1.000000000000
397 0.992500 1.000000000000 1.000000000000
398 0.995000 1.000000000000 1.000000000000
399 0.997500 1.000000000000 1.000000000000
400 1.000000 1.000000000000 1.000000000000
401 1.002500 1.000000000000 1.000000000000
402 1.005000 1.000000000000 1.000000000000
403 1.007500 1.000000000000 1.000000000000
404 1.010000 1.000000000000 1.000000000000
405 1.012500 1.000000000000 1.000000000000
406 1.015000 1.000000000000 1.000000000000
407 1.017500 1.000000000000 1.000000000000
408 1.020000 1.000000000000 1.000000000000
409 1.022500 1.000000000000 1.000000000000
410 1.025000 1.000000000000 1.000000000000
411 1.027500 1.000000000000 1.000000000000
412 1.030000 1.000000000000 1.000000000000
413 1.032500 1.000000000000 1.000000000000
414 1.035000 1.000000000000 1.000000000000
415 1.037500 1.000000000000 1.000000000000
416 1.040000 1.000000000000 1.000000000000
417 1.042500 1.000000000000 1.000000000000
418 1.045000 1.000000000000 1.000000000000
419 1.047500 1.000000000000 1.000000000000
420 1.050000 1.000000000000 1.000000000000
421 1.052500 1.000000000000 1.000000000000
422 1.055000 1.000000000000 1.000000000000
423 1.057500 1.000000000000 1.000000000000
424 1.060000 1.000000000000 1.000000000000
425 1.062500 1.000000000000 1.000000000000
426 1.065000 1.000000000000 1.000000000000
427 1.067500 1.000000000000 1.000000000000
428 1.070000 1.000000000000 1.000000000000
429 1.072500 1.000000000000 1.000000000000
430 1.075000 1.000000000000 1.000000000000
431 1.077500 1.000000000000 1.000000000000
432 1.080000 1.000000000000 1.000000000000
433 1.082500 1.000000000000 1.000000000000
434 1.085000 1.000000000000 1.000000000000
435 1.087500 1.000000000000 1.000000000000
436 1.090000 1.000000000001 1.000000000001
437 1.092500 1.000000000001 1.000000000001
438 1.095000 1.000000000001 1.000000000001
439 1.097500 1.000000000001 1.000000000001
440 1.100000 1.000000000002 1.000000000002
441 1.102500 1.000000000002 1.000000000002
442 1.105000 1.000000000003 1.000000000003
443 1.107500 1.000000000004 1.000000000004
444 1.110000 1.000000000004 1.000000000004
445 1.112500 1.000000000005 1.000000000005
446 1.115000 1.000000000007 1.000000000007
447 1.117500 1.000000000008 1.000000000008
448 1.120000 1.000000000009 1.000000000009
449 1.122500 1.000000000011 1.000000000011
450 1.125000 1.000000000013 1.000000000013
451 1.127500 1.000000000015 1.000000000015
452 1.130000 1.000000000018 1.000000000018
453 1.132500 1.000000000020 1.000000000020
454 1.135000 1.000000000023 1.000000000023
455 1.137500 1.000000000026 1.000000000026
456 1.140000 1.000000000030 1.000000000030
457 1.142500 1.000000000034 1.000000000034
458 1.145000 1.000000000038 1.000000000038
459 1.147500 1.000000000043 1.000000000043
460 1.150000 1.000000000047 1.000000000047
461 1.152500 1.000000000053 1.000000000053
462 1.155000 1.000000000058 1.000000000058
463 1.157500 1.000000000064 1.000000000064
464 1.160000 1.000000000070 1.000000000070
465 1.162500 1.000000000076 1.000000000076
466 1.165000 1.000000000083 1.000000000083
467 1.167500 1.000000000090 1.000000000090
468 1.170000 1.000000000097 1.000000000097
469 1.172500 1.000000000105 1.000000000105
470 1.175000 1.000000000113 1.000000000113
471 1.177500 1.000000000121 1.000000000121
472 1.180000 1.000000000129 1.000000000129
473 1.182500 1.000000000138 1.000000000138
474 1.185000 1.000000000147 1.000000000147
475 1.187500 1.000000000156 1.000000000156
476 1.190000 1.000000000165 1.000000000165
477 1.192500 1.000000000174 1.000000000174
478 1.195000 1.000000000184 1.000000000184
479 1.197500 1.000000000193 1.000000000193
480 1.200000 1.000000000203 1.000000000203
481 1.202500 1.000000000213 1.000000000213
482 1.205000 1.000000000223 1.000000000223
483 1.207500 1.000000000233 1.000000000233
484 1.210000 1.000000000244 1.000000000244
485 1.212500 1.000000000254 1.000000000254
486 1.215000 1.000000000265 1.000000000265
487 1.217500 1.000000000276 1.000000000276
488 1.220000 1.000000000286 1.000000000286
489 1.222500 1.000000000297 1.000000000297
490 1.225000 1.000000000308 1.000000000308
491 1.227500 1.000000000319 1.000000000319
492 1.230000 1.000000000331 1.000000000331
493 1.232500 1.000000000342 1.000000000342
494 1.235000 1.000000000353 1.000000000353
495 1.237500 1.000000000365 1.000000000365
496 1.240000 1.000000000376 1.000000000376
497 1.242500 1.000000000388 1.000000000388
498 1.245000 1.000000000400 1.000000000400
499 1.247500 1.000000000411 1.000000000411
500 1.250000 1.000000000423 1.000000000423
501 1.252500 1.000000000435 1.000000000435
502 1.255000 1.000000000447 1.000000000447
503 1.257500 1.000000000459 1.000000000459
504 1.260000 1.000000000472 1.000000000472
505 1.262500 1.000000000484 1.000000000484
506 1.265000 1.000000000496 1.000000000496
507 1.267500 1.000000000509 1.000000000509
508 1.270000 1.000000000521 1.000000000521
509 1.272500 1.000000000534 1.000000000534
510 1.275000 1.000000000547 1.000000000547
511 1.277500 1.000000000560 1.000000000560
512 1.280000 1.000000000572 1.000000000572
513 1.282500 1.000000000585 1.000000000585
514 1.285000 1.000000000598 1.000000000598
515 1.287500 1.000000000612 1.000000000612
516 1.290000 1.000000000625 1.000000000625
517 1.292500 1.000000000638 1.000000000638
518 1.295000 1.000000000651 1.000000000651
519 1.297500 1.000000000665 1.000000000665
520 1.300000 1.000000000678 1.000000000678
521 1.302500 1.000000000692 1.000000000692
522 1.305000 1.000000000705 1.000000000705
523 1.307500 1.000000000719 1.000000000719
524 1.310000 1.000000000733 1.000000000733
525 1.312500 1.000000000747 1.000000000747
526 1.315000 1.000000000761 1.000000000761
527 1.317500 1.000000000775 1.000000000775
528 1.320000 1.000000000789 1.000000000789
529 1.322500 1.000000000803 1.000000000803
530 1.325000 1.000000000817 1.000000000817
531 1.327500 1.000000000831 1.000000000831
532 1.330000 1.000000000846 1.000000000846
533 1.332500 1.000000000860 1.000000000860
534 1.335000 1.000000000875 1.000000000875
535 1.337500 1.000000000889 1.000000000889
536 1.340000 1.000000000904 1.000000000904
537 1.342500 1.000000000919 1.000000000919
538 1.345000 1.000000000933 1.000000000933
539 1.347500 1.000000000948 1.000000000948
540 1.350000 1.000000000963 1.000000000963
541 1.352500 1.000000000978 1.000000000978
542 1.355000 1.000000000993 1.000000000993
543 1.357500 1.000000001008 1.000000001008
544 1.360000 1.000000001023 1.000000001023
545 1.362500 1.000000001038 1.000000001038
546 1.365000 1.000000001053 1.000000001053
547 1.367500 1.000000001069 1.000000001069
548 1.370000 1.000000001084 1.000000001084
549 1.372500 1.000000001099 1.000000001099
550 1.375000 1.000000001115 1.000000001115
551 1.377500 1.000000001130 1.000000001130
552 1.380000 1.000000001146 1.000000001146
553 1.382500 1.000000001162 1.000000001162
554 1.385000 1.000000001177 1.000000001177
555 1.387500 1.000000001193 1.000000001193
556 1.390000 1.000000001209 1.000000001209
557 1.392500 1.000000001225 1.000000001225
558 1.395000 1.000000001240 1.000000001240
559 1.397500 1.000000001256 1.000000001256
560 1.400000 1.000000001272 1.000000001272
561 1.402500 1.000000001288 1.000000001288
562 1.405000 1.000000001304 1.000000001304
563 1.407500 1.000000001320 1.000000001320
564 1.410000 1.000000001336 1.000000001336
565 1.412500 1.000000001353 1.000000001353
566 1.415000 1.000000001369 1.000000001369
567 1.417500 1.000000001385 1.000000001385
568 1.420000 1.000000001401 1.000000001401
569 1.422500 1.000000001418 1.000000001418
570 1.425000 1.000000001434 1.000000001434
571 1.427500 1.000000001450 1.000000001450
572 1.430000 1.000000001467 1.000000001467
573 1.432500 1.000000001483 1.000000001483
574 1.435000 1.000000001500 1.000000001500
575 1.437500 1.000000001516 1.000000001516
576 1.440000 1.000000001533 1.000000001533
577 1.442500 1.000000001550 1.000000001550
578 1.445000 1.000000001566 1.000000001566
579 1.447500 1.000000001583 1.000000001583
580 1.450000 1.000000001600 1.000000001600
581 1.452500 1.000000001616 1.000000001616
582 1.455000 1.000000001633 1.000000001633
583 1.457500 1.000000001650 1.000000001650
584 1.460000 1.000000001667 1.000000001667
585 1.462500 1.000000001684 1.000000001684
586 1.465000 1.000000001701 1.000000001701
587 1.467500 1.000000001718 1.000000001718
588 1.470000 1.000000001735 1.000000001735
589 1.472500 1.000000001752 1.000000001752
590 1.475000 1.000000001769 1.000000001769
591 1.477500 1.000000001786 1.000000001786
592 1.480000 1.000000001803 1.000000001803
593 1.482500 1.000000001820 1.000000001820
594 1.485000 1.000000001837 1.000000001837
595 1.487500 1.000000001854 1.000000001854
596 1.490000 1.000000001871 1.000000001871
597 1.492500 1.000000001888 1.000000001888
598 1.495000 1.000000001906 1.000000001906
599 1.497500 1.000000001923 1.000000001923
600 1.500000 1.000000001940 1.000000001940
601 1.502500 1.000000001957 1.000000001957
602 1.505000 1.000000001975 1.000000001975
603 1.507500 1.000000001992 1.000000001992
604 1.510000 1.000000002009 1.000000002009
605 1.512500 1.000000002027 1.000000002027
606 1.515000 1.000000002044 1.000000002044
607 1.517500 1.000000002062 1.000000002062
608 1.520000 1.000000002079 1.000000002079
609 1.522500 1.000000002097 1.000000002097
610 1.525000 1.000000002114 1.000000002114
611 1.527500 1.000000002132 1.000000002132
612 1.530000 1.000000002149 1.000000002149
613 1.532500 1.000000002167 1.000000002167
614 1.535000 1.000000002184 1.000000002184
615 1.537500 1.000000002202 1.000000002202
616 1.540000 1.000000002219 1.000000002219
617 1.542500 1.000000002237 1.000000002237
618 1.545000 1.000000002255 1.000000002255
619 1.547500 1.000000002272 1.000000002272
620 1.550000 1.000000002290 1.000000002290
621 1.552500 1.000000002308 1.000000002308
622 1.555000 1.000000002325 1.000000002325
623 1.557500 1.000000002343 1.000000002343
624 1.560000 1.000000002361 1.000000002361
625 1.562500 1.000000002379 1.000000002379
626 1.565000 1.000000002396 1.000000002396
627 1.567500 1.000000002414 1.000000002414
628 1.570000 1.000000002432 1.000000002432
629 1.572500 1.000000002450 1.000000002450
630 1.575000 1.000000002467 1.000000002467
631 1.577500 1.000000002485 1.000000002485
632 1.580000 1.000000002503 1.000000002503
633 1.582500 1.000000002521 1.000000002521
634 1.585000 1.000000002539 1.000000002539
635 1.587500 1.000000002557 1.000000002557
636 1.590000 1.000000002575 1.000000002575
637 1.592500 1.000000002593 1.000000002593
638 1.595000 1.000000002611 1.000000002611
639 1.597500 1.000000002628 1.000000002628
640 1.600000 1.000000002646 1.000000002646
641 1.602500 1.000000002664 1.000000002664
642 1.605000 1.000000002682 1.000000002682
643 1.607500 1.000000002700 1.000000002700
644 1.610000 1.000000002718 1.000000002718
645 1.612500 1.000000002736 1.000000002736
646 1.615000 1.000000002754 1.000000002754
647 1.617500 1.000000002772 1.000000002772
648 1.620000 1.000000002790 1.000000002790
649 1.622500 1.000000002808 1.000000002808
650 1.625000 1.000000002826 1.000000002826
651 1.627500 1.000000002844 1.000000002844
652 1.630000 1.000000002863 1.000000002863
653 1.632500 1.000000002881 1.000000002881
654 1.635000 1.000000002899 1.000000002899
655 1.637500 1.000000002917 1.000000002917
656 1.640000 1.000000002935 1.000000002935
657 1.642500 1.000000002953 1.000000002953
658 1.645000 1.000000002971 1.000000002971
659 1.647500 1.000000002989 1.000000002989
660 1.650000 1.000000003007 1.000000003007
661 1.652500 1.000000003025 1.000000003025
662 1.655000 1.000000003044 1.000000003044
663 1.657500 1.000000003062 1.000000003062
664 1.660000 1.000000003080 1.000000003080
665 1.662500 1.000000003098 1.000000003098
666 1.665000 1.000000003116 1.000000003116
667 1.667500 1.000000003134 1.000000003134
668 1.670000 1.000000003153 1.000000003153
669 1.672500 1.000000003171 1.000000003171
670 1.675000 1.000000003189 1.000000003189
671 1.677500 1.000000003207 1.000000003207
672 1.680000 1.000000003226 1.000000003226
673 1.682500 1.000000003244 1.000000003244
674 1.685000 1.000000003262 1.000000003262
675 1.687500 1.000000003280 1.000000003280
676 1.690000 1.000000003298 1.000000003298
677 1.692500 1.000000003317 1.000000003317
678 1.695000 1.000000003335 1.000000003335
679 1.697500 1.000000003353 1.000000003353
680 1.700000 1.000000003371 1.000000003371
681 1.702500 1.000000003390 1.000000003390
682 1.705000 1.000000003408 1.000000003408
683 1.707500 1.000000003426 1.000000003426
684 1.710000 1.000000003445 1.000000003445
685 1.712500 1.000000003463 1.000000003463
686 1.715000 1.000000003481 1.000000003481
687 1.717500 1.000000003499 1.000000003499
688 1.720000 1.000000003518 1.000000003518
689 1.722500 1.000000003536 1.000000003536
690 1.725000 1.000000003554 1.000000003554
691 1.727500 1.000000003573 1.000000003573
692 1.730000 1.000000003591 1.000000003591
693 1.732500 1.000000003609 1.000000003609
694 1.735000 1.000000003628 1.000000003628
695 1.737500 1.000000003646 1.000000003646
696 1.740000 1.000000003664 1.000000003664
697 1.742500 1.000000003683 1.000000003683
698 1.745000 1.000000003701 1.000000003701
699 1.747500 1.000000003719 1.000000003719
700 1.750000 1.000000003738 1.000000003738
701 1.752500 1.000000003756 1.000000003756
702 1.755000 1.000000003774 1.000000003774
703 1.757500 1.000000003793 1.000000003793
704 1.760000 1.000000003811 1.000000003811
705 1.762500 1.000000003829 1.000000003829
706 1.765000 1.000000003848 1.000000003848
707 1.767500 1.000000003866 1.000000003866
708 1.770000 1.000000003884 1.000000003884
709 1.772500 1.000000003903 1.000000003903
710 1.775000 1.000000003921 1.000000003921
711 1.777500 1.000000003940 1.000000003940
712 1.780000 1.000000003958 1.000000003958
713 1.782500 1.000000003976 1.000000003976
714 1.785000 1.000000003995 1.000000003995
715 1.787500 1.000000004013 1.000000004013
716 1.790000 1.000000004031 1.000000004031
717 1.792500 1.000000004050 1.000000004050
718 1.795000 1.000000004068 1.000000004068
719 1.797500 1.000000004087 1.000000004087
720 1.800000 1.000000004105 1.000000004105
721 1.802500 1.000000004123 1.000000004123
722 1.805000 1.000000004142 1.000000004142
723 1.807500 1.000000004160 1.000000004160
724 1.810000 1.000000004179 1.000000004179
725 1.812500 1.000000004197 1.000000004197
726 1.815000 1.000000004215 1.000000004215
727 1.817500 1.000000004234 1.000000004234
728 1.820000 1.000000004252 1.000000004252
729 1.822500 1.000000004271 1.000000004271
730 1.825000 1.000000004289 1.000000004289
731 1.827500 1.000000004308 1.000000004308
732 1.830000 1.000000004326 1.000000004326
733 1.832500 1.000000004344 1.000000004344
734 1.835000 1.000000004363 1.000000004363
735 1.837500 1.000000004381 1.000000004381
736 1.840000 1.000000004400 1.000000004400
737 1.842500 1.000000004418 1.000000004418
738 1.845000 1.000000004436 1.000000004436
739 1.847500 1.000000004455 1.000000004455
740 1.850000 1.000000004473 1.000000004473
741 1.852500 1.000000004492 1.000000004492
742 1.855000 1.000000004510 1.000000004510
743 1.857500 1.000000004529 1.000000004529
744 1.860000 1.000000004547 1.000000004547
745 1.862500 1.000000004565 1.000000004565
746 1.865000 1.000000004584 1.000000004584
747 1.867500 1.000000004602 1.000000004602
748 1.870000 1.000000004621 1.000000004621
749 1.872500 1.000000004639 1.000000004639
750 1.875000 1.000000004658 1.000000004658
751 1.877500 1.000000004676 1.000000004676
752 1.880000 1.000000004695 1.000000004695
753 1.882500 1.000000004713 1.000000004713
754 1.885000 1.000000004731 1.000000004731
755 1.887500 1.000000004750 1.000000004750
756 1.890000 1.000000004768 1.000000004768
757 1.892500 1.000000004787 1.000000004787
758 1.895000 1.000000004805 1.000000004805
759 1.897500 1.000000004824 1.000000004824
760 1.900000 1.000000004842 1.000000004842
761 1.902500 1.000000004861 1.000000004861
762 1.905000 1.000000004879 1.000000004879
763 1.907500 1.000000004897 1.000000004897
764 1.910000 1.000000004916 1.000000004916
765 1.912500 1.000000004934 1.000000004934
766 1.915000 1.000000004953 1.000000004953
767 1.917500 1.000000004971 1.000000004971
768 1.920000 1.000000004990 1.000000004990
769 1.922500 1.000000005008 1.000000005008
770 1.925000 1.000000005027 1.000000005027
771 1.927500 1.000000005045 1.000000005045
772 1.930000 1.000000005063 1.000000005063
773 1.932500 1.000000005082 1.000000005082
774 1.935000 1.000000005100 1.000000005100
775 1.937500 1.000000005119 1.000000005119
776 1.940000 1.000000005137 1.000000005137
777 1.942500 1.000000005156 1.000000005156
778 1.945000 1.000000005174 1.000000005174
779 1.947500 1.000000005193 1.000000005193
780 1.950000 1.000000005211 1.000000005211
781 1.952500 1.000000005230 1.000000005230
782 1.955000 1.000000005248 1.000000005248
783 1.957500 1.000000005266 1.000000005266
784 1.960000 1.000000005285 1.000000005285
785 1.962500 1.000000005303 1.000000005303
786 1.965000 1.000000005322 1.000000005322
787 1.967500 1.000000005340 1.000000005340
788 1.970000 1.000000005359 1.000000005359
789 1.972500 1.000000005377 1.000000005377
790 1.975000 1.000000005396 1.000000005396
791 1.977500 1.000000005414 1.000000005414
792 1.980000 1.000000005432 1.000000005432
793 1.982500 1.000000005451 1.000000005451
794 1.985000 1.000000005469 1.000000005469
795 1.987500 1.000000005488 1.000000005488
796 1.990000 1.000000005506 1.000000005506
797 1.992500 1.000000005525 1.000000005525
798 1.995000 1.000000005543 1.000000005543
799 1.997500 1.000000005562 1.000000005562
800 2.000000 1.000000005580 1.000000005580
801 2.002500 1.000000005599 1.000000005599
802 2.005000 1.000000005617 1.000000005617
803 2.007500 1.000000005635 1.000000005635
804 2.010000 1.000000005654 1.000000005654
805 2.012500 1.000000005672 1.000000005672
806 2.015000 1.000000005691 1.000000005691
807 2.017500 1.000000005709 1.000000005709
808 2.020000 1.000000005728 1.000000005728
809 2.022500 1.000000005746 1.000000005746
810 2.025000 1.000000005765 1.000000005765
811 2.027500 1.000000005783 1.000000005783
812 2.030000 1.000000005801 1.000000005801
813 2.032500 1.000000005820 1.000000005820
814 2.035000 1.000000005838 1.000000005838
815 2.037500 1.000000005856 1.000000005856
816 2.040000 1.000000005874 1.000000005874
817 2.042500 1.000000005891 1.000000005891
818 2.045000 1.000000005908 1.000000005908
819 2.047500 1.000000005925 1.000000005925
820 2.050000 1.000000005942 1.000000005942
821 2.052500 1.000000005957 1.000000005957
822 2.055000 1.000000005972 1.000000005972
823 2.057500 1.000000005987 1.000000005987
824 2.060000 1.000000006000 1.000000006000
825 2.062500 1.000000006012 1.000000006012
826 2.065000 1.000000006023 1.000000006023
827 2.067500 1.000000006032 1.000000006032
828 2.070000 1.000000006040 1.000000006040
829 2.072500 1.000000006046 1.000000006046
830 2.075000 1.000000006050 1.000000006050
831 2.077500 1.000000006053 1.000000006053
832 2.080000 1.000000006053 1.000000006053
833 2.082500 1.000000006050 1.000000006050
834 2.085000 1.000000006045 1.000000006045
835 2.087500 1.000000006038 1.000000006038
836 2.090000 1.000000006028 1.000000006028
837 2.092500 1.000000006015 1.000000006015
838 2.095000 1.000000005999 1.000000005999
839 2.097500 1.000000005981 1.000000005981
840 2.100000 1.000000005959 1.000000005959
841 2.102500 1.000000005935 1.000000005935
842 2.105000 1.000000005908 1.000000005908
843 2.107500 1.000000005878 1.000000005878
844 2.110000 1.000000005845 1.000000005845
845 2.112500 1.000000005810 1.000000005810
846 2.115000 1.000000005773 1.000000005773
847 2.117500 1.000000005733 1.000000005733
848 2.120000 1.000000005690 1.000000005690
849 2.122500 1.000000005646 1.000000005646
850 2.125000 1.000000005600 1.000000005600
851 2.127500 1.000000005552 1.000000005552
852 2.130000 1.000000005503 1.000000005503
853 2.132500 1.000000005453 1.000000005453
854 2.135000 1.000000005401 1.000000005401
855 2.137500 1.000000005349 1.000000005349
856 2.140000 1.000000005296 1.000000005296
857 2.142500 1.000000005242 1.000000005242
858 2.145000 1.000000005189 1.000000005189
859 2.147500 1.000000005135 1.000000005135
860 2.150000 1.000000005082 1.000000005082
861 2.152500 1.000000005029 1.000000005029
862 2.155000 1.000000004976 1.000000004976
863 2.157500 1.000000004925 1.000000004925
864 2.160000 1.000000004874 1.000000004874
865 2.162500 1.000000004824 1.000000004824
866 2.165000 1.000000004775 1.000000004775
867 2.167500 1.000000004728 1.000000004728
868 2.170000 1.000000004681 1.000000004681
869 2.172500 1.000000004637 1.000000004637
870 2.175000 1.000000004593 1.000000004593
871 2.177500 1.000000004551 1.000000004551
872 2.180000 1.000000004511 1.000000004511
873 2.182500 1.000000004472 1.000000004472
874 2.185000 1.000000004435 1.000000004435
875 2.187500 1.000000004399 1.000000004399
876 2.190000 1.000000004365 1.000000004365
877 2.192500 1.000000004333 1.000000004333
878 2.195000 1.000000004301 1.000000004301
879 2.197500 1.000000004272 1.000000004272
880 2.200000 1.000000004244 1.000000004244
881 2.202500 1.000000004217 1.000000004217
882 2.205000 1.000000004191 1.000000004191
883 2.207500 1.000000004167 1.000000004167
884 2.210000 1.000000004144 1.000000004144
885 2.212500 1.000000004122 1.000000004122
886 2.215000 1.000000004101 1.000000004101
887 2.217500 1.000000004081 1.000000004081
888 2.220000 1.000000004062 1.000000004062
889 2.222500 1.000000004043 1.000000004043
890 2.225000 1.000000004026 1.000000004026
891 2.227500 1.000000004009 1.000000004009
892 2.230000 1.000000003994 1.000000003994
893 2.232500 1.000000003978 1.000000003978
894 2.235000 1.000000003964 1.000000003964
895 2.237500 1.000000003950 1.000000003950
896 2.240000 1.000000003936 1.000000003936
897 2.242500 1.000000003923 1.000000003923
898 2.245000 1.000000003910 1.000000003910
899 2.247500 1.000000003898 1.000000003898
900 2.250000 1.000000003886 1.000000003886
901 2.252500 1.000000003875 1.000000003875
902 2.255000 1.000000003863 1.000000003863
903 2.257500 1.000000003852 1.000000003852
904 2.260000 1.000000003842 1.000000003842
905 2.262500 1.000000003831 1.000000003831
906 2.265000 1.000000003821 1.000000003821
907 2.267500 1.000000003811 1.000000003811
908 2.270000 1.000000003801 1.000000003801
909 2.272500 1.000000003792 1.000000003792
910 2.275000 1.000000003782 1.000000003782
911 2.277500 1.000000003773 1.000000003773
912 2.280000 1.000000003764 1.000000003764
913 2.282500 1.000000003755 1.000000003755
914 2.285000 1.000000003746 1.000000003746
915 2.287500 1.000000003737 1.000000003737
916 2.290000 1.000000003729 1.000000003729
917 2.292500 1.000000003721 1.000000003721
918 2.295000 1.000000003712 1.000000003712
919 2.297500 1.000000003704 1.000000003704
920 2.300000 1.000000003696 1.000000003696
921 2.302500 1.000000003688 1.000000003688
922 2.305000 1.000000003681 1.000000003681
923 2.307500 1.000000003673 1.000000003673
924 2.310000 1.000000003666 1.000000003666
925 2.312500 1.000000003658 1.000000003658
926 2.315000 1.000000003651 1.000000003651
927 2.317500 1.000000003644 1.000000003644
928 2.320000 1.000000003637 1.000000003637
929 2.322500 1.000000003630 1.000000003630
930 2.325000 1.000000003623 1.000000003623
931 2.327500 1.000000003616 1.000000003616
932 2.330000 1.000000003609 1.000000003609
933 2.332500 1.000000003603 1.000000003603
934 2.335000 1.000000003596 1.000000003596
935 2.337500 1.000000003590 1.000000003590
936 2.340000 1.000000003584 1.000000003584
937 2.342500 1.000000003577 1.000000003577
938 2.345000 1.000000003571 1.000000003571
939 2.347500 1.000000003565 1.000000003565
940 2.350000 1.000000003559 1.000000003559
941 2.352500 1.000000003553 1.000000003553
942 2.355000 1.000000003547 1.000000003547
943 2.357500 1.000000003542 1.000000003542
