# l[10]( l_10(t) ) connection: point5-point11
# n t l_10(t)      l_differential_10(t)
0 0.000000 1.000000000000 1.000000000000
1 0.002500 1.000000000000 1.000000000000
2 0.005000 1.000000000000 1.000000000000
3 0.007500 1.000000000000 1.000000000000
4 0.010000 1.000000000000 1.000000000000
5 0.012500 1.000000000000 1.000000000000
6 0.015000 1.000000000000 1.000000000000
7 0.017500 1.000000000000 1.000000000000
8 0.020000 1.000000000000 1.000000000000
9 0.022500 1.000000000000 1.000000000000
10 0.025000 1.000000000000 1.000000000000
11 0.027500 1.000000000000 1.000000000000
12 0.030000 1.000000000000 1.000000000000
13 0.032500 1.000000000000 1.000000000000
14 0.035000 1.000000000000 1.000000000000
15 0.037500 1.000000000000 1.000000000000
16 0.040000 1.000000000000 1.000000000000
17 0.042500 1.000000000000 1.000000000000
18 0.045000 1.000000000000 1.000000000000
19 0.047500 1.000000000000 1.000000000000
20 0.050000 1.000000000000 1.000000000000
21 0.052500 1.000000000000 1.000000000000
22 0.055000 1.000000000000 1.000000000000
23 0.057500 1.000000000000 1.000000000000
24 0.060000 1.000000000000 1.000000000000
25 0.062500 1.000000000000 1.000000000000
26 0.065000 1.000000000000 1.000000000000
27 0.067500 1.000000000000 1.000000000000
28 0.070000 1.000000000000 1.000000000000
29 0.072500 1.000000000000 1.000000000000
30 0.075000 1.000000000000 1.000000000000
31 0.077500 1.000000000000 1.000000000000
32 0.080000 1.000000000000 1.000000000000
33 0.082500 1.000000000000 1.000000000000
34 0.085000 1.000000000000 1.000000000000
35 0.087500 1.000000000000 1.000000000000
36 0.090000 1.000000000000 1.000000000000
37 0.092500 1.000000000000 1.000000000000
38 0.095000 1.000000000000 1.000000000000
39 0.097500 1.000000000000 1.000000000000
40 0.100000 1.000000000000 1.000000000000
41 0.102500 1.000000000000 1.000000000000
42 0.105000 1.000000000000 1.000000000000
43 0.107500 1.000000000000 1.000000000000
44 0.110000 1.000000000000 1.000000000000
45 0.112500 1.000000000000 1.000000000000
46 0.115000 1.000000000000 1.000000000000
47 0.117500 1.000000000000 1.000000000000
48 0.120000 1.000000000000 1.000000000000
49 0.122500 1.000000000000 1.000000000000
50 0.125000 1.000000000000 1.000000000000
51 0.127500 1.000000000000 1.000000000000
52 0.130000 1.000000000000 1.000000000000
53 0.132500 1.000000000000 1.000000000000
54 0.135000 1.000000000000 1.000000000000
55 0.137500 1.000000000000 1.000000000000
56 0.140000 1.000000000000 1.000000000000
57 0.142500 1.000000000000 1.000000000000
58 0.145000 1.000000000000 1.000000000000
59 0.147500 1.000000000000 1.000000000000
60 0.150000 1.000000000000 1.000000000000
61 0.152500 1.000000000000 1.000000000000
62 0.155000 1.000000000000 1.000000000000
63 0.157500 1.000000000000 1.000000000000
64 0.160000 1.000000000000 1.000000000000
65 0.162500 1.000000000000 1.000000000000
66 0.165000 1.000000000000 1.000000000000
67 0.167500 1.000000000000 1.000000000000
68 0.170000 1.000000000000 1.000000000000
69 0.172500 1.000000000000 1.000000000000
70 0.175000 1.000000000000 1.000000000000
71 0.177500 1.000000000000 1.000000000000
72 0.180000 1.000000000000 1.000000000000
73 0.182500 1.000000000000 1.000000000000
74 0.185000 1.000000000000 1.000000000000
75 0.187500 1.000000000000 1.000000000000
76 0.190000 1.000000000000 1.000000000000
77 0.192500 1.000000000000 1.000000000000
78 0.195000 1.000000000000 1.000000000000
79 0.197500 1.000000000000 1.000000000000
80 0.200000 1.000000000000 1.000000000000
81 0.202500 1.000000000000 1.000000000000
82 0.205000 1.000000000000 1.000000000000
83 0.207500 1.000000000000 1.000000000000
84 0.210000 1.000000000000 1.000000000000
85 0.212500 1.000000000000 1.000000000000
86 0.215000 1.000000000000 1.000000000000
87 0.217500 1.000000000000 1.000000000000
88 0.220000 1.000000000000 1.000000000000
89 0.222500 1.000000000000 1.000000000000
90 0.225000 1.000000000000 1.000000000000
91 0.227500 1.000000000000 1.000000000000
92 0.230000 1.000000000000 1.000000000000
93 0.232500 1.000000000000 1.000000000000
94 0.235000 1.000000000000 1.000000000000
95 0.237500 1.000000000000 1.000000000000
96 0.240000 1.000000000000 1.000000000000
97 0.242500 1.000000000000 1.000000000000
98 0.245000 1.000000000000 1.000000000000
99 0.247500 1.000000000000 1.000000000000
100 0.250000 1.000000000000 1.000000000000
101 0.252500 1.000000000000 1.000000000000
102 0.255000 1.000000000000 1.000000000000
103 0.257500 1.000000000000 1.000000000000
104 0.260000 1.000000000000 1.000000000000
105 0.262500 1.000000000000 1.000000000000
106 0.265000 1.000000000000 1.000000000000
107 0.267500 1.000000000000 1.000000000000
108 0.270000 1.000000000000 1.000000000000
109 0.272500 1.000000000000 1.000000000000
110 0.275000 1.000000000000 1.000000000000
111 0.277500 1.000000000000 1.000000000000
112 0.280000 1.000000000000 1.000000000000
113 0.282500 1.000000000000 1.000000000000
114 0.285000 1.000000000000 1.000000000000
115 0.287500 1.000000000000 1.000000000000
116 0.290000 1.000000000000 1.000000000000
117 0.292500 1.000000000000 1.000000000000
118 0.295000 1.000000000000 1.000000000000
119 0.297500 1.000000000000 1.000000000000
120 0.300000 1.000000000000 1.000000000000
121 0.302500 1.000000000000 1.000000000000
122 0.305000 1.000000000000 1.000000000000
123 0.307500 1.000000000000 1.000000000000
124 0.310000 1.000000000000 1.000000000000
125 0.312500 1.000000000000 1.000000000000
126 0.315000 1.000000000000 1.000000000000
127 0.317500 1.000000000000 1.000000000000
128 0.320000 1.000000000000 1.000000000000
129 0.322500 1.000000000000 1.000000000000
130 0.325000 1.000000000000 1.000000000000
131 0.327500 1.000000000000 1.000000000000
132 0.330000 1.000000000000 1.000000000000
133 0.332500 1.000000000000 1.000000000000
134 0.335000 1.000000000000 1.000000000000
135 0.337500 1.000000000000 1.000000000000
136 0.340000 1.000000000000 1.000000000000
137 0.342500 1.000000000000 1.000000000000
138 0.345000 1.000000000000 1.000000000000
139 0.347500 1.000000000000 1.000000000000
140 0.350000 1.000000000000 1.000000000000
141 0.352500 1.000000000000 1.000000000000
142 0.355000 1.000000000000 1.000000000000
143 0.357500 1.000000000000 1.000000000000
144 0.360000 1.000000000000 1.000000000000
145 0.362500 1.000000000000 1.000000000000
146 0.365000 1.000000000000 1.000000000000
147 0.367500 1.000000000000 1.000000000000
148 0.370000 1.000000000000 1.000000000000
149 0.372500 1.000000000000 1.000000000000
150 0.375000 1.000000000000 1.000000000000
151 0.377500 1.000000000000 1.000000000000
152 0.380000 1.000000000000 1.000000000000
153 0.382500 1.000000000000 1.000000000000
154 0.385000 1.000000000000 1.000000000000
155 0.387500 1.000000000000 1.000000000000
156 0.390000 1.000000000000 1.000000000000
157 0.392500 1.000000000000 1.000000000000
158 0.395000 1.000000000000 1.000000000000
159 0.397500 1.000000000000 1.000000000000
160 0.400000 1.000000000000 1.000000000000
161 0.402500 1.000000000000 1.000000000000
162 0.405000 1.000000000000 1.000000000000
163 0.407500 1.000000000000 1.000000000000
164 0.410000 1.000000000000 1.000000000000
165 0.412500 1.000000000000 1.000000000000
166 0.415000 1.000000000000 1.000000000000
167 0.417500 1.000000000000 1.000000000000
168 0.420000 1.000000000000 1.000000000000
169 0.422500 1.000000000000 1.000000000000
170 0.425000 1.000000000000 1.000000000000
171 0.427500 1.000000000000 1.000000000000
172 0.430000 1.000000000000 1.000000000000
173 0.432500 1.000000000000 1.000000000000
174 0.435000 1.000000000000 1.000000000000
175 0.437500 1.000000000000 1.000000000000
176 0.440000 1.000000000000 1.000000000000
177 0.442500 1.000000000000 1.000000000000
178 0.445000 1.000000000000 1.000000000000
179 0.447500 1.000000000000 1.000000000000
180 0.450000 1.000000000000 1.000000000000
181 0.452500 1.000000000000 1.000000000000
182 0.455000 1.000000000000 1.000000000000
183 0.457500 1.000000000000 1.000000000000
184 0.460000 1.000000000000 1.000000000000
185 0.462500 1.000000000000 1.000000000000
186 0.465000 1.000000000000 1.000000000000
187 0.467500 1.000000000000 1.000000000000
188 0.470000 1.000000000000 1.000000000000
189 0.472500 1.000000000000 1.000000000000
190 0.475000 1.000000000000 1.000000000000
191 0.477500 1.000000000000 1.000000000000
192 0.480000 1.000000000000 1.000000000000
193 0.482500 1.000000000000 1.000000000000
194 0.485000 1.000000000000 1.000000000000
195 0.487500 1.000000000000 1.000000000000
196 0.490000 1.000000000000 1.000000000000
197 0.492500 1.000000000000 1.000000000000
198 0.495000 1.000000000000 1.000000000000
199 0.497500 1.000000000000 1.000000000000
200 0.500000 1.000000000000 1.000000000000
201 0.502500 1.000000000000 1.000000000000
202 0.505000 1.000000000000 1.000000000000
203 0.507500 1.000000000000 1.000000000000
204 0.510000 1.000000000000 1.000000000000
205 0.512500 1.000000000000 1.000000000000
206 0.515000 1.000000000000 1.000000000000
207 0.517500 1.000000000000 1.000000000000
208 0.520000 1.000000000000 1.000000000000
209 0.522500 1.000000000000 1.000000000000
210 0.525000 1.000000000000 1.000000000000
211 0.527500 1.000000000000 1.000000000000
212 0.530000 1.000000000000 1.000000000000
213 0.532500 1.000000000000 1.000000000000
214 0.535000 1.000000000000 1.000000000000
215 0.537500 1.000000000000 1.000000000000
216 0.540000 1.000000000000 1.000000000000
217 0.542500 1.000000000000 1.000000000000
218 0.545000 1.000000000000 1.000000000000
219 0.547500 1.000000000000 1.000000000000
220 0.550000 1.000000000000 1.000000000000
221 0.552500 1.000000000000 1.000000000000
222 0.555000 1.000000000000 1.000000000000
223 0.557500 1.000000000000 1.000000000000
224 0.560000 1.000000000000 1.000000000000
225 0.562500 1.000000000000 1.000000000000
226 0.565000 1.000000000000 1.000000000000
227 0.567500 1.000000000000 1.000000000000
228 0.570000 1.000000000000 1.000000000000
229 0.572500 1.000000000000 1.000000000000
230 0.575000 1.000000000000 1.000000000000
231 0.577500 1.000000000000 1.000000000000
232 0.580000 1.000000000000 1.000000000000
233 0.582500 1.000000000000 1.000000000000
234 0.585000 1.000000000000 1.000000000000
235 0.587500 1.000000000000 1.000000000000
236 0.590000 1.000000000000 1.000000000000
237 0.592500 1.000000000000 1.000000000000
238 0.595000 1.000000000000 1.000000000000
239 0.597500 1.000000000000 1.000000000000
240 0.600000 1.000000000000 1.000000000000
241 0.602500 1.000000000000 1.000000000000
242 0.605000 1.000000000000 1.000000000000
243 0.607500 1.000000000000 1.000000000000
244 0.610000 1.000000000000 1.000000000000
245 0.612500 1.000000000000 1.000000000000
246 0.615000 1.000000000000 1.000000000000
247 0.617500 1.000000000000 1.000000000000
248 0.620000 1.000000000000 1.000000000000
249 0.622500 1.000000000000 1.000000000000
250 0.625000 1.000000000000 1.000000000000
251 0.627500 1.000000000000 1.000000000000
252 0.630000 1.000000000000 1.000000000000
253 0.632500 1.000000000000 1.000000000000
254 0.635000 1.000000000000 1.000000000000
255 0.637500 1.000000000000 1.000000000000
256 0.640000 1.000000000000 1.000000000000
257 0.642500 1.000000000000 1.000000000000
258 0.645000 1.000000000000 1.000000000000
259 0.647500 1.000000000000 1.000000000000
260 0.650000 1.000000000000 1.000000000000
261 0.652500 1.000000000000 1.000000000000
262 0.655000 1.000000000000 1.000000000000
263 0.657500 1.000000000000 1.000000000000
264 0.660000 1.000000000000 1.000000000000
265 0.662500 1.000000000000 1.000000000000
266 0.665000 1.000000000000 1.000000000000
267 0.667500 1.000000000000 1.000000000000
268 0.670000 1.000000000000 1.000000000000
269 0.672500 1.000000000000 1.000000000000
270 0.675000 1.000000000000 1.000000000000
271 0.677500 1.000000000000 1.000000000000
272 0.680000 1.000000000000 1.000000000000
273 0.682500 1.000000000000 1.000000000000
274 0.685000 1.000000000000 1.000000000000
275 0.687500 1.000000000000 1.000000000000
276 0.690000 1.000000000000 1.000000000000
277 0.692500 1.000000000000 1.000000000000
278 0.695000 1.000000000000 1.000000000000
279 0.697500 1.000000000000 1.000000000000
280 0.700000 1.000000000000 1.000000000000
281 0.702500 1.000000000000 1.000000000000
282 0.705000 1.000000000000 1.000000000000
283 0.707500 1.000000000000 1.000000000000
284 0.710000 1.000000000000 1.000000000000
285 0.712500 1.000000000000 1.000000000000
286 0.715000 1.000000000000 1.000000000000
287 0.717500 1.000000000000 1.000000000000
288 0.720000 1.000000000000 1.000000000000
289 0.722500 1.000000000000 1.000000000000
290 0.725000 1.000000000000 1.000000000000
291 0.727500 1.000000000000 1.000000000000
292 0.730000 1.000000000000 1.000000000000
293 0.732500 1.000000000000 1.000000000000
294 0.735000 1.000000000000 1.000000000000
295 0.737500 1.000000000000 1.000000000000
296 0.740000 1.000000000000 1.000000000000
297 0.742500 1.000000000000 1.000000000000
298 0.745000 1.000000000000 1.000000000000
299 0.747500 1.000000000000 1.000000000000
300 0.750000 1.000000000000 1.000000000000
301 0.752500 1.000000000000 1.000000000000
302 0.755000 1.000000000000 1.000000000000
303 0.757500 1.000000000000 1.000000000000
304 0.760000 1.000000000000 1.000000000000
305 0.762500 1.000000000000 1.000000000000
306 0.765000 1.000000000000 1.000000000000
307 0.767500 1.000000000000 1.000000000000
308 0.770000 1.000000000000 1.000000000000
309 0.772500 1.000000000000 1.000000000000
310 0.775000 1.000000000000 1.000000000000
311 0.777500 1.000000000000 1.000000000000
312 0.780000 1.000000000000 1.000000000000
313 0.782500 1.000000000000 1.000000000000
314 0.785000 1.000000000000 1.000000000000
315 0.787500 1.000000000000 1.000000000000
316 0.790000 1.000000000000 1.000000000000
317 0.792500 1.000000000000 1.000000000000
318 0.795000 1.000000000000 1.000000000000
319 0.797500 1.000000000000 1.000000000000
320 0.800000 1.000000000000 1.000000000000
321 0.802500 1.000000000000 1.000000000000
322 0.805000 1.000000000000 1.000000000000
323 0.807500 1.000000000000 1.000000000000
324 0.810000 1.000000000000 1.000000000000
325 0.812500 1.000000000000 1.000000000000
326 0.815000 1.000000000000 1.000000000000
327 0.817500 1.000000000000 1.000000000000
328 0.820000 1.000000000000 1.000000000000
329 0.822500 1.000000000000 1.000000000000
330 0.825000 1.000000000000 1.000000000000
331 0.827500 1.000000000000 1.000000000000
332 0.830000 1.000000000000 1.000000000000
333 0.832500 1.000000000000 1.000000000000
334 0.835000 1.000000000000 1.000000000000
335 0.837500 1.000000000000 1.000000000000
336 0.840000 1.000000000000 1.000000000000
337 0.842500 1.000000000000 1.000000000000
338 0.845000 1.000000000000 1.000000000000
339 0.847500 1.000000000000 1.000000000000
340 0.850000 1.000000000000 1.000000000000
341 0.852500 1.000000000000 1.000000000000
342 0.855000 1.000000000000 1.000000000000
343 0.857500 1.000000000000 1.000000000000
344 0.860000 1.000000000000 1.000000000000
345 0.862500 1.000000000000 1.000000000000
346 0.865000 1.000000000000 1.000000000000
347 0.867500 1.000000000000 1.000000000000
348 0.870000 1.000000000000 1.000000000000
349 0.872500 1.000000000000 1.000000000000
350 0.875000 1.000000000000 1.000000000000
351 0.877500 1.000000000000 1.000000000000
352 0.880000 1.000000000000 1.000000000000
353 0.882500 1.000000000000 1.000000000000
354 0.885000 1.000000000000 1.000000000000
355 0.887500 1.000000000000 1.000000000000
356 0.890000 1.000000000000 1.000000000000
357 0.892500 1.000000000000 1.000000000000
358 0.895000 1.000000000000 1.000000000000
359 0.897500 1.000000000000 1.000000000000
360 0.900000 1.000000000000 1.000000000000
361 0.902500 1.000000000000 1.000000000000
362 0.905000 1.000000000000 1.000000000000
363 0.907500 1.000000000000 1.000000000000
364 0.910000 1.000000000000 1.000000000000
365 0.912500 1.000000000000 1.000000000000
366 0.915000 1.000000000000 1.000000000000
367 0.917500 1.000000000000 1.000000000000
368 0.920000 1.000000000000 1.000000000000
369 0.922500 1.000000000000 1.000000000000
370 0.925000 1.000000000000 1.000000000000
371 0.927500 1.000000000000 1.000000000000
372 0.930000 1.000000000000 1.000000000000
373 0.932500 1.000000000000 1.000000000000
374 0.935000 1.000000000000 1.000000000000
375 0.937500 1.000000000000 1.000000000000
376 0.940000 1.000000000000 1.000000000000
377 0.942500 1.000000000000 1.000000000000
378 0.945000 1.000000000000 1.000000000000
379 0.947500 1.000000000000 1.000000000000
380 0.950000 1.000000000000 1.000000000000
381 0.952500 1.000000000000 1.000000000000
382 0.955000 1.000000000000 1.000000000000
383 0.957500 1.000000000000 1.000000000000
384 0.960000 1.000000000000 1.000000000000
385 0.962500 1.000000000000 1.000000000000
386 0.965000 1.000000000000 1.000000000000
387 0.967500 1.000000000000 1.000000000000
388 0.970000 1.000000000000 1.000000000000
389 0.972500 1.000000000000 1.000000000000
390 0.975000 1.000000000000 1.000000000000
391 0.977500 1.000000000000 1.000000000000
392 0.980000 1.000000000000 1.000000000000
393 0.982500 1.000000000000 1.000000000000
394 0.985000 1.000000000000 1.000000000000
395 0.987500 1.000000000000 1.000000000000
396 0.990000 1.000000000000 1.000000000000
397 0.992500 1.000000000000 1.000000000000
398 0.995000 1.000000000000 1.000000000000
399 0.997500 1.000000000000 1.000000000000
400 1.000000 1.000000000000 1.000000000000
401 1.002500 1.000000000000 1.000000000000
402 1.005000 1.000000000000 1.000000000000
403 1.007500 1.000000000000 1.000000000000
404 1.010000 1.000000000000 1.000000000000
405 1.012500 1.000000000000 1.000000000000
406 1.015000 1.000000000000 1.000000000000
407 1.017500 1.000000000000 1.000000000000
408 1.020000 1.000000000000 1.000000000000
409 1.022500 1.000000000000 1.000000000000
410 1.025000 1.000000000000 1.000000000000
411 1.027500 1.000000000000 1.000000000000
412 1.030000 1.000000000000 1.000000000000
413 1.032500 1.000000000000 1.000000000000
414 1.035000 1.000000000000 1.000000000000
415 1.037500 1.000000000000 1.000000000000
416 1.040000 1.000000000000 1.000000000000
417 1.042500 1.000000000000 1.000000000000
418 1.045000 1.000000000000 1.000000000000
419 1.047500 1.000000000000 1.000000000000
420 1.050000 1.000000000000 1.000000000000
421 1.052500 1.000000000000 1.000000000000
422 1.055000 1.000000000000 1.000000000000
423 1.057500 1.000000000000 1.000000000000
424 1.060000 1.000000000000 1.000000000000
425 1.062500 1.000000000000 1.000000000000
426 1.065000 1.000000000000 1.000000000000
427 1.067500 1.000000000000 1.000000000000
428 1.070000 1.000000000000 1.000000000000
429 1.072500 1.000000000000 1.000000000000
430 1.075000 1.000000000000 1.000000000000
431 1.077500 1.000000000000 1.000000000000
432 1.080000 1.000000000000 1.000000000000
433 1.082500 1.000000000000 1.000000000000
434 1.085000 1.000000000000 1.000000000000
435 1.087500 1.000000000000 1.000000000000
436 1.090000 1.000000000000 1.000000000000
437 1.092500 1.000000000000 1.000000000000
438 1.095000 1.000000000000 1.000000000000
439 1.097500 1.000000000000 1.000000000000
440 1.100000 1.000000000000 1.000000000000
441 1.102500 1.000000000000 1.000000000000
442 1.105000 1.000000000000 1.000000000000
443 1.107500 1.000000000000 1.000000000000
444 1.110000 1.000000000000 1.000000000000
445 1.112500 1.000000000000 1.000000000000
446 1.115000 1.000000000000 1.000000000000
447 1.117500 1.000000000000 1.000000000000
448 1.120000 1.000000000000 1.000000000000
449 1.122500 1.000000000000 1.000000000000
450 1.125000 1.000000000000 1.000000000000
451 1.127500 1.000000000000 1.000000000000
452 1.130000 1.000000000000 1.000000000000
453 1.132500 1.000000000000 1.000000000000
454 1.135000 1.000000000000 1.000000000000
455 1.137500 1.000000000000 1.000000000000
456 1.140000 1.000000000000 1.000000000000
457 1.142500 1.000000000000 1.000000000000
458 1.145000 1.000000000000 1.000000000000
459 1.147500 1.000000000000 1.000000000000
460 1.150000 1.000000000000 1.000000000000
461 1.152500 1.000000000000 1.000000000000
462 1.155000 1.000000000000 1.000000000000
463 1.157500 1.000000000000 1.000000000000
464 1.160000 1.000000000000 1.000000000000
465 1.162500 1.000000000000 1.000000000000
466 1.165000 1.000000000000 1.000000000000
467 1.167500 1.000000000000 1.000000000000
468 1.170000 1.000000000000 1.000000000000
469 1.172500 1.000000000001 1.000000000001
470 1.175000 1.000000000001 1.000000000001
471 1.177500 1.000000000001 1.000000000001
472 1.180000 1.000000000001 1.000000000001
473 1.182500 1.000000000001 1.000000000001
474 1.185000 1.000000000001 1.000000000001
475 1.187500 1.000000000002 1.000000000002
476 1.190000 1.000000000002 1.000000000002
477 1.192500 1.000000000002 1.000000000002
478 1.195000 1.000000000002 1.000000000002
479 1.197500 1.000000000003 1.000000000003
480 1.200000 1.000000000003 1.000000000003
481 1.202500 1.000000000004 1.000000000004
482 1.205000 1.000000000004 1.000000000004
483 1.207500 1.000000000005 1.000000000005
484 1.210000 1.000000000006 1.000000000006
485 1.212500 1.000000000006 1.000000000006
486 1.215000 1.000000000007 1.000000000007
487 1.217500 1.000000000008 1.000000000008
488 1.220000 1.000000000009 1.000000000009
489 1.222500 1.000000000010 1.000000000010
490 1.225000 1.000000000011 1.000000000011
491 1.227500 1.000000000012 1.000000000012
492 1.230000 1.000000000013 1.000000000013
493 1.232500 1.000000000015 1.000000000015
494 1.235000 1.000000000016 1.000000000016
495 1.237500 1.000000000018 1.000000000018
496 1.240000 1.000000000019 1.000000000019
497 1.242500 1.000000000021 1.000000000021
498 1.245000 1.000000000023 1.000000000023
499 1.247500 1.000000000025 1.000000000025
500 1.250000 1.000000000027 1.000000000027
501 1.252500 1.000000000030 1.000000000030
502 1.255000 1.000000000032 1.000000000032
503 1.257500 1.000000000034 1.000000000034
504 1.260000 1.000000000037 1.000000000037
505 1.262500 1.000000000040 1.000000000040
506 1.265000 1.000000000043 1.000000000043
507 1.267500 1.000000000046 1.000000000046
508 1.270000 1.000000000049 1.000000000049
509 1.272500 1.000000000052 1.000000000052
510 1.275000 1.000000000056 1.000000000056
511 1.277500 1.000000000059 1.000000000059
512 1.280000 1.000000000063 1.000000000063
513 1.282500 1.000000000067 1.000000000067
514 1.285000 1.000000000071 1.000000000071
515 1.287500 1.000000000075 1.000000000075
516 1.290000 1.000000000079 1.000000000079
517 1.292500 1.000000000083 1.000000000083
518 1.295000 1.000000000088 1.000000000088
519 1.297500 1.000000000092 1.000000000092
520 1.300000 1.000000000097 1.000000000097
521 1.302500 1.000000000102 1.000000000102
522 1.305000 1.000000000107 1.000000000107
523 1.307500 1.000000000112 1.000000000112
524 1.310000 1.000000000117 1.000000000117
525 1.312500 1.000000000123 1.000000000123
526 1.315000 1.000000000129 1.000000000129
527 1.317500 1.000000000134 1.000000000134
528 1.320000 1.000000000140 1.000000000140
529 1.322500 1.000000000146 1.000000000146
530 1.325000 1.000000000152 1.000000000152
531 1.327500 1.000000000158 1.000000000158
532 1.330000 1.000000000165 1.000000000165
533 1.332500 1.000000000171 1.000000000171
534 1.335000 1.000000000178 1.000000000178
535 1.337500 1.000000000185 1.000000000185
536 1.340000 1.000000000192 1.000000000192
537 1.342500 1.000000000199 1.000000000199
538 1.345000 1.000000000206 1.000000000206
539 1.347500 1.000000000213 1.000000000213
540 1.350000 1.000000000220 1.000000000220
541 1.352500 1.000000000228 1.000000000228
542 1.355000 1.000000000236 1.000000000236
543 1.357500 1.000000000243 1.000000000243
544 1.360000 1.000000000251 1.000000000251
545 1.362500 1.000000000259 1.000000000259
546 1.365000 1.000000000268 1.000000000268
547 1.367500 1.000000000276 1.000000000276
548 1.370000 1.000000000284 1.000000000284
549 1.372500 1.000000000293 1.000000000293
550 1.375000 1.000000000301 1.000000000301
551 1.377500 1.000000000310 1.000000000310
552 1.380000 1.000000000319 1.000000000319
553 1.382500 1.000000000328 1.000000000328
554 1.385000 1.000000000337 1.000000000337
555 1.387500 1.000000000346 1.000000000346
556 1.390000 1.000000000356 1.000000000356
557 1.392500 1.000000000365 1.000000000365
558 1.395000 1.000000000375 1.000000000375
559 1.397500 1.000000000384 1.000000000384
560 1.400000 1.000000000394 1.000000000394
561 1.402500 1.000000000404 1.000000000404
562 1.405000 1.000000000414 1.000000000414
563 1.407500 1.000000000424 1.000000000424
564 1.410000 1.000000000434 1.000000000434
565 1.412500 1.000000000444 1.000000000444
566 1.415000 1.000000000455 1.000000000455
567 1.417500 1.000000000465 1.000000000465
568 1.420000 1.000000000476 1.000000000476
569 1.422500 1.000000000487 1.000000000487
570 1.425000 1.000000000497 1.000000000497
571 1.427500 1.000000000508 1.000000000508
572 1.430000 1.000000000519 1.000000000519
573 1.432500 1.000000000530 1.000000000530
574 1.435000 1.000000000542 1.000000000542
575 1.437500 1.000000000553 1.000000000553
576 1.440000 1.000000000564 1.000000000564
577 1.442500 1.000000000576 1.000000000576
578 1.445000 1.000000000587 1.000000000587
579 1.447500 1.000000000599 1.000000000599
580 1.450000 1.000000000611 1.000000000611
581 1.452500 1.000000000622 1.000000000622
582 1.455000 1.000000000634 1.000000000634
583 1.457500 1.000000000646 1.000000000646
584 1.460000 1.000000000658 1.000000000658
585 1.462500 1.000000000671 1.000000000671
586 1.465000 1.000000000683 1.000000000683
587 1.467500 1.000000000695 1.000000000695
588 1.470000 1.000000000708 1.000000000708
589 1.472500 1.000000000720 1.000000000720
590 1.475000 1.000000000733 1.000000000733
591 1.477500 1.000000000745 1.000000000745
592 1.480000 1.000000000758 1.000000000758
593 1.482500 1.000000000771 1.000000000771
594 1.485000 1.000000000784 1.000000000784
595 1.487500 1.000000000797 1.000000000797
596 1.490000 1.000000000810 1.000000000810
597 1.492500 1.000000000823 1.000000000823
598 1.495000 1.000000000836 1.000000000836
599 1.497500 1.000000000849 1.000000000849
600 1.500000 1.000000000862 1.000000000862
601 1.502500 1.000000000876 1.000000000876
602 1.505000 1.000000000889 1.000000000889
603 1.507500 1.000000000903 1.000000000903
604 1.510000 1.000000000916 1.000000000916
605 1.512500 1.000000000930 1.000000000930
606 1.515000 1.000000000944 1.000000000944
607 1.517500 1.000000000957 1.000000000957
608 1.520000 1.000000000971 1.000000000971
609 1.522500 1.000000000985 1.000000000985
610 1.525000 1.000000000999 1.000000000999
611 1.527500 1.000000001013 1.000000001013
612 1.530000 1.000000001027 1.000000001027
613 1.532500 1.000000001041 1.000000001041
614 1.535000 1.000000001055 1.000000001055
615 1.537500 1.000000001070 1.000000001070
616 1.540000 1.000000001084 1.000000001084
617 1.542500 1.000000001098 1.000000001098
618 1.545000 1.000000001113 1.000000001113
619 1.547500 1.000000001127 1.000000001127
620 1.550000 1.000000001142 1.000000001142
621 1.552500 1.000000001156 1.000000001156
622 1.555000 1.000000001171 1.000000001171
623 1.557500 1.000000001185 1.000000001185
624 1.560000 1.000000001200 1.000000001200
625 1.562500 1.000000001215 1.000000001215
626 1.565000 1.000000001230 1.000000001230
627 1.567500 1.000000001244 1.000000001244
628 1.570000 1.000000001259 1.000000001259
629 1.572500 1.000000001274 1.000000001274
630 1.575000 1.000000001289 1.000000001289
631 1.577500 1.000000001304 1.000000001304
632 1.580000 1.000000001319 1.000000001319
633 1.582500 1.000000001334 1.000000001334
634 1.585000 1.000000001350 1.000000001350
635 1.587500 1.000000001365 1.000000001365
636 1.590000 1.000000001380 1.000000001380
637 1.592500 1.000000001395 1.000000001395
638 1.595000 1.000000001411 1.000000001411
639 1.597500 1.000000001426 1.000000001426
640 1.600000 1.000000001441 1.000000001441
641 1.602500 1.000000001457 1.000000001457
642 1.605000 1.000000001472 1.000000001472
643 1.607500 1.000000001488 1.000000001488
644 1.610000 1.000000001503 1.000000001503
645 1.612500 1.000000001519 1.000000001519
646 1.615000 1.000000001535 1.000000001535
647 1.617500 1.000000001550 1.000000001550
648 1.620000 1.000000001566 1.000000001566
649 1.622500 1.000000001582 1.000000001582
650 1.625000 1.000000001597 1.000000001597
651 1.627500 1.000000001613 1.000000001613
652 1.630000 1.000000001629 1.000000001629
653 1.632500 1.000000001645 1.000000001645
654 1.635000 1.000000001661 1.000000001661
655 1.637500 1.000000001677 1.000000001677
656 1.640000 1.000000001693 1.000000001693
657 1.642500 1.000000001709 1.000000001709
658 1.645000 1.000000001725 1.000000001725
659 1.647500 1.000000001741 1.000000001741
660 1.650000 1.000000001757 1.000000001757
661 1.652500 1.000000001773 1.000000001773
662 1.655000 1.000000001789 1.000000001789
663 1.657500 1.000000001805 1.000000001805
664 1.660000 1.000000001821 1.000000001821
665 1.662500 1.000000001838 1.000000001838
666 1.665000 1.000000001854 1.000000001854
667 1.667500 1.000000001870 1.000000001870
668 1.670000 1.000000001886 1.000000001886
669 1.672500 1.000000001903 1.000000001903
670 1.675000 1.000000001919 1.000000001919
671 1.677500 1.000000001935 1.000000001935
672 1.680000 1.000000001952 1.000000001952
673 1.682500 1.000000001968 1.000000001968
674 1.685000 1.000000001984 1.000000001984
675 1.687500 1.000000002001 1.000000002001
676 1.690000 1.000000002017 1.000000002017
677 1.692500 1.000000002034 1.000000002034
678 1.695000 1.000000002050 1.000000002050
679 1.697500 1.000000002067 1.000000002067
680 1.700000 1.000000002083 1.000000002083
681 1.702500 1.000000002100 1.000000002100
682 1.705000 1.000000002117 1.000000002117
683 1.707500 1.000000002133 1.000000002133
684 1.710000 1.000000002150 1.000000002150
685 1.712500 1.000000002166 1.000000002166
686 1.715000 1.000000002183 1.000000002183
687 1.717500 1.000000002200 1.000000002200
688 1.720000 1.000000002216 1.000000002216
689 1.722500 1.000000002233 1.000000002233
690 1.725000 1.000000002250 1.000000002250
691 1.727500 1.000000002267 1.000000002267
692 1.730000 1.000000002283 1.000000002283
693 1.732500 1.000000002300 1.000000002300
694 1.735000 1.000000002317 1.000000002317
695 1.737500 1.000000002334 1.000000002334
696 1.740000 1.000000002350 1.000000002350
697 1.742500 1.000000002367 1.000000002367
698 1.745000 1.000000002384 1.000000002384
699 1.747500 1.000000002401 1.000000002401
700 1.750000 1.000000002418 1.000000002418
701 1.752500 1.000000002435 1.000000002435
702 1.755000 1.000000002452 1.000000002452
703 1.757500 1.000000002469 1.000000002469
704 1.760000 1.000000002486 1.000000002486
705 1.762500 1.000000002502 1.000000002502
706 1.765000 1.000000002519 1.000000002519
707 1.767500 1.000000002536 1.000000002536
708 1.770000 1.000000002553 1.000000002553
709 1.772500 1.000000002570 1.000000002570
710 1.775000 1.000000002587 1.000000002587
711 1.777500 1.000000002604 1.000000002604
712 1.780000 1.000000002621 1.000000002621
713 1.782500 1.000000002638 1.000000002638
714 1.785000 1.000000002655 1.000000002655
715 1.787500 1.000000002673 1.000000002673
716 1.790000 1.000000002690 1.000000002690
717 1.792500 1.000000002707 1.000000002707
718 1.795000 1.000000002724 1.000000002724
719 1.797500 1.000000002741 1.000000002741
720 1.800000 1.000000002758 1.000000002758
721 1.802500 1.000000002775 1.000000002775
722 1.805000 1.000000002792 1.000000002792
723 1.807500 1.000000002809 1.000000002809
724 1.810000 1.000000002826 1.000000002826
725 1.812500 1.000000002844 1.000000002844
726 1.815000 1.000000002861 1.000000002861
727 1.817500 1.000000002878 1.000000002878
728 1.820000 1.000000002895 1.000000002895
729 1.822500 1.000000002912 1.000000002912
730 1.825000 1.000000002929 1.000000002929
731 1.827500 1.000000002947 1.000000002947
732 1.830000 1.000000002964 1.000000002964
733 1.832500 1.000000002981 1.000000002981
734 1.835000 1.000000002998 1.000000002998
735 1.837500 1.000000003016 1.000000003016
736 1.840000 1.000000003033 1.000000003033
737 1.842500 1.000000003050 1.000000003050
738 1.845000 1.000000003067 1.000000003067
739 1.847500 1.000000003084 1.000000003084
740 1.850000 1.000000003102 1.000000003102
741 1.852500 1.000000003119 1.000000003119
742 1.855000 1.000000003136 1.000000003136
743 1.857500 1.000000003154 1.000000003154
744 1.860000 1.000000003171 1.000000003171
745 1.862500 1.000000003188 1.000000003188
746 1.865000 1.000000003205 1.000000003205
747 1.867500 1.000000003223 1.000000003223
748 1.870000 1.000000003240 1.000000003240
749 1.872500 1.000000003257 1.000000003257
750 1.875000 1.000000003275 1.000000003275
751 1.877500 1.000000003292 1.000000003292
752 1.880000 1.000000003309 1.000000003309
753 1.882500 1.000000003327 1.000000003327
754 1.885000 1.000000003344 1.000000003344
755 1.887500 1.000000003361 1.000000003361
756 1.890000 1.000000003379 1.000000003379
757 1.892500 1.000000003396 1.000000003396
758 1.895000 1.000000003413 1.000000003413
759 1.897500 1.000000003431 1.000000003431
760 1.900000 1.000000003448 1.000000003448
761 1.902500 1.000000003465 1.000000003465
762 1.905000 1.000000003483 1.000000003483
763 1.907500 1.000000003500 1.000000003500
764 1.910000 1.000000003517 1.000000003517
765 1.912500 1.000000003535 1.000000003535
766 1.915000 1.000000003552 1.000000003552
767 1.917500 1.000000003570 1.000000003570
768 1.920000 1.000000003587 1.000000003587
769 1.922500 1.000000003604 1.000000003604
770 1.925000 1.000000003622 1.000000003622
771 1.927500 1.000000003639 1.000000003639
772 1.930000 1.000000003656 1.000000003656
773 1.932500 1.000000003674 1.000000003674
774 1.935000 1.000000003691 1.000000003691
775 1.937500 1.000000003709 1.000000003709
776 1.940000 1.000000003726 1.000000003726
777 1.942500 1.000000003743 1.000000003743
778 1.945000 1.000000003761 1.000000003761
779 1.947500 1.000000003778 1.000000003778
780 1.950000 1.000000003796 1.000000003796
781 1.952500 1.000000003813 1.000000003813
782 1.955000 1.000000003831 1.000000003831
783 1.957500 1.000000003848 1.000000003848
784 1.960000 1.000000003865 1.000000003865
785 1.962500 1.000000003883 1.000000003883
786 1.965000 1.000000003900 1.000000003900
787 1.967500 1.000000003918 1.000000003918
788 1.970000 1.000000003935 1.000000003935
789 1.972500 1.000000003952 1.000000003952
790 1.975000 1.000000003970 1.000000003970
791 1.977500 1.000000003987 1.000000003987
792 1.980000 1.000000004005 1.000000004005
793 1.982500 1.000000004022 1.000000004022
794 1.985000 1.000000004040 1.000000004040
795 1.987500 1.000000004057 1.000000004057
796 1.990000 1.000000004075 1.000000004075
797 1.992500 1.000000004092 1.000000004092
798 1.995000 1.000000004109 1.000000004109
799 1.997500 1.000000004127 1.000000004127
800 2.000000 1.000000004144 1.000000004144
801 2.002500 1.000000004162 1.000000004162
802 2.005000 1.000000004179 1.000000004179
803 2.007500 1.000000004197 1.000000004197
804 2.010000 1.000000004214 1.000000004214
805 2.012500 1.000000004232 1.000000004232
806 2.015000 1.000000004249 1.000000004249
807 2.017500 1.000000004266 1.000000004266
808 2.020000 1.000000004284 1.000000004284
809 2.022500 1.000000004301 1.000000004301
810 2.025000 1.000000004319 1.000000004319
811 2.027500 1.000000004336 1.000000004336
812 2.030000 1.000000004354 1.000000004354
813 2.032500 1.000000004371 1.000000004371
814 2.035000 1.000000004389 1.000000004389
815 2.037500 1.000000004406 1.000000004406
816 2.040000 1.000000004424 1.000000004424
817 2.042500 1.000000004441 1.000000004441
818 2.045000 1.000000004459 1.000000004459
819 2.047500 1.000000004476 1.000000004476
820 2.050000 1.000000004493 1.000000004493
821 2.052500 1.000000004511 1.000000004511
822 2.055000 1.000000004528 1.000000004528
823 2.057500 1.000000004546 1.000000004546
824 2.060000 1.000000004563 1.000000004563
825 2.062500 1.000000004581 1.000000004581
826 2.065000 1.000000004598 1.000000004598
827 2.067500 1.000000004616 1.000000004616
828 2.070000 1.000000004633 1.000000004633
829 2.072500 1.000000004650 1.000000004650
830 2.075000 1.000000004668 1.000000004668
831 2.077500 1.000000004685 1.000000004685
832 2.080000 1.000000004703 1.000000004703
833 2.082500 1.000000004720 1.000000004720
834 2.085000 1.000000004737 1.000000004737
835 2.087500 1.000000004755 1.000000004755
836 2.090000 1.000000004772 1.000000004772
837 2.092500 1.000000004789 1.000000004789
838 2.095000 1.000000004806 1.000000004806
839 2.097500 1.000000004823 1.000000004823
840 2.100000 1.000000004840 1.000000004840
841 2.102500 1.000000004857 1.000000004857
842 2.105000 1.000000004874 1.000000004874
843 2.107500 1.000000004890 1.000000004890
844 2.110000 1.000000004907 1.000000004907
845 2.112500 1.000000004923 1.000000004923
846 2.115000 1.000000004939 1.000000004939
847 2.117500 1.000000004955 1.000000004955
848 2.120000 1.000000004970 1.000000004970
849 2.122500 1.000000004985 1.000000004985
850 2.125000 1.000000005000 1.000000005000
851 2.127500 1.000000005015 1.000000005015
852 2.130000 1.000000005029 1.000000005029
853 2.132500 1.000000005043 1.000000005043
854 2.135000 1.000000005056 1.000000005056
855 2.137500 1.000000005069 1.000000005069
856 2.140000 1.000000005082 1.000000005082
857 2.142500 1.000000005093 1.000000005093
858 2.145000 1.000000005105 1.000000005105
859 2.147500 1.000000005115 1.000000005115
860 2.150000 1.000000005125 1.000000005125
861 2.152500 1.000000005135 1.000000005135
862 2.155000 1.000000005143 1.000000005143
863 2.157500 1.000000005151 1.000000005151
864 2.160000 1.000000005158 1.000000005158
865 2.162500 1.000000005165 1.000000005165
866 2.165000 1.000000005170 1.000000005170
867 2.167500 1.000000005175 1.000000005175
868 2.170000 1.000000005179 1.000000005179
869 2.172500 1.000000005182 1.000000005182
870 2.175000 1.000000005184 1.000000005184
871 2.177500 1.000000005185 1.000000005185
872 2.180000 1.000000005185 1.000000005185
873 2.182500 1.000000005185 1.000000005185
874 2.185000 1.000000005183 1.000000005183
875 2.187500 1.000000005181 1.000000005181
876 2.190000 1.000000005177 1.000000005177
877 2.192500 1.000000005173 1.000000005173
878 2.195000 1.000000005168 1.000000005168
879 2.197500 1.000000005162 1.000000005162
880 2.200000 1.000000005155 1.000000005155
881 2.202500 1.000000005148 1.000000005148
882 2.205000 1.000000005139 1.000000005139
883 2.207500 1.000000005130 1.000000005130
884 2.210000 1.000000005120 1.000000005120
885 2.212500 1.000000005109 1.000000005109
886 2.215000 1.000000005098 1.000000005098
887 2.217500 1.000000005086 1.000000005086
888 2.220000 1.000000005073 1.000000005073
889 2.222500 1.000000005060 1.000000005060
890 2.225000 1.000000005046 1.000000005046
891 2.227500 1.000000005031 1.000000005031
892 2.230000 1.000000005016 1.000000005016
893 2.232500 1.000000005001 1.000000005001
894 2.235000 1.000000004985 1.000000004985
895 2.237500 1.000000004969 1.000000004969
896 2.240000 1.000000004952 1.000000004952
897 2.242500 1.000000004935 1.000000004935
898 2.245000 1.000000004918 1.000000004918
899 2.247500 1.000000004901 1.000000004901
900 2.250000 1.000000004883 1.000000004883
901 2.252500 1.000000004865 1.000000004865
902 2.255000 1.000000004847 1.000000004847
903 2.257500 1.000000004829 1.000000004829
904 2.260000 1.000000004811 1.000000004811
905 2.262500 1.000000004793 1.000000004793
906 2.265000 1.000000004775 1.000000004775
907 2.267500 1.000000004756 1.000000004756
908 2.270000 1.000000004738 1.000000004738
909 2.272500 1.000000004720 1.000000004720
910 2.275000 1.000000004701 1.000000004701
911 2.277500 1.000000004683 1.000000004683
912 2.280000 1.000000004665 1.000000004665
913 2.282500 1.000000004647 1.000000004647
914 2.285000 1.000000004629 1.000000004629
915 2.287500 1.000000004611 1.000000004611
916 2.290000 1.000000004593 1.000000004593
917 2.292500 1.000000004575 1.000000004575
918 2.295000 1.000000004558 1.000000004558
919 2.297500 1.000000004540 1.000000004540
920 2.300000 1.000000004523 1.000000004523
921 2.302500 1.000000004506 1.000000004506
922 2.305000 1.000000004489 1.000000004489
923 2.307500 1.000000004472 1.000000004472
924 2.310000 1.000000004455 1.000000004455
925 2.312500 1.000000004439 1.000000004439
926 2.315000 1.000000004422 1.000000004422
927 2.317500 1.000000004406 1.000000004406
928 2.320000 1.000000004390 1.000000004390
929 2.322500 1.000000004374 1.000000004374
930 2.325000 1.000000004358 1.000000004358
931 2.327500 1.000000004342 1.000000004342
932 2.330000 1.000000004327 1.000000004327
933 2.332500 1.000000004312 1.000000004312
934 2.335000 1.000000004296 1.000000004296
935 2.337500 1.000000004281 1.000000004281
936 2.340000 1.000000004266 1.000000004266
937 2.342500 1.000000004252 1.000000004252
938 2.345000 1.000000004237 1.000000004237
939 2.347500 1.000000004222 1.000000004222
940 2.350000 1.000000004208 1.000000004208
941 2.352500 1.000000004194 1.000000004194
942 2.355000 1.000000004180 1.000000004180
943 2.357500 1.000000004166 1.000000004166
