# l[3]( l_3(t) ) connection: point1-point7
# n t l_3(t)      l_differential_3(t)
0 0.000000 1.000000000000 1.000000000000
1 0.002500 1.000000000000 1.000000000000
2 0.005000 1.000000000000 1.000000000000
3 0.007500 1.000000000000 1.000000000000
4 0.010000 1.000000000000 1.000000000000
5 0.012500 1.000000000000 1.000000000000
6 0.015000 1.000000000000 1.000000000000
7 0.017500 1.000000000000 1.000000000000
8 0.020000 1.000000000000 1.000000000000
9 0.022500 1.000000000000 1.000000000000
10 0.025000 1.000000000000 1.000000000000
11 0.027500 1.000000000000 1.000000000000
12 0.030000 1.000000000000 1.000000000000
13 0.032500 1.000000000000 1.000000000000
14 0.035000 1.000000000000 1.000000000000
15 0.037500 1.000000000000 1.000000000000
16 0.040000 1.000000000000 1.000000000000
17 0.042500 1.000000000000 1.000000000000
18 0.045000 1.000000000000 1.000000000000
19 0.047500 1.000000000000 1.000000000000
20 0.050000 1.000000000000 1.000000000000
21 0.052500 1.000000000000 1.000000000000
22 0.055000 1.000000000000 1.000000000000
23 0.057500 1.000000000000 1.000000000000
24 0.060000 1.000000000000 1.000000000000
25 0.062500 1.000000000000 1.000000000000
26 0.065000 1.000000000000 1.000000000000
27 0.067500 1.000000000000 1.000000000000
28 0.070000 1.000000000000 1.000000000000
29 0.072500 1.000000000000 1.000000000000
30 0.075000 1.000000000000 1.000000000000
31 0.077500 1.000000000000 1.000000000000
32 0.080000 1.000000000000 1.000000000000
33 0.082500 1.000000000000 1.000000000000
34 0.085000 1.000000000000 1.000000000000
35 0.087500 1.000000000000 1.000000000000
36 0.090000 1.000000000000 1.000000000000
37 0.092500 1.000000000000 1.000000000000
38 0.095000 1.000000000000 1.000000000000
39 0.097500 1.000000000000 1.000000000000
40 0.100000 1.000000000000 1.000000000000
41 0.102500 1.000000000000 1.000000000000
42 0.105000 1.000000000000 1.000000000000
43 0.107500 1.000000000000 1.000000000000
44 0.110000 1.000000000000 1.000000000000
45 0.112500 1.000000000000 1.000000000000
46 0.115000 1.000000000000 1.000000000000
47 0.117500 1.000000000000 1.000000000000
48 0.120000 1.000000000000 1.000000000000
49 0.122500 1.000000000000 1.000000000000
50 0.125000 1.000000000000 1.000000000000
51 0.127500 1.000000000000 1.000000000000
52 0.130000 1.000000000000 1.000000000000
53 0.132500 1.000000000000 1.000000000000
54 0.135000 1.000000000000 1.000000000000
55 0.137500 1.000000000000 1.000000000000
56 0.140000 1.000000000000 1.000000000000
57 0.142500 1.000000000000 1.000000000000
58 0.145000 1.000000000000 1.000000000000
59 0.147500 1.000000000000 1.000000000000
60 0.150000 1.000000000000 1.000000000000
61 0.152500 1.000000000000 1.000000000000
62 0.155000 1.000000000000 1.000000000000
63 0.157500 1.000000000000 1.000000000000
64 0.160000 1.000000000000 1.000000000000
65 0.162500 1.000000000000 1.000000000000
66 0.165000 1.000000000000 1.000000000000
67 0.167500 1.000000000000 1.000000000000
68 0.170000 1.000000000000 1.000000000000
69 0.172500 1.000000000000 1.000000000000
70 0.175000 1.000000000000 1.000000000000
71 0.177500 1.000000000000 1.000000000000
72 0.180000 1.000000000000 1.000000000000
73 0.182500 1.000000000000 1.000000000000
74 0.185000 1.000000000000 1.000000000000
75 0.187500 1.000000000000 1.000000000000
76 0.190000 1.000000000000 1.000000000000
77 0.192500 1.000000000000 1.000000000000
78 0.195000 1.000000000000 1.000000000000
79 0.197500 1.000000000000 1.000000000000
80 0.200000 1.000000000000 1.000000000000
81 0.202500 1.000000000000 1.000000000000
82 0.205000 1.000000000000 1.000000000000
83 0.207500 1.000000000000 1.000000000000
84 0.210000 1.000000000000 1.000000000000
85 0.212500 1.000000000000 1.000000000000
86 0.215000 1.000000000000 1.000000000000
87 0.217500 1.000000000000 1.000000000000
88 0.220000 1.000000000000 1.000000000000
89 0.222500 1.000000000000 1.000000000000
90 0.225000 1.000000000000 1.000000000000
91 0.227500 1.000000000000 1.000000000000
92 0.230000 1.000000000000 1.000000000000
93 0.232500 1.000000000000 1.000000000000
94 0.235000 1.000000000000 1.000000000000
95 0.237500 1.000000000000 1.000000000000
96 0.240000 1.000000000000 1.000000000000
97 0.242500 1.000000000000 1.000000000000
98 0.245000 1.000000000000 1.000000000000
99 0.247500 1.000000000000 1.000000000000
100 0.250000 1.000000000000 1.000000000000
101 0.252500 1.000000000000 1.000000000000
102 0.255000 1.000000000000 1.000000000000
103 0.257500 1.000000000000 1.000000000000
104 0.260000 1.000000000000 1.000000000000
105 0.262500 1.000000000000 1.000000000000
106 0.265000 1.000000000000 1.000000000000
107 0.267500 1.000000000000 1.000000000000
108 0.270000 1.000000000000 1.000000000000
109 0.272500 1.000000000000 1.000000000000
110 0.275000 1.000000000000 1.000000000000
111 0.277500 1.000000000000 1.000000000000
112 0.280000 1.000000000000 1.000000000000
113 0.282500 1.000000000000 1.000000000000
114 0.285000 1.000000000000 1.000000000000
115 0.287500 1.000000000000 1.000000000000
116 0.290000 1.000000000000 1.000000000000
117 0.292500 1.000000000000 1.000000000000
118 0.295000 1.000000000000 1.000000000000
119 0.297500 1.000000000000 1.000000000000
120 0.300000 1.000000000000 1.000000000000
121 0.302500 1.000000000000 1.000000000000
122 0.305000 1.000000000000 1.000000000000
123 0.307500 1.000000000000 1.000000000000
124 0.310000 1.000000000000 1.000000000000
125 0.312500 1.000000000000 1.000000000000
126 0.315000 1.000000000000 1.000000000000
127 0.317500 1.000000000000 1.000000000000
128 0.320000 1.000000000000 1.000000000000
129 0.322500 1.000000000000 1.000000000000
130 0.325000 1.000000000000 1.000000000000
131 0.327500 1.000000000000 1.000000000000
132 0.330000 1.000000000000 1.000000000000
133 0.332500 1.000000000000 1.000000000000
134 0.335000 1.000000000000 1.000000000000
135 0.337500 1.000000000000 1.000000000000
136 0.340000 1.000000000000 1.000000000000
137 0.342500 1.000000000000 1.000000000000
138 0.345000 1.000000000000 1.000000000000
139 0.347500 1.000000000000 1.000000000000
140 0.350000 1.000000000000 1.000000000000
141 0.352500 1.000000000000 1.000000000000
142 0.355000 1.000000000000 1.000000000000
143 0.357500 1.000000000000 1.000000000000
144 0.360000 1.000000000000 1.000000000000
145 0.362500 1.000000000000 1.000000000000
146 0.365000 1.000000000000 1.000000000000
147 0.367500 1.000000000000 1.000000000000
148 0.370000 1.000000000000 1.000000000000
149 0.372500 1.000000000000 1.000000000000
150 0.375000 1.000000000000 1.000000000000
151 0.377500 1.000000000000 1.000000000000
152 0.380000 1.000000000000 1.000000000000
153 0.382500 1.000000000000 1.000000000000
154 0.385000 1.000000000000 1.000000000000
155 0.387500 1.000000000000 1.000000000000
156 0.390000 1.000000000000 1.000000000000
157 0.392500 1.000000000000 1.000000000000
158 0.395000 1.000000000000 1.000000000000
159 0.397500 1.000000000000 1.000000000000
160 0.400000 1.000000000000 1.000000000000
161 0.402500 1.000000000000 1.000000000000
162 0.405000 1.000000000000 1.000000000000
163 0.407500 1.000000000000 1.000000000000
164 0.410000 1.000000000000 1.000000000000
165 0.412500 1.000000000000 1.000000000000
166 0.415000 1.000000000000 1.000000000000
167 0.417500 1.000000000000 1.000000000000
168 0.420000 1.000000000000 1.000000000000
169 0.422500 1.000000000000 1.000000000000
170 0.425000 1.000000000000 1.000000000000
171 0.427500 1.000000000000 1.000000000000
172 0.430000 1.000000000000 1.000000000000
173 0.432500 1.000000000000 1.000000000000
174 0.435000 1.000000000000 1.000000000000
175 0.437500 1.000000000000 1.000000000000
176 0.440000 1.000000000000 1.000000000000
177 0.442500 1.000000000000 1.000000000000
178 0.445000 1.000000000000 1.000000000000
179 0.447500 1.000000000000 1.000000000000
180 0.450000 1.000000000000 1.000000000000
181 0.452500 1.000000000000 1.000000000000
182 0.455000 1.000000000000 1.000000000000
183 0.457500 1.000000000000 1.000000000000
184 0.460000 1.000000000000 1.000000000000
185 0.462500 1.000000000000 1.000000000000
186 0.465000 1.000000000000 1.000000000000
187 0.467500 1.000000000000 1.000000000000
188 0.470000 1.000000000000 1.000000000000
189 0.472500 1.000000000000 1.000000000000
190 0.475000 1.000000000000 1.000000000000
191 0.477500 1.000000000000 1.000000000000
192 0.480000 1.000000000000 1.000000000000
193 0.482500 1.000000000000 1.000000000000
194 0.485000 1.000000000000 1.000000000000
195 0.487500 1.000000000000 1.000000000000
196 0.490000 1.000000000000 1.000000000000
197 0.492500 1.000000000000 1.000000000000
198 0.495000 1.000000000000 1.000000000000
199 0.497500 1.000000000000 1.000000000000
200 0.500000 1.000000000000 1.000000000000
201 0.502500 1.000000000000 1.000000000000
202 0.505000 1.000000000000 1.000000000000
203 0.507500 1.000000000000 1.000000000000
204 0.510000 1.000000000000 1.000000000000
205 0.512500 1.000000000000 1.000000000000
206 0.515000 1.000000000000 1.000000000000
207 0.517500 1.000000000000 1.000000000000
208 0.520000 1.000000000000 1.000000000000
209 0.522500 1.000000000000 1.000000000000
210 0.525000 1.000000000000 1.000000000000
211 0.527500 1.000000000000 1.000000000000
212 0.530000 1.000000000000 1.000000000000
213 0.532500 1.000000000000 1.000000000000
214 0.535000 1.000000000000 1.000000000000
215 0.537500 1.000000000000 1.000000000000
216 0.540000 1.000000000000 1.000000000000
217 0.542500 1.000000000000 1.000000000000
218 0.545000 1.000000000000 1.000000000000
219 0.547500 1.000000000000 1.000000000000
220 0.550000 1.000000000000 1.000000000000
221 0.552500 1.000000000000 1.000000000000
222 0.555000 1.000000000000 1.000000000000
223 0.557500 1.000000000000 1.000000000000
224 0.560000 1.000000000000 1.000000000000
225 0.562500 1.000000000000 1.000000000000
226 0.565000 1.000000000000 1.000000000000
227 0.567500 1.000000000000 1.000000000000
228 0.570000 1.000000000000 1.000000000000
229 0.572500 1.000000000000 1.000000000000
230 0.575000 1.000000000000 1.000000000000
231 0.577500 1.000000000000 1.000000000000
232 0.580000 1.000000000000 1.000000000000
233 0.582500 1.000000000000 1.000000000000
234 0.585000 1.000000000000 1.000000000000
235 0.587500 1.000000000000 1.000000000000
236 0.590000 1.000000000000 1.000000000000
237 0.592500 1.000000000000 1.000000000000
238 0.595000 1.000000000000 1.000000000000
239 0.597500 1.000000000000 1.000000000000
240 0.600000 1.000000000000 1.000000000000
241 0.602500 1.000000000000 1.000000000000
242 0.605000 1.000000000000 1.000000000000
243 0.607500 1.000000000000 1.000000000000
244 0.610000 1.000000000000 1.000000000000
245 0.612500 1.000000000000 1.000000000000
246 0.615000 1.000000000000 1.000000000000
247 0.617500 1.000000000000 1.000000000000
248 0.620000 1.000000000000 1.000000000000
249 0.622500 1.000000000000 1.000000000000
250 0.625000 1.000000000000 1.000000000000
251 0.627500 1.000000000000 1.000000000000
252 0.630000 1.000000000000 1.000000000000
253 0.632500 1.000000000000 1.000000000000
254 0.635000 1.000000000000 1.000000000000
255 0.637500 1.000000000000 1.000000000000
256 0.640000 1.000000000000 1.000000000000
257 0.642500 1.000000000000 1.000000000000
258 0.645000 1.000000000000 1.000000000000
259 0.647500 1.000000000000 1.000000000000
260 0.650000 1.000000000000 1.000000000000
261 0.652500 1.000000000000 1.000000000000
262 0.655000 1.000000000000 1.000000000000
263 0.657500 1.000000000000 1.000000000000
264 0.660000 1.000000000000 1.000000000000
265 0.662500 1.000000000000 1.000000000000
266 0.665000 1.000000000000 1.000000000000
267 0.667500 1.000000000000 1.000000000000
268 0.670000 1.000000000000 1.000000000000
269 0.672500 1.000000000000 1.000000000000
270 0.675000 1.000000000000 1.000000000000
271 0.677500 1.000000000000 1.000000000000
272 0.680000 1.000000000000 1.000000000000
273 0.682500 1.000000000000 1.000000000000
274 0.685000 1.000000000000 1.000000000000
275 0.687500 1.000000000000 1.000000000000
276 0.690000 1.000000000000 1.000000000000
277 0.692500 1.000000000000 1.000000000000
278 0.695000 1.000000000000 1.000000000000
279 0.697500 1.000000000000 1.000000000000
280 0.700000 1.000000000000 1.000000000000
281 0.702500 1.000000000000 1.000000000000
282 0.705000 1.000000000000 1.000000000000
283 0.707500 1.000000000000 1.000000000000
284 0.710000 1.000000000000 1.000000000000
285 0.712500 1.000000000000 1.000000000000
286 0.715000 1.000000000000 1.000000000000
287 0.717500 1.000000000000 1.000000000000
288 0.720000 1.000000000000 1.000000000000
289 0.722500 1.000000000000 1.000000000000
290 0.725000 1.000000000000 1.000000000000
291 0.727500 1.000000000000 1.000000000000
292 0.730000 1.000000000000 1.000000000000
293 0.732500 1.000000000000 1.000000000000
294 0.735000 1.000000000000 1.000000000000
295 0.737500 1.000000000000 1.000000000000
296 0.740000 1.000000000000 1.000000000000
297 0.742500 1.000000000000 1.000000000000
298 0.745000 1.000000000000 1.000000000000
299 0.747500 1.000000000000 1.000000000000
300 0.750000 1.000000000000 1.000000000000
301 0.752500 1.000000000000 1.000000000000
302 0.755000 1.000000000000 1.000000000000
303 0.757500 1.000000000000 1.000000000000
304 0.760000 1.000000000000 1.000000000000
305 0.762500 1.000000000000 1.000000000000
306 0.765000 1.000000000000 1.000000000000
307 0.767500 1.000000000000 1.000000000000
308 0.770000 1.000000000000 1.000000000000
309 0.772500 1.000000000000 1.000000000000
310 0.775000 1.000000000000 1.000000000000
311 0.777500 1.000000000000 1.000000000000
312 0.780000 1.000000000000 1.000000000000
313 0.782500 1.000000000000 1.000000000000
314 0.785000 1.000000000000 1.000000000000
315 0.787500 1.000000000000 1.000000000000
316 0.790000 1.000000000000 1.000000000000
317 0.792500 1.000000000000 1.000000000000
318 0.795000 1.000000000000 1.000000000000
319 0.797500 1.000000000000 1.000000000000
320 0.800000 1.000000000000 1.000000000000
321 0.802500 1.000000000000 1.000000000000
322 0.805000 1.000000000000 1.000000000000
323 0.807500 1.000000000000 1.000000000000
324 0.810000 1.000000000000 1.000000000000
325 0.812500 1.000000000000 1.000000000000
326 0.815000 1.000000000000 1.000000000000
327 0.817500 1.000000000000 1.000000000000
328 0.820000 1.000000000000 1.000000000000
329 0.822500 1.000000000000 1.000000000000
330 0.825000 1.000000000000 1.000000000000
331 0.827500 1.000000000000 1.000000000000
332 0.830000 1.000000000000 1.000000000000
333 0.832500 1.000000000000 1.000000000000
334 0.835000 1.000000000000 1.000000000000
335 0.837500 1.000000000000 1.000000000000
336 0.840000 1.000000000000 1.000000000000
337 0.842500 1.000000000000 1.000000000000
338 0.845000 1.000000000000 1.000000000000
339 0.847500 1.000000000000 1.000000000000
340 0.850000 1.000000000000 1.000000000000
341 0.852500 1.000000000000 1.000000000000
342 0.855000 1.000000000000 1.000000000000
343 0.857500 1.000000000000 1.000000000000
344 0.860000 1.000000000000 1.000000000000
345 0.862500 1.000000000000 1.000000000000
346 0.865000 1.000000000000 1.000000000000
347 0.867500 1.000000000000 1.000000000000
348 0.870000 1.000000000000 1.000000000000
349 0.872500 1.000000000000 1.000000000000
350 0.875000 1.000000000000 1.000000000000
351 0.877500 1.000000000000 1.000000000000
352 0.880000 1.000000000000 1.000000000000
353 0.882500 1.000000000000 1.000000000000
354 0.885000 1.000000000000 1.000000000000
355 0.887500 1.000000000000 1.000000000000
356 0.890000 1.000000000000 1.000000000000
357 0.892500 1.000000000000 1.000000000000
358 0.895000 1.000000000000 1.000000000000
359 0.897500 1.000000000000 1.000000000000
360 0.900000 1.000000000000 1.000000000000
361 0.902500 1.000000000000 1.000000000000
362 0.905000 1.000000000000 1.000000000000
363 0.907500 1.000000000000 1.000000000000
364 0.910000 1.000000000000 1.000000000000
365 0.912500 1.000000000000 1.000000000000
366 0.915000 1.000000000000 1.000000000000
367 0.917500 1.000000000000 1.000000000000
368 0.920000 1.000000000000 1.000000000000
369 0.922500 1.000000000000 1.000000000000
370 0.925000 1.000000000000 1.000000000000
371 0.927500 1.000000000000 1.000000000000
372 0.930000 1.000000000000 1.000000000000
373 0.932500 1.000000000000 1.000000000000
374 0.935000 1.000000000000 1.000000000000
375 0.937500 1.000000000000 1.000000000000
376 0.940000 1.000000000000 1.000000000000
377 0.942500 1.000000000000 1.000000000000
378 0.945000 1.000000000000 1.000000000000
379 0.947500 1.000000000000 1.000000000000
380 0.950000 1.000000000000 1.000000000000
381 0.952500 1.000000000000 1.000000000000
382 0.955000 1.000000000000 1.000000000000
383 0.957500 1.000000000000 1.000000000000
384 0.960000 1.000000000000 1.000000000000
385 0.962500 1.000000000000 1.000000000000
386 0.965000 1.000000000000 1.000000000000
387 0.967500 1.000000000000 1.000000000000
388 0.970000 1.000000000000 1.000000000000
389 0.972500 1.000000000000 1.000000000000
390 0.975000 1.000000000000 1.000000000000
391 0.977500 1.000000000000 1.000000000000
392 0.980000 1.000000000000 1.000000000000
393 0.982500 1.000000000000 1.000000000000
394 0.985000 1.000000000000 1.000000000000
395 0.987500 1.000000000000 1.000000000000
396 0.990000 1.000000000000 1.000000000000
397 0.992500 1.000000000000 1.000000000000
398 0.995000 1.000000000000 1.000000000000
399 0.997500 1.000000000000 1.000000000000
400 1.000000 1.000000000000 1.000000000000
401 1.002500 1.000000000000 1.000000000000
402 1.005000 1.000000000000 1.000000000000
403 1.007500 1.000000000000 1.000000000000
404 1.010000 1.000000000000 1.000000000000
405 1.012500 1.000000000001 1.000000000001
406 1.015000 1.000000000001 1.000000000001
407 1.017500 1.000000000003 1.000000000003
408 1.020000 1.000000000005 1.000000000005
409 1.022500 1.000000000009 1.000000000009
410 1.025000 1.000000000014 1.000000000014
411 1.027500 1.000000000022 1.000000000022
412 1.030000 1.000000000034 1.000000000034
413 1.032500 1.000000000048 1.000000000048
414 1.035000 1.000000000067 1.000000000067
415 1.037500 1.000000000091 1.000000000091
416 1.040000 1.000000000120 1.000000000120
417 1.042500 1.000000000156 1.000000000156
418 1.045000 1.000000000198 1.000000000198
419 1.047500 1.000000000248 1.000000000248
420 1.050000 1.000000000305 1.000000000305
421 1.052500 1.000000000370 1.000000000370
422 1.055000 1.000000000442 1.000000000442
423 1.057500 1.000000000523 1.000000000523
424 1.060000 1.000000000612 1.000000000612
425 1.062500 1.000000000709 1.000000000709
426 1.065000 1.000000000814 1.000000000814
427 1.067500 1.000000000926 1.000000000926
428 1.070000 1.000000001045 1.000000001045
429 1.072500 1.000000001170 1.000000001170
430 1.075000 1.000000001302 1.000000001302
431 1.077500 1.000000001439 1.000000001439
432 1.080000 1.000000001580 1.000000001580
433 1.082500 1.000000001726 1.000000001726
434 1.085000 1.000000001875 1.000000001875
435 1.087500 1.000000002027 1.000000002027
436 1.090000 1.000000002181 1.000000002181
437 1.092500 1.000000002336 1.000000002336
438 1.095000 1.000000002492 1.000000002492
439 1.097500 1.000000002649 1.000000002649
440 1.100000 1.000000002805 1.000000002805
441 1.102500 1.000000002961 1.000000002961
442 1.105000 1.000000003115 1.000000003115
443 1.107500 1.000000003268 1.000000003268
444 1.110000 1.000000003420 1.000000003420
445 1.112500 1.000000003569 1.000000003569
446 1.115000 1.000000003716 1.000000003716
447 1.117500 1.000000003861 1.000000003861
448 1.120000 1.000000004004 1.000000004004
449 1.122500 1.000000004144 1.000000004144
450 1.125000 1.000000004282 1.000000004282
451 1.127500 1.000000004418 1.000000004418
452 1.130000 1.000000004551 1.000000004551
453 1.132500 1.000000004683 1.000000004683
454 1.135000 1.000000004812 1.000000004812
455 1.137500 1.000000004939 1.000000004939
456 1.140000 1.000000005065 1.000000005065
457 1.142500 1.000000005189 1.000000005189
458 1.145000 1.000000005312 1.000000005312
459 1.147500 1.000000005434 1.000000005434
460 1.150000 1.000000005554 1.000000005554
461 1.152500 1.000000005674 1.000000005674
462 1.155000 1.000000005793 1.000000005793
463 1.157500 1.000000005911 1.000000005911
464 1.160000 1.000000006029 1.000000006029
465 1.162500 1.000000006147 1.000000006147
466 1.165000 1.000000006264 1.000000006264
467 1.167500 1.000000006381 1.000000006381
468 1.170000 1.000000006498 1.000000006498
469 1.172500 1.000000006615 1.000000006615
470 1.175000 1.000000006731 1.000000006731
471 1.177500 1.000000006848 1.000000006848
472 1.180000 1.000000006965 1.000000006965
473 1.182500 1.000000007082 1.000000007082
474 1.185000 1.000000007198 1.000000007198
475 1.187500 1.000000007315 1.000000007315
476 1.190000 1.000000007432 1.000000007432
477 1.192500 1.000000007549 1.000000007549
478 1.195000 1.000000007665 1.000000007665
479 1.197500 1.000000007782 1.000000007782
480 1.200000 1.000000007898 1.000000007898
481 1.202500 1.000000008014 1.000000008014
482 1.205000 1.000000008130 1.000000008130
483 1.207500 1.000000008246 1.000000008246
484 1.210000 1.000000008362 1.000000008362
485 1.212500 1.000000008477 1.000000008477
486 1.215000 1.000000008592 1.000000008592
487 1.217500 1.000000008706 1.000000008706
488 1.220000 1.000000008821 1.000000008821
489 1.222500 1.000000008934 1.000000008934
490 1.225000 1.000000009048 1.000000009048
491 1.227500 1.000000009161 1.000000009161
492 1.230000 1.000000009273 1.000000009273
493 1.232500 1.000000009385 1.000000009385
494 1.235000 1.000000009497 1.000000009497
495 1.237500 1.000000009608 1.000000009608
496 1.240000 1.000000009719 1.000000009719
497 1.242500 1.000000009829 1.000000009829
498 1.245000 1.000000009939 1.000000009939
499 1.247500 1.000000010048 1.000000010048
500 1.250000 1.000000010157 1.000000010157
501 1.252500 1.000000010266 1.000000010266
502 1.255000 1.000000010374 1.000000010374
503 1.257500 1.000000010481 1.000000010481
504 1.260000 1.000000010588 1.000000010588
505 1.262500 1.000000010695 1.000000010695
506 1.265000 1.000000010801 1.000000010801
507 1.267500 1.000000010907 1.000000010907
508 1.270000 1.000000011013 1.000000011013
509 1.272500 1.000000011118 1.000000011118
510 1.275000 1.000000011223 1.000000011223
511 1.277500 1.000000011327 1.000000011327
512 1.280000 1.000000011432 1.000000011432
513 1.282500 1.000000011535 1.000000011535
514 1.285000 1.000000011639 1.000000011639
515 1.287500 1.000000011742 1.000000011742
516 1.290000 1.000000011845 1.000000011845
517 1.292500 1.000000011947 1.000000011947
518 1.295000 1.000000012049 1.000000012049
519 1.297500 1.000000012151 1.000000012151
520 1.300000 1.000000012252 1.000000012252
521 1.302500 1.000000012354 1.000000012354
522 1.305000 1.000000012454 1.000000012454
523 1.307500 1.000000012555 1.000000012555
524 1.310000 1.000000012655 1.000000012655
525 1.312500 1.000000012755 1.000000012755
526 1.315000 1.000000012855 1.000000012855
527 1.317500 1.000000012954 1.000000012954
528 1.320000 1.000000013053 1.000000013053
529 1.322500 1.000000013152 1.000000013152
530 1.325000 1.000000013250 1.000000013250
531 1.327500 1.000000013349 1.000000013349
532 1.330000 1.000000013447 1.000000013447
533 1.332500 1.000000013544 1.000000013544
534 1.335000 1.000000013641 1.000000013641
535 1.337500 1.000000013738 1.000000013738
536 1.340000 1.000000013835 1.000000013835
537 1.342500 1.000000013932 1.000000013932
538 1.345000 1.000000014028 1.000000014028
539 1.347500 1.000000014124 1.000000014124
540 1.350000 1.000000014219 1.000000014219
541 1.352500 1.000000014315 1.000000014315
542 1.355000 1.000000014410 1.000000014410
543 1.357500 1.000000014505 1.000000014505
544 1.360000 1.000000014599 1.000000014599
545 1.362500 1.000000014694 1.000000014694
546 1.365000 1.000000014788 1.000000014788
547 1.367500 1.000000014881 1.000000014881
548 1.370000 1.000000014975 1.000000014975
549 1.372500 1.000000015068 1.000000015068
550 1.375000 1.000000015161 1.000000015161
551 1.377500 1.000000015254 1.000000015254
552 1.380000 1.000000015346 1.000000015346
553 1.382500 1.000000015439 1.000000015439
554 1.385000 1.000000015530 1.000000015530
555 1.387500 1.000000015622 1.000000015622
556 1.390000 1.000000015714 1.000000015714
557 1.392500 1.000000015805 1.000000015805
558 1.395000 1.000000015896 1.000000015896
559 1.397500 1.000000015987 1.000000015987
560 1.400000 1.000000016077 1.000000016077
561 1.402500 1.000000016168 1.000000016168
562 1.405000 1.000000016258 1.000000016258
563 1.407500 1.000000016347 1.000000016347
564 1.410000 1.000000016437 1.000000016437
565 1.412500 1.000000016526 1.000000016526
566 1.415000 1.000000016616 1.000000016616
567 1.417500 1.000000016705 1.000000016705
568 1.420000 1.000000016793 1.000000016793
569 1.422500 1.000000016882 1.000000016882
570 1.425000 1.000000016970 1.000000016970
571 1.427500 1.000000017058 1.000000017058
572 1.430000 1.000000017146 1.000000017146
573 1.432500 1.000000017234 1.000000017234
574 1.435000 1.000000017321 1.000000017321
575 1.437500 1.000000017408 1.000000017408
576 1.440000 1.000000017495 1.000000017495
577 1.442500 1.000000017582 1.000000017582
578 1.445000 1.000000017668 1.000000017668
579 1.447500 1.000000017755 1.000000017755
580 1.450000 1.000000017841 1.000000017841
581 1.452500 1.000000017927 1.000000017927
582 1.455000 1.000000018013 1.000000018013
583 1.457500 1.000000018098 1.000000018098
584 1.460000 1.000000018184 1.000000018184
585 1.462500 1.000000018269 1.000000018269
586 1.465000 1.000000018354 1.000000018354
587 1.467500 1.000000018439 1.000000018439
588 1.470000 1.000000018523 1.000000018523
589 1.472500 1.000000018608 1.000000018608
590 1.475000 1.000000018692 1.000000018692
591 1.477500 1.000000018776 1.000000018776
592 1.480000 1.000000018860 1.000000018860
593 1.482500 1.000000018944 1.000000018944
594 1.485000 1.000000019027 1.000000019027
595 1.487500 1.000000019111 1.000000019111
596 1.490000 1.000000019194 1.000000019194
597 1.492500 1.000000019277 1.000000019277
598 1.495000 1.000000019360 1.000000019360
599 1.497500 1.000000019442 1.000000019442
600 1.500000 1.000000019525 1.000000019525
601 1.502500 1.000000019607 1.000000019607
602 1.505000 1.000000019689 1.000000019689
603 1.507500 1.000000019771 1.000000019771
604 1.510000 1.000000019853 1.000000019853
605 1.512500 1.000000019935 1.000000019935
606 1.515000 1.000000020016 1.000000020016
607 1.517500 1.000000020098 1.000000020098
608 1.520000 1.000000020179 1.000000020179
609 1.522500 1.000000020260 1.000000020260
610 1.525000 1.000000020341 1.000000020341
611 1.527500 1.000000020421 1.000000020421
612 1.530000 1.000000020502 1.000000020502
613 1.532500 1.000000020583 1.000000020583
614 1.535000 1.000000020663 1.000000020663
615 1.537500 1.000000020743 1.000000020743
616 1.540000 1.000000020823 1.000000020823
617 1.542500 1.000000020903 1.000000020903
618 1.545000 1.000000020983 1.000000020983
619 1.547500 1.000000021062 1.000000021062
620 1.550000 1.000000021142 1.000000021142
621 1.552500 1.000000021221 1.000000021221
622 1.555000 1.000000021300 1.000000021300
623 1.557500 1.000000021379 1.000000021379
624 1.560000 1.000000021458 1.000000021458
625 1.562500 1.000000021537 1.000000021537
626 1.565000 1.000000021616 1.000000021616
627 1.567500 1.000000021694 1.000000021694
628 1.570000 1.000000021773 1.000000021773
629 1.572500 1.000000021851 1.000000021851
630 1.575000 1.000000021929 1.000000021929
631 1.577500 1.000000022007 1.000000022007
632 1.580000 1.000000022085 1.000000022085
633 1.582500 1.000000022163 1.000000022163
634 1.585000 1.000000022240 1.000000022240
635 1.587500 1.000000022318 1.000000022318
636 1.590000 1.000000022395 1.000000022395
637 1.592500 1.000000022473 1.000000022473
638 1.595000 1.000000022550 1.000000022550
639 1.597500 1.000000022627 1.000000022627
640 1.600000 1.000000022704 1.000000022704
641 1.602500 1.000000022781 1.000000022781
642 1.605000 1.000000022858 1.000000022858
643 1.607500 1.000000022934 1.000000022934
644 1.610000 1.000000023011 1.000000023011
645 1.612500 1.000000023087 1.000000023087
646 1.615000 1.000000023164 1.000000023164
647 1.617500 1.000000023240 1.000000023240
648 1.620000 1.000000023316 1.000000023316
649 1.622500 1.000000023392 1.000000023392
650 1.625000 1.000000023468 1.000000023468
651 1.627500 1.000000023544 1.000000023544
652 1.630000 1.000000023619 1.000000023619
653 1.632500 1.000000023695 1.000000023695
654 1.635000 1.000000023771 1.000000023771
655 1.637500 1.000000023846 1.000000023846
656 1.640000 1.000000023921 1.000000023921
657 1.642500 1.000000023997 1.000000023997
658 1.645000 1.000000024072 1.000000024072
659 1.647500 1.000000024147 1.000000024147
660 1.650000 1.000000024222 1.000000024222
661 1.652500 1.000000024297 1.000000024297
662 1.655000 1.000000024372 1.000000024372
663 1.657500 1.000000024446 1.000000024446
664 1.660000 1.000000024521 1.000000024521
665 1.662500 1.000000024595 1.000000024595
666 1.665000 1.000000024670 1.000000024670
667 1.667500 1.000000024744 1.000000024744
668 1.670000 1.000000024819 1.000000024819
669 1.672500 1.000000024893 1.000000024893
670 1.675000 1.000000024967 1.000000024967
671 1.677500 1.000000025041 1.000000025041
672 1.680000 1.000000025115 1.000000025115
673 1.682500 1.000000025189 1.000000025189
674 1.685000 1.000000025263 1.000000025263
675 1.687500 1.000000025336 1.000000025336
676 1.690000 1.000000025410 1.000000025410
677 1.692500 1.000000025484 1.000000025484
678 1.695000 1.000000025557 1.000000025557
679 1.697500 1.000000025631 1.000000025631
680 1.700000 1.000000025704 1.000000025704
681 1.702500 1.000000025777 1.000000025777
682 1.705000 1.000000025851 1.000000025851
683 1.707500 1.000000025924 1.000000025924
684 1.710000 1.000000025997 1.000000025997
685 1.712500 1.000000026070 1.000000026070
686 1.715000 1.000000026143 1.000000026143
687 1.717500 1.000000026216 1.000000026216
688 1.720000 1.000000026288 1.000000026288
689 1.722500 1.000000026361 1.000000026361
690 1.725000 1.000000026434 1.000000026434
691 1.727500 1.000000026507 1.000000026507
692 1.730000 1.000000026579 1.000000026579
693 1.732500 1.000000026652 1.000000026652
694 1.735000 1.000000026724 1.000000026724
695 1.737500 1.000000026796 1.000000026796
696 1.740000 1.000000026869 1.000000026869
697 1.742500 1.000000026941 1.000000026941
698 1.745000 1.000000027013 1.000000027013
699 1.747500 1.000000027085 1.000000027085
700 1.750000 1.000000027157 1.000000027157
701 1.752500 1.000000027229 1.000000027229
702 1.755000 1.000000027301 1.000000027301
703 1.757500 1.000000027373 1.000000027373
704 1.760000 1.000000027445 1.000000027445
705 1.762500 1.000000027517 1.000000027517
706 1.765000 1.000000027589 1.000000027589
707 1.767500 1.000000027660 1.000000027660
708 1.770000 1.000000027732 1.000000027732
709 1.772500 1.000000027804 1.000000027804
710 1.775000 1.000000027875 1.000000027875
711 1.777500 1.000000027947 1.000000027947
712 1.780000 1.000000028018 1.000000028018
713 1.782500 1.000000028090 1.000000028090
714 1.785000 1.000000028161 1.000000028161
715 1.787500 1.000000028232 1.000000028232
716 1.790000 1.000000028303 1.000000028303
717 1.792500 1.000000028375 1.000000028375
718 1.795000 1.000000028446 1.000000028446
719 1.797500 1.000000028517 1.000000028517
720 1.800000 1.000000028588 1.000000028588
721 1.802500 1.000000028659 1.000000028659
722 1.805000 1.000000028730 1.000000028730
723 1.807500 1.000000028801 1.000000028801
724 1.810000 1.000000028872 1.000000028872
725 1.812500 1.000000028943 1.000000028943
726 1.815000 1.000000029013 1.000000029013
727 1.817500 1.000000029084 1.000000029084
728 1.820000 1.000000029155 1.000000029155
729 1.822500 1.000000029226 1.000000029226
730 1.825000 1.000000029296 1.000000029296
731 1.827500 1.000000029367 1.000000029367
732 1.830000 1.000000029437 1.000000029437
733 1.832500 1.000000029508 1.000000029508
734 1.835000 1.000000029578 1.000000029578
735 1.837500 1.000000029649 1.000000029649
736 1.840000 1.000000029719 1.000000029719
737 1.842500 1.000000029789 1.000000029789
738 1.845000 1.000000029860 1.000000029860
739 1.847500 1.000000029930 1.000000029930
740 1.850000 1.000000030000 1.000000030000
741 1.852500 1.000000030071 1.000000030071
742 1.855000 1.000000030141 1.000000030141
743 1.857500 1.000000030211 1.000000030211
744 1.860000 1.000000030281 1.000000030281
745 1.862500 1.000000030351 1.000000030351
746 1.865000 1.000000030421 1.000000030421
747 1.867500 1.000000030491 1.000000030491
748 1.870000 1.000000030561 1.000000030561
749 1.872500 1.000000030631 1.000000030631
750 1.875000 1.000000030701 1.000000030701
751 1.877500 1.000000030771 1.000000030771
752 1.880000 1.000000030841 1.000000030841
753 1.882500 1.000000030910 1.000000030910
754 1.885000 1.000000030980 1.000000030980
755 1.887500 1.000000031050 1.000000031050
756 1.890000 1.000000031120 1.000000031120
757 1.892500 1.000000031189 1.000000031189
758 1.895000 1.000000031259 1.000000031259
759 1.897500 1.000000031329 1.000000031329
760 1.900000 1.000000031398 1.000000031398
761 1.902500 1.000000031468 1.000000031468
762 1.905000 1.000000031537 1.000000031537
763 1.907500 1.000000031607 1.000000031607
764 1.910000 1.000000031677 1.000000031677
765 1.912500 1.000000031746 1.000000031746
766 1.915000 1.000000031815 1.000000031815
767 1.917500 1.000000031885 1.000000031885
768 1.920000 1.000000031954 1.000000031954
769 1.922500 1.000000032024 1.000000032024
770 1.925000 1.000000032093 1.000000032093
771 1.927500 1.000000032162 1.000000032162
772 1.930000 1.000000032232 1.000000032232
773 1.932500 1.000000032301 1.000000032301
774 1.935000 1.000000032370 1.000000032370
775 1.937500 1.000000032439 1.000000032439
776 1.940000 1.000000032508 1.000000032508
777 1.942500 1.000000032578 1.000000032578
778 1.945000 1.000000032647 1.000000032647
779 1.947500 1.000000032716 1.000000032716
780 1.950000 1.000000032785 1.000000032785
781 1.952500 1.000000032854 1.000000032854
782 1.955000 1.000000032923 1.000000032923
783 1.957500 1.000000032992 1.000000032992
784 1.960000 1.000000033061 1.000000033061
785 1.962500 1.000000033130 1.000000033130
786 1.965000 1.000000033199 1.000000033199
787 1.967500 1.000000033268 1.000000033268
788 1.970000 1.000000033337 1.000000033337
789 1.972500 1.000000033406 1.000000033406
790 1.975000 1.000000033475 1.000000033475
791 1.977500 1.000000033544 1.000000033544
792 1.980000 1.000000033613 1.000000033613
793 1.982500 1.000000033681 1.000000033681
794 1.985000 1.000000033750 1.000000033750
795 1.987500 1.000000033819 1.000000033819
796 1.990000 1.000000033888 1.000000033888
797 1.992500 1.000000033957 1.000000033957
798 1.995000 1.000000034025 1.000000034025
799 1.997500 1.000000034094 1.000000034094
800 2.000000 1.000000034163 1.000000034163
801 2.002500 1.000000034230 1.000000034230
802 2.005000 1.000000034294 1.000000034294
803 2.007500 1.000000034349 1.000000034349
804 2.010000 1.000000034392 1.000000034392
805 2.012500 1.000000034418 1.000000034418
806 2.015000 1.000000034420 1.000000034420
807 2.017500 1.000000034394 1.000000034394
808 2.020000 1.000000034336 1.000000034336
809 2.022500 1.000000034242 1.000000034242
810 2.025000 1.000000034108 1.000000034108
811 2.027500 1.000000033932 1.000000033932
812 2.030000 1.000000033712 1.000000033712
813 2.032500 1.000000033450 1.000000033450
814 2.035000 1.000000033143 1.000000033143
815 2.037500 1.000000032795 1.000000032795
816 2.040000 1.000000032407 1.000000032407
817 2.042500 1.000000031982 1.000000031982
818 2.045000 1.000000031523 1.000000031523
819 2.047500 1.000000031034 1.000000031034
820 2.050000 1.000000030520 1.000000030520
821 2.052500 1.000000029985 1.000000029985
822 2.055000 1.000000029434 1.000000029434
823 2.057500 1.000000028871 1.000000028871
824 2.060000 1.000000028302 1.000000028302
825 2.062500 1.000000027730 1.000000027730
826 2.065000 1.000000027162 1.000000027162
827 2.067500 1.000000026599 1.000000026599
828 2.070000 1.000000026048 1.000000026048
829 2.072500 1.000000025510 1.000000025510
830 2.075000 1.000000024989 1.000000024989
831 2.077500 1.000000024488 1.000000024488
832 2.080000 1.000000024009 1.000000024009
833 2.082500 1.000000023554 1.000000023554
834 2.085000 1.000000023124 1.000000023124
835 2.087500 1.000000022719 1.000000022719
836 2.090000 1.000000022341 1.000000022341
837 2.092500 1.000000021990 1.000000021990
838 2.095000 1.000000021665 1.000000021665
839 2.097500 1.000000021365 1.000000021365
840 2.100000 1.000000021090 1.000000021090
841 2.102500 1.000000020839 1.000000020839
842 2.105000 1.000000020611 1.000000020611
843 2.107500 1.000000020404 1.000000020404
844 2.110000 1.000000020216 1.000000020216
845 2.112500 1.000000020046 1.000000020046
846 2.115000 1.000000019893 1.000000019893
847 2.117500 1.000000019754 1.000000019754
848 2.120000 1.000000019628 1.000000019628
849 2.122500 1.000000019513 1.000000019513
850 2.125000 1.000000019408 1.000000019408
851 2.127500 1.000000019312 1.000000019312
852 2.130000 1.000000019222 1.000000019222
853 2.132500 1.000000019137 1.000000019137
854 2.135000 1.000000019057 1.000000019057
855 2.137500 1.000000018979 1.000000018979
856 2.140000 1.000000018904 1.000000018904
857 2.142500 1.000000018831 1.000000018831
858 2.145000 1.000000018758 1.000000018758
859 2.147500 1.000000018685 1.000000018685
860 2.150000 1.000000018612 1.000000018612
861 2.152500 1.000000018539 1.000000018539
862 2.155000 1.000000018464 1.000000018464
863 2.157500 1.000000018388 1.000000018388
864 2.160000 1.000000018311 1.000000018311
865 2.162500 1.000000018233 1.000000018233
866 2.165000 1.000000018154 1.000000018154
867 2.167500 1.000000018073 1.000000018073
868 2.170000 1.000000017992 1.000000017992
869 2.172500 1.000000017910 1.000000017910
870 2.175000 1.000000017827 1.000000017827
871 2.177500 1.000000017744 1.000000017744
872 2.180000 1.000000017661 1.000000017661
873 2.182500 1.000000017579 1.000000017579
874 2.185000 1.000000017496 1.000000017496
875 2.187500 1.000000017415 1.000000017415
876 2.190000 1.000000017334 1.000000017334
877 2.192500 1.000000017254 1.000000017254
878 2.195000 1.000000017175 1.000000017175
879 2.197500 1.000000017098 1.000000017098
880 2.200000 1.000000017022 1.000000017022
881 2.202500 1.000000016948 1.000000016948
882 2.205000 1.000000016876 1.000000016876
883 2.207500 1.000000016806 1.000000016806
884 2.210000 1.000000016737 1.000000016737
885 2.212500 1.000000016671 1.000000016671
886 2.215000 1.000000016606 1.000000016606
887 2.217500 1.000000016543 1.000000016543
888 2.220000 1.000000016482 1.000000016482
889 2.222500 1.000000016423 1.000000016423
890 2.225000 1.000000016366 1.000000016366
891 2.227500 1.000000016311 1.000000016311
892 2.230000 1.000000016257 1.000000016257
893 2.232500 1.000000016205 1.000000016205
894 2.235000 1.000000016154 1.000000016154
895 2.237500 1.000000016105 1.000000016105
896 2.240000 1.000000016058 1.000000016058
897 2.242500 1.000000016011 1.000000016011
898 2.245000 1.000000015966 1.000000015966
899 2.247500 1.000000015922 1.000000015922
900 2.250000 1.000000015879 1.000000015879
901 2.252500 1.000000015838 1.000000015838
902 2.255000 1.000000015797 1.000000015797
903 2.257500 1.000000015757 1.000000015757
904 2.260000 1.000000015718 1.000000015718
905 2.262500 1.000000015679 1.000000015679
906 2.265000 1.000000015642 1.000000015642
907 2.267500 1.000000015605 1.000000015605
908 2.270000 1.000000015568 1.000000015568
909 2.272500 1.000000015533 1.000000015533
910 2.275000 1.000000015497 1.000000015497
911 2.277500 1.000000015463 1.000000015463
912 2.280000 1.000000015429 1.000000015429
913 2.282500 1.000000015395 1.000000015395
914 2.285000 1.000000015362 1.000000015362
915 2.287500 1.000000015330 1.000000015330
916 2.290000 1.000000015298 1.000000015298
917 2.292500 1.000000015266 1.000000015266
918 2.295000 1.000000015235 1.000000015235
919 2.297500 1.000000015205 1.000000015205
920 2.300000 1.000000015175 1.000000015175
921 2.302500 1.000000015145 1.000000015145
922 2.305000 1.000000015116 1.000000015116
923 2.307500 1.000000015087 1.000000015087
924 2.310000 1.000000015059 1.000000015059
925 2.312500 1.000000015031 1.000000015031
926 2.315000 1.000000015004 1.000000015004
927 2.317500 1.000000014977 1.000000014977
928 2.320000 1.000000014951 1.000000014951
929 2.322500 1.000000014925 1.000000014925
930 2.325000 1.000000014900 1.000000014900
931 2.327500 1.000000014875 1.000000014875
932 2.330000 1.000000014850 1.000000014850
933 2.332500 1.000000014826 1.000000014826
934 2.335000 1.000000014803 1.000000014803
935 2.337500 1.000000014780 1.000000014780
936 2.340000 1.000000014757 1.000000014757
937 2.342500 1.000000014735 1.000000014735
938 2.345000 1.000000014713 1.000000014713
939 2.347500 1.000000014692 1.000000014692
940 2.350000 1.000000014671 1.000000014671
941 2.352500 1.000000014650 1.000000014650
942 2.355000 1.000000014630 1.000000014630
943 2.357500 1.000000014610 1.000000014610
