# l[22]( l_22(t) ) connection: point12-point13
# n t l_22(t)      l_differential_22(t)
0 0.000000 1.000000000000 1.000000000000
1 0.002500 1.000000000000 1.000000000000
2 0.005000 1.000000000000 1.000000000000
3 0.007500 1.000000000000 1.000000000000
4 0.010000 1.000000000000 1.000000000000
5 0.012500 1.000000000000 1.000000000000
6 0.015000 1.000000000000 1.000000000000
7 0.017500 1.000000000000 1.000000000000
8 0.020000 1.000000000000 1.000000000000
9 0.022500 1.000000000000 1.000000000000
10 0.025000 1.000000000000 1.000000000000
11 0.027500 1.000000000000 1.000000000000
12 0.030000 1.000000000000 1.000000000000
13 0.032500 1.000000000000 1.000000000000
14 0.035000 1.000000000000 1.000000000000
15 0.037500 1.000000000000 1.000000000000
16 0.040000 1.000000000000 1.000000000000
17 0.042500 1.000000000000 1.000000000000
18 0.045000 1.000000000000 1.000000000000
19 0.047500 1.000000000000 1.000000000000
20 0.050000 1.000000000000 1.000000000000
21 0.052500 1.000000000000 1.000000000000
22 0.055000 1.000000000000 1.000000000000
23 0.057500 1.000000000000 1.000000000000
24 0.060000 1.000000000000 1.000000000000
25 0.062500 1.000000000000 1.000000000000
26 0.065000 1.000000000000 1.000000000000
27 0.067500 1.000000000000 1.000000000000
28 0.070000 1.000000000000 1.000000000000
29 0.072500 1.000000000000 1.000000000000
30 0.075000 1.000000000000 1.000000000000
31 0.077500 1.000000000000 1.000000000000
32 0.080000 1.000000000000 1.000000000000
33 0.082500 1.000000000000 1.000000000000
34 0.085000 1.000000000000 1.000000000000
35 0.087500 1.000000000000 1.000000000000
36 0.090000 1.000000000000 1.000000000000
37 0.092500 1.000000000000 1.000000000000
38 0.095000 1.000000000000 1.000000000000
39 0.097500 1.000000000000 1.000000000000
40 0.100000 1.000000000000 1.000000000000
41 0.102500 1.000000000000 1.000000000000
42 0.105000 1.000000000000 1.000000000000
43 0.107500 1.000000000000 1.000000000000
44 0.110000 1.000000000000 1.000000000000
45 0.112500 1.000000000000 1.000000000000
46 0.115000 1.000000000000 1.000000000000
47 0.117500 1.000000000000 1.000000000000
48 0.120000 1.000000000000 1.000000000000
49 0.122500 1.000000000000 1.000000000000
50 0.125000 1.000000000000 1.000000000000
51 0.127500 1.000000000000 1.000000000000
52 0.130000 1.000000000000 1.000000000000
53 0.132500 1.000000000000 1.000000000000
54 0.135000 1.000000000000 1.000000000000
55 0.137500 1.000000000000 1.000000000000
56 0.140000 1.000000000000 1.000000000000
57 0.142500 1.000000000000 1.000000000000
58 0.145000 1.000000000000 1.000000000000
59 0.147500 1.000000000000 1.000000000000
60 0.150000 1.000000000000 1.000000000000
61 0.152500 1.000000000000 1.000000000000
62 0.155000 1.000000000000 1.000000000000
63 0.157500 1.000000000000 1.000000000000
64 0.160000 1.000000000000 1.000000000000
65 0.162500 1.000000000000 1.000000000000
66 0.165000 1.000000000000 1.000000000000
67 0.167500 1.000000000000 1.000000000000
68 0.170000 1.000000000000 1.000000000000
69 0.172500 1.000000000000 1.000000000000
70 0.175000 1.000000000000 1.000000000000
71 0.177500 1.000000000000 1.000000000000
72 0.180000 1.000000000000 1.000000000000
73 0.182500 1.000000000000 1.000000000000
74 0.185000 1.000000000000 1.000000000000
75 0.187500 1.000000000000 1.000000000000
76 0.190000 1.000000000000 1.000000000000
77 0.192500 1.000000000000 1.000000000000
78 0.195000 1.000000000000 1.000000000000
79 0.197500 1.000000000000 1.000000000000
80 0.200000 1.000000000000 1.000000000000
81 0.202500 1.000000000000 1.000000000000
82 0.205000 1.000000000000 1.000000000000
83 0.207500 1.000000000000 1.000000000000
84 0.210000 1.000000000000 1.000000000000
85 0.212500 1.000000000000 1.000000000000
86 0.215000 1.000000000000 1.000000000000
87 0.217500 1.000000000000 1.000000000000
88 0.220000 1.000000000000 1.000000000000
89 0.222500 1.000000000000 1.000000000000
90 0.225000 1.000000000000 1.000000000000
91 0.227500 1.000000000000 1.000000000000
92 0.230000 1.000000000000 1.000000000000
93 0.232500 1.000000000000 1.000000000000
94 0.235000 1.000000000000 1.000000000000
95 0.237500 1.000000000000 1.000000000000
96 0.240000 1.000000000000 1.000000000000
97 0.242500 1.000000000000 1.000000000000
98 0.245000 1.000000000000 1.000000000000
99 0.247500 1.000000000000 1.000000000000
100 0.250000 1.000000000000 1.000000000000
101 0.252500 1.000000000000 1.000000000000
102 0.255000 1.000000000000 1.000000000000
103 0.257500 1.000000000000 1.000000000000
104 0.260000 1.000000000000 1.000000000000
105 0.262500 1.000000000000 1.000000000000
106 0.265000 1.000000000000 1.000000000000
107 0.267500 1.000000000000 1.000000000000
108 0.270000 1.000000000000 1.000000000000
109 0.272500 1.000000000000 1.000000000000
110 0.275000 1.000000000000 1.000000000000
111 0.277500 1.000000000000 1.000000000000
112 0.280000 1.000000000000 1.000000000000
113 0.282500 1.000000000000 1.000000000000
114 0.285000 1.000000000000 1.000000000000
115 0.287500 1.000000000000 1.000000000000
116 0.290000 1.000000000000 1.000000000000
117 0.292500 1.000000000000 1.000000000000
118 0.295000 1.000000000000 1.000000000000
119 0.297500 1.000000000000 1.000000000000
120 0.300000 1.000000000000 1.000000000000
121 0.302500 1.000000000000 1.000000000000
122 0.305000 1.000000000000 1.000000000000
123 0.307500 1.000000000000 1.000000000000
124 0.310000 1.000000000000 1.000000000000
125 0.312500 1.000000000000 1.000000000000
126 0.315000 1.000000000000 1.000000000000
127 0.317500 1.000000000000 1.000000000000
128 0.320000 1.000000000000 1.000000000000
129 0.322500 1.000000000000 1.000000000000
130 0.325000 1.000000000000 1.000000000000
131 0.327500 1.000000000000 1.000000000000
132 0.330000 1.000000000000 1.000000000000
133 0.332500 1.000000000000 1.000000000000
134 0.335000 1.000000000000 1.000000000000
135 0.337500 1.000000000000 1.000000000000
136 0.340000 1.000000000000 1.000000000000
137 0.342500 1.000000000000 1.000000000000
138 0.345000 1.000000000000 1.000000000000
139 0.347500 1.000000000000 1.000000000000
140 0.350000 1.000000000000 1.000000000000
141 0.352500 1.000000000000 1.000000000000
142 0.355000 1.000000000000 1.000000000000
143 0.357500 1.000000000000 1.000000000000
144 0.360000 1.000000000000 1.000000000000
145 0.362500 1.000000000000 1.000000000000
146 0.365000 1.000000000000 1.000000000000
147 0.367500 1.000000000000 1.000000000000
148 0.370000 1.000000000000 1.000000000000
149 0.372500 1.000000000000 1.000000000000
150 0.375000 1.000000000000 1.000000000000
151 0.377500 1.000000000000 1.000000000000
152 0.380000 1.000000000000 1.000000000000
153 0.382500 1.000000000000 1.000000000000
154 0.385000 1.000000000000 1.000000000000
155 0.387500 1.000000000000 1.000000000000
156 0.390000 1.000000000000 1.000000000000
157 0.392500 1.000000000000 1.000000000000
158 0.395000 1.000000000000 1.000000000000
159 0.397500 1.000000000000 1.000000000000
160 0.400000 1.000000000000 1.000000000000
161 0.402500 1.000000000000 1.000000000000
162 0.405000 1.000000000000 1.000000000000
163 0.407500 1.000000000000 1.000000000000
164 0.410000 1.000000000000 1.000000000000
165 0.412500 1.000000000000 1.000000000000
166 0.415000 1.000000000000 1.000000000000
167 0.417500 1.000000000000 1.000000000000
168 0.420000 1.000000000000 1.000000000000
169 0.422500 1.000000000000 1.000000000000
170 0.425000 1.000000000000 1.000000000000
171 0.427500 1.000000000000 1.000000000000
172 0.430000 1.000000000000 1.000000000000
173 0.432500 1.000000000000 1.000000000000
174 0.435000 1.000000000000 1.000000000000
175 0.437500 1.000000000000 1.000000000000
176 0.440000 1.000000000000 1.000000000000
177 0.442500 1.000000000000 1.000000000000
178 0.445000 1.000000000000 1.000000000000
179 0.447500 1.000000000000 1.000000000000
180 0.450000 1.000000000000 1.000000000000
181 0.452500 1.000000000000 1.000000000000
182 0.455000 1.000000000000 1.000000000000
183 0.457500 1.000000000000 1.000000000000
184 0.460000 1.000000000000 1.000000000000
185 0.462500 1.000000000000 1.000000000000
186 0.465000 1.000000000000 1.000000000000
187 0.467500 1.000000000000 1.000000000000
188 0.470000 1.000000000000 1.000000000000
189 0.472500 1.000000000000 1.000000000000
190 0.475000 1.000000000000 1.000000000000
191 0.477500 1.000000000000 1.000000000000
192 0.480000 1.000000000000 1.000000000000
193 0.482500 1.000000000000 1.000000000000
194 0.485000 1.000000000000 1.000000000000
195 0.487500 1.000000000000 1.000000000000
196 0.490000 1.000000000000 1.000000000000
197 0.492500 1.000000000000 1.000000000000
198 0.495000 1.000000000000 1.000000000000
199 0.497500 1.000000000000 1.000000000000
200 0.500000 1.000000000000 1.000000000000
201 0.502500 1.000000000000 1.000000000000
202 0.505000 1.000000000000 1.000000000000
203 0.507500 1.000000000000 1.000000000000
204 0.510000 1.000000000000 1.000000000000
205 0.512500 1.000000000000 1.000000000000
206 0.515000 1.000000000000 1.000000000000
207 0.517500 1.000000000000 1.000000000000
208 0.520000 1.000000000000 1.000000000000
209 0.522500 1.000000000000 1.000000000000
210 0.525000 1.000000000000 1.000000000000
211 0.527500 1.000000000000 1.000000000000
212 0.530000 1.000000000000 1.000000000000
213 0.532500 1.000000000000 1.000000000000
214 0.535000 1.000000000000 1.000000000000
215 0.537500 1.000000000000 1.000000000000
216 0.540000 1.000000000000 1.000000000000
217 0.542500 1.000000000000 1.000000000000
218 0.545000 1.000000000000 1.000000000000
219 0.547500 1.000000000000 1.000000000000
220 0.550000 1.000000000000 1.000000000000
221 0.552500 1.000000000000 1.000000000000
222 0.555000 1.000000000000 1.000000000000
223 0.557500 1.000000000000 1.000000000000
224 0.560000 1.000000000000 1.000000000000
225 0.562500 1.000000000000 1.000000000000
226 0.565000 1.000000000000 1.000000000000
227 0.567500 1.000000000000 1.000000000000
228 0.570000 1.000000000000 1.000000000000
229 0.572500 1.000000000000 1.000000000000
230 0.575000 1.000000000000 1.000000000000
231 0.577500 1.000000000000 1.000000000000
232 0.580000 1.000000000000 1.000000000000
233 0.582500 1.000000000000 1.000000000000
234 0.585000 1.000000000000 1.000000000000
235 0.587500 1.000000000000 1.000000000000
236 0.590000 1.000000000000 1.000000000000
237 0.592500 1.000000000000 1.000000000000
238 0.595000 1.000000000000 1.000000000000
239 0.597500 1.000000000000 1.000000000000
240 0.600000 1.000000000000 1.000000000000
241 0.602500 1.000000000000 1.000000000000
242 0.605000 1.000000000000 1.000000000000
243 0.607500 1.000000000000 1.000000000000
244 0.610000 1.000000000000 1.000000000000
245 0.612500 1.000000000000 1.000000000000
246 0.615000 1.000000000000 1.000000000000
247 0.617500 1.000000000000 1.000000000000
248 0.620000 1.000000000000 1.000000000000
249 0.622500 1.000000000000 1.000000000000
250 0.625000 1.000000000000 1.000000000000
251 0.627500 1.000000000000 1.000000000000
252 0.630000 1.000000000000 1.000000000000
253 0.632500 1.000000000000 1.000000000000
254 0.635000 1.000000000000 1.000000000000
255 0.637500 1.000000000000 1.000000000000
256 0.640000 1.000000000000 1.000000000000
257 0.642500 1.000000000000 1.000000000000
258 0.645000 1.000000000000 1.000000000000
259 0.647500 1.000000000000 1.000000000000
260 0.650000 1.000000000000 1.000000000000
261 0.652500 1.000000000000 1.000000000000
262 0.655000 1.000000000000 1.000000000000
263 0.657500 1.000000000000 1.000000000000
264 0.660000 1.000000000000 1.000000000000
265 0.662500 1.000000000000 1.000000000000
266 0.665000 1.000000000000 1.000000000000
267 0.667500 1.000000000000 1.000000000000
268 0.670000 1.000000000000 1.000000000000
269 0.672500 1.000000000000 1.000000000000
270 0.675000 1.000000000000 1.000000000000
271 0.677500 1.000000000000 1.000000000000
272 0.680000 1.000000000000 1.000000000000
273 0.682500 1.000000000000 1.000000000000
274 0.685000 1.000000000000 1.000000000000
275 0.687500 1.000000000000 1.000000000000
276 0.690000 1.000000000000 1.000000000000
277 0.692500 1.000000000000 1.000000000000
278 0.695000 1.000000000000 1.000000000000
279 0.697500 1.000000000000 1.000000000000
280 0.700000 1.000000000000 1.000000000000
281 0.702500 1.000000000000 1.000000000000
282 0.705000 1.000000000000 1.000000000000
283 0.707500 1.000000000000 1.000000000000
284 0.710000 1.000000000000 1.000000000000
285 0.712500 1.000000000000 1.000000000000
286 0.715000 1.000000000000 1.000000000000
287 0.717500 1.000000000000 1.000000000000
288 0.720000 1.000000000000 1.000000000000
289 0.722500 1.000000000000 1.000000000000
290 0.725000 1.000000000000 1.000000000000
291 0.727500 1.000000000000 1.000000000000
292 0.730000 1.000000000000 1.000000000000
293 0.732500 1.000000000000 1.000000000000
294 0.735000 1.000000000000 1.000000000000
295 0.737500 1.000000000000 1.000000000000
296 0.740000 1.000000000000 1.000000000000
297 0.742500 1.000000000000 1.000000000000
298 0.745000 1.000000000000 1.000000000000
299 0.747500 1.000000000000 1.000000000000
300 0.750000 1.000000000000 1.000000000000
301 0.752500 1.000000000000 1.000000000000
302 0.755000 1.000000000000 1.000000000000
303 0.757500 1.000000000000 1.000000000000
304 0.760000 1.000000000000 1.000000000000
305 0.762500 1.000000000000 1.000000000000
306 0.765000 1.000000000000 1.000000000000
307 0.767500 1.000000000000 1.000000000000
308 0.770000 1.000000000000 1.000000000000
309 0.772500 1.000000000000 1.000000000000
310 0.775000 1.000000000000 1.000000000000
311 0.777500 1.000000000000 1.000000000000
312 0.780000 1.000000000000 1.000000000000
313 0.782500 1.000000000000 1.000000000000
314 0.785000 1.000000000000 1.000000000000
315 0.787500 1.000000000000 1.000000000000
316 0.790000 1.000000000000 1.000000000000
317 0.792500 1.000000000000 1.000000000000
318 0.795000 1.000000000000 1.000000000000
319 0.797500 1.000000000000 1.000000000000
320 0.800000 1.000000000000 1.000000000000
321 0.802500 1.000000000000 1.000000000000
322 0.805000 1.000000000000 1.000000000000
323 0.807500 1.000000000000 1.000000000000
324 0.810000 1.000000000000 1.000000000000
325 0.812500 1.000000000000 1.000000000000
326 0.815000 1.000000000000 1.000000000000
327 0.817500 1.000000000000 1.000000000000
328 0.820000 1.000000000000 1.000000000000
329 0.822500 1.000000000000 1.000000000000
330 0.825000 1.000000000000 1.000000000000
331 0.827500 1.000000000000 1.000000000000
332 0.830000 1.000000000000 1.000000000000
333 0.832500 1.000000000000 1.000000000000
334 0.835000 1.000000000000 1.000000000000
335 0.837500 1.000000000000 1.000000000000
336 0.840000 1.000000000000 1.000000000000
337 0.842500 1.000000000000 1.000000000000
338 0.845000 1.000000000000 1.000000000000
339 0.847500 1.000000000000 1.000000000000
340 0.850000 1.000000000000 1.000000000000
341 0.852500 1.000000000000 1.000000000000
342 0.855000 1.000000000000 1.000000000000
343 0.857500 1.000000000000 1.000000000000
344 0.860000 1.000000000000 1.000000000000
345 0.862500 1.000000000000 1.000000000000
346 0.865000 1.000000000000 1.000000000000
347 0.867500 1.000000000000 1.000000000000
348 0.870000 1.000000000000 1.000000000000
349 0.872500 1.000000000000 1.000000000000
350 0.875000 1.000000000000 1.000000000000
351 0.877500 1.000000000000 1.000000000000
352 0.880000 1.000000000000 1.000000000000
353 0.882500 1.000000000000 1.000000000000
354 0.885000 1.000000000000 1.000000000000
355 0.887500 1.000000000000 1.000000000000
356 0.890000 1.000000000000 1.000000000000
357 0.892500 1.000000000000 1.000000000000
358 0.895000 1.000000000000 1.000000000000
359 0.897500 1.000000000000 1.000000000000
360 0.900000 1.000000000000 1.000000000000
361 0.902500 1.000000000000 1.000000000000
362 0.905000 1.000000000000 1.000000000000
363 0.907500 1.000000000000 1.000000000000
364 0.910000 1.000000000000 1.000000000000
365 0.912500 1.000000000000 1.000000000000
366 0.915000 1.000000000000 1.000000000000
367 0.917500 1.000000000000 1.000000000000
368 0.920000 1.000000000000 1.000000000000
369 0.922500 1.000000000000 1.000000000000
370 0.925000 1.000000000000 1.000000000000
371 0.927500 1.000000000000 1.000000000000
372 0.930000 1.000000000000 1.000000000000
373 0.932500 1.000000000000 1.000000000000
374 0.935000 1.000000000000 1.000000000000
375 0.937500 1.000000000000 1.000000000000
376 0.940000 1.000000000000 1.000000000000
377 0.942500 1.000000000000 1.000000000000
378 0.945000 1.000000000000 1.000000000000
379 0.947500 1.000000000000 1.000000000000
380 0.950000 1.000000000000 1.000000000000
381 0.952500 1.000000000000 1.000000000000
382 0.955000 1.000000000000 1.000000000000
383 0.957500 1.000000000000 1.000000000000
384 0.960000 1.000000000000 1.000000000000
385 0.962500 1.000000000000 1.000000000000
386 0.965000 1.000000000000 1.000000000000
387 0.967500 1.000000000000 1.000000000000
388 0.970000 1.000000000000 1.000000000000
389 0.972500 1.000000000000 1.000000000000
390 0.975000 1.000000000000 1.000000000000
391 0.977500 1.000000000000 1.000000000000
392 0.980000 1.000000000000 1.000000000000
393 0.982500 1.000000000000 1.000000000000
394 0.985000 1.000000000000 1.000000000000
395 0.987500 1.000000000000 1.000000000000
396 0.990000 1.000000000000 1.000000000000
397 0.992500 1.000000000000 1.000000000000
398 0.995000 1.000000000000 1.000000000000
399 0.997500 1.000000000000 1.000000000000
400 1.000000 1.000000000000 1.000000000000
401 1.002500 1.000000000000 1.000000000000
402 1.005000 1.000000000000 1.000000000000
403 1.007500 1.000000000000 1.000000000000
404 1.010000 1.000000000000 1.000000000000
405 1.012500 1.000000000000 1.000000000000
406 1.015000 1.000000000000 1.000000000000
407 1.017500 1.000000000000 1.000000000000
408 1.020000 1.000000000000 1.000000000000
409 1.022500 1.000000000000 1.000000000000
410 1.025000 1.000000000000 1.000000000000
411 1.027500 1.000000000000 1.000000000000
412 1.030000 1.000000000000 1.000000000000
413 1.032500 1.000000000000 1.000000000000
414 1.035000 1.000000000000 1.000000000000
415 1.037500 1.000000000000 1.000000000000
416 1.040000 1.000000000000 1.000000000000
417 1.042500 1.000000000000 1.000000000000
418 1.045000 1.000000000000 1.000000000000
419 1.047500 1.000000000000 1.000000000000
420 1.050000 1.000000000001 1.000000000001
421 1.052500 1.000000000001 1.000000000001
422 1.055000 1.000000000002 1.000000000002
423 1.057500 1.000000000002 1.000000000002
424 1.060000 1.000000000003 1.000000000003
425 1.062500 1.000000000004 1.000000000004
426 1.065000 1.000000000006 1.000000000006
427 1.067500 1.000000000008 1.000000000008
428 1.070000 1.000000000010 1.000000000010
429 1.072500 1.000000000013 1.000000000013
430 1.075000 1.000000000017 1.000000000017
431 1.077500 1.000000000022 1.000000000022
432 1.080000 1.000000000027 1.000000000027
433 1.082500 1.000000000033 1.000000000033
434 1.085000 1.000000000040 1.000000000040
435 1.087500 1.000000000048 1.000000000048
436 1.090000 1.000000000058 1.000000000058
437 1.092500 1.000000000068 1.000000000068
438 1.095000 1.000000000080 1.000000000080
439 1.097500 1.000000000092 1.000000000092
440 1.100000 1.000000000106 1.000000000106
441 1.102500 1.000000000122 1.000000000122
442 1.105000 1.000000000138 1.000000000138
443 1.107500 1.000000000155 1.000000000155
444 1.110000 1.000000000174 1.000000000174
445 1.112500 1.000000000194 1.000000000194
446 1.115000 1.000000000214 1.000000000214
447 1.117500 1.000000000236 1.000000000236
448 1.120000 1.000000000258 1.000000000258
449 1.122500 1.000000000281 1.000000000281
450 1.125000 1.000000000305 1.000000000305
451 1.127500 1.000000000329 1.000000000329
452 1.130000 1.000000000354 1.000000000354
453 1.132500 1.000000000379 1.000000000379
454 1.135000 1.000000000405 1.000000000405
455 1.137500 1.000000000430 1.000000000430
456 1.140000 1.000000000456 1.000000000456
457 1.142500 1.000000000482 1.000000000482
458 1.145000 1.000000000508 1.000000000508
459 1.147500 1.000000000533 1.000000000533
460 1.150000 1.000000000559 1.000000000559
461 1.152500 1.000000000585 1.000000000585
462 1.155000 1.000000000610 1.000000000610
463 1.157500 1.000000000635 1.000000000635
464 1.160000 1.000000000660 1.000000000660
465 1.162500 1.000000000685 1.000000000685
466 1.165000 1.000000000709 1.000000000709
467 1.167500 1.000000000734 1.000000000734
468 1.170000 1.000000000758 1.000000000758
469 1.172500 1.000000000782 1.000000000782
470 1.175000 1.000000000805 1.000000000805
471 1.177500 1.000000000829 1.000000000829
472 1.180000 1.000000000852 1.000000000852
473 1.182500 1.000000000875 1.000000000875
474 1.185000 1.000000000898 1.000000000898
475 1.187500 1.000000000921 1.000000000921
476 1.190000 1.000000000944 1.000000000944
477 1.192500 1.000000000967 1.000000000967
478 1.195000 1.000000000989 1.000000000989
479 1.197500 1.000000001012 1.000000001012
480 1.200000 1.000000001034 1.000000001034
481 1.202500 1.000000001057 1.000000001057
482 1.205000 1.000000001079 1.000000001079
483 1.207500 1.000000001101 1.000000001101
484 1.210000 1.000000001123 1.000000001123
485 1.212500 1.000000001145 1.000000001145
486 1.215000 1.000000001167 1.000000001167
487 1.217500 1.000000001189 1.000000001189
488 1.220000 1.000000001211 1.000000001211
489 1.222500 1.000000001233 1.000000001233
490 1.225000 1.000000001255 1.000000001255
491 1.227500 1.000000001276 1.000000001276
492 1.230000 1.000000001298 1.000000001298
493 1.232500 1.000000001320 1.000000001320
494 1.235000 1.000000001341 1.000000001341
495 1.237500 1.000000001362 1.000000001362
496 1.240000 1.000000001384 1.000000001384
497 1.242500 1.000000001405 1.000000001405
498 1.245000 1.000000001426 1.000000001426
499 1.247500 1.000000001446 1.000000001446
500 1.250000 1.000000001467 1.000000001467
501 1.252500 1.000000001488 1.000000001488
502 1.255000 1.000000001508 1.000000001508
503 1.257500 1.000000001529 1.000000001529
504 1.260000 1.000000001549 1.000000001549
505 1.262500 1.000000001570 1.000000001570
506 1.265000 1.000000001590 1.000000001590
507 1.267500 1.000000001610 1.000000001610
508 1.270000 1.000000001630 1.000000001630
509 1.272500 1.000000001650 1.000000001650
510 1.275000 1.000000001669 1.000000001669
511 1.277500 1.000000001689 1.000000001689
512 1.280000 1.000000001709 1.000000001709
513 1.282500 1.000000001728 1.000000001728
514 1.285000 1.000000001748 1.000000001748
515 1.287500 1.000000001767 1.000000001767
516 1.290000 1.000000001787 1.000000001787
517 1.292500 1.000000001806 1.000000001806
518 1.295000 1.000000001825 1.000000001825
519 1.297500 1.000000001845 1.000000001845
520 1.300000 1.000000001864 1.000000001864
521 1.302500 1.000000001883 1.000000001883
522 1.305000 1.000000001902 1.000000001902
523 1.307500 1.000000001921 1.000000001921
524 1.310000 1.000000001941 1.000000001941
525 1.312500 1.000000001960 1.000000001960
526 1.315000 1.000000001979 1.000000001979
527 1.317500 1.000000001998 1.000000001998
528 1.320000 1.000000002017 1.000000002017
529 1.322500 1.000000002036 1.000000002036
530 1.325000 1.000000002055 1.000000002055
531 1.327500 1.000000002074 1.000000002074
532 1.330000 1.000000002093 1.000000002093
533 1.332500 1.000000002112 1.000000002112
534 1.335000 1.000000002132 1.000000002132
535 1.337500 1.000000002151 1.000000002151
536 1.340000 1.000000002170 1.000000002170
537 1.342500 1.000000002189 1.000000002189
538 1.345000 1.000000002208 1.000000002208
539 1.347500 1.000000002227 1.000000002227
540 1.350000 1.000000002246 1.000000002246
541 1.352500 1.000000002265 1.000000002265
542 1.355000 1.000000002284 1.000000002284
543 1.357500 1.000000002303 1.000000002303
544 1.360000 1.000000002322 1.000000002322
545 1.362500 1.000000002341 1.000000002341
546 1.365000 1.000000002360 1.000000002360
547 1.367500 1.000000002379 1.000000002379
548 1.370000 1.000000002397 1.000000002397
549 1.372500 1.000000002416 1.000000002416
550 1.375000 1.000000002435 1.000000002435
551 1.377500 1.000000002454 1.000000002454
552 1.380000 1.000000002473 1.000000002473
553 1.382500 1.000000002492 1.000000002492
554 1.385000 1.000000002511 1.000000002511
555 1.387500 1.000000002530 1.000000002530
556 1.390000 1.000000002549 1.000000002549
557 1.392500 1.000000002567 1.000000002567
558 1.395000 1.000000002586 1.000000002586
559 1.397500 1.000000002605 1.000000002605
560 1.400000 1.000000002624 1.000000002624
561 1.402500 1.000000002643 1.000000002643
562 1.405000 1.000000002662 1.000000002662
563 1.407500 1.000000002680 1.000000002680
564 1.410000 1.000000002699 1.000000002699
565 1.412500 1.000000002718 1.000000002718
566 1.415000 1.000000002737 1.000000002737
567 1.417500 1.000000002756 1.000000002756
568 1.420000 1.000000002774 1.000000002774
569 1.422500 1.000000002793 1.000000002793
570 1.425000 1.000000002812 1.000000002812
571 1.427500 1.000000002831 1.000000002831
572 1.430000 1.000000002849 1.000000002849
573 1.432500 1.000000002868 1.000000002868
574 1.435000 1.000000002887 1.000000002887
575 1.437500 1.000000002905 1.000000002905
576 1.440000 1.000000002924 1.000000002924
577 1.442500 1.000000002943 1.000000002943
578 1.445000 1.000000002961 1.000000002961
579 1.447500 1.000000002980 1.000000002980
580 1.450000 1.000000002999 1.000000002999
581 1.452500 1.000000003017 1.000000003017
582 1.455000 1.000000003036 1.000000003036
583 1.457500 1.000000003055 1.000000003055
584 1.460000 1.000000003073 1.000000003073
585 1.462500 1.000000003092 1.000000003092
586 1.465000 1.000000003111 1.000000003111
587 1.467500 1.000000003129 1.000000003129
588 1.470000 1.000000003148 1.000000003148
589 1.472500 1.000000003167 1.000000003167
590 1.475000 1.000000003185 1.000000003185
591 1.477500 1.000000003204 1.000000003204
592 1.480000 1.000000003222 1.000000003222
593 1.482500 1.000000003241 1.000000003241
594 1.485000 1.000000003260 1.000000003260
595 1.487500 1.000000003278 1.000000003278
596 1.490000 1.000000003297 1.000000003297
597 1.492500 1.000000003315 1.000000003315
598 1.495000 1.000000003334 1.000000003334
599 1.497500 1.000000003353 1.000000003353
600 1.500000 1.000000003371 1.000000003371
601 1.502500 1.000000003390 1.000000003390
602 1.505000 1.000000003408 1.000000003408
603 1.507500 1.000000003427 1.000000003427
604 1.510000 1.000000003445 1.000000003445
605 1.512500 1.000000003464 1.000000003464
606 1.515000 1.000000003483 1.000000003483
607 1.517500 1.000000003501 1.000000003501
608 1.520000 1.000000003520 1.000000003520
609 1.522500 1.000000003538 1.000000003538
610 1.525000 1.000000003557 1.000000003557
611 1.527500 1.000000003576 1.000000003576
612 1.530000 1.000000003594 1.000000003594
613 1.532500 1.000000003613 1.000000003613
614 1.535000 1.000000003631 1.000000003631
615 1.537500 1.000000003650 1.000000003650
616 1.540000 1.000000003668 1.000000003668
617 1.542500 1.000000003687 1.000000003687
618 1.545000 1.000000003706 1.000000003706
619 1.547500 1.000000003724 1.000000003724
620 1.550000 1.000000003743 1.000000003743
621 1.552500 1.000000003761 1.000000003761
622 1.555000 1.000000003780 1.000000003780
623 1.557500 1.000000003798 1.000000003798
624 1.560000 1.000000003817 1.000000003817
625 1.562500 1.000000003836 1.000000003836
626 1.565000 1.000000003854 1.000000003854
627 1.567500 1.000000003873 1.000000003873
628 1.570000 1.000000003891 1.000000003891
629 1.572500 1.000000003910 1.000000003910
630 1.575000 1.000000003929 1.000000003929
631 1.577500 1.000000003947 1.000000003947
632 1.580000 1.000000003966 1.000000003966
633 1.582500 1.000000003984 1.000000003984
634 1.585000 1.000000004003 1.000000004003
635 1.587500 1.000000004022 1.000000004022
636 1.590000 1.000000004040 1.000000004040
637 1.592500 1.000000004059 1.000000004059
638 1.595000 1.000000004077 1.000000004077
639 1.597500 1.000000004096 1.000000004096
640 1.600000 1.000000004115 1.000000004115
641 1.602500 1.000000004133 1.000000004133
642 1.605000 1.000000004152 1.000000004152
643 1.607500 1.000000004171 1.000000004171
644 1.610000 1.000000004189 1.000000004189
645 1.612500 1.000000004208 1.000000004208
646 1.615000 1.000000004226 1.000000004226
647 1.617500 1.000000004245 1.000000004245
648 1.620000 1.000000004264 1.000000004264
649 1.622500 1.000000004282 1.000000004282
650 1.625000 1.000000004301 1.000000004301
651 1.627500 1.000000004320 1.000000004320
652 1.630000 1.000000004338 1.000000004338
653 1.632500 1.000000004357 1.000000004357
654 1.635000 1.000000004376 1.000000004376
655 1.637500 1.000000004394 1.000000004394
656 1.640000 1.000000004413 1.000000004413
657 1.642500 1.000000004432 1.000000004432
658 1.645000 1.000000004450 1.000000004450
659 1.647500 1.000000004469 1.000000004469
660 1.650000 1.000000004488 1.000000004488
661 1.652500 1.000000004506 1.000000004506
662 1.655000 1.000000004525 1.000000004525
663 1.657500 1.000000004544 1.000000004544
664 1.660000 1.000000004562 1.000000004562
665 1.662500 1.000000004581 1.000000004581
666 1.665000 1.000000004600 1.000000004600
667 1.667500 1.000000004618 1.000000004618
668 1.670000 1.000000004637 1.000000004637
669 1.672500 1.000000004656 1.000000004656
670 1.675000 1.000000004674 1.000000004674
671 1.677500 1.000000004693 1.000000004693
672 1.680000 1.000000004712 1.000000004712
673 1.682500 1.000000004731 1.000000004731
674 1.685000 1.000000004749 1.000000004749
675 1.687500 1.000000004768 1.000000004768
676 1.690000 1.000000004787 1.000000004787
677 1.692500 1.000000004805 1.000000004805
678 1.695000 1.000000004824 1.000000004824
679 1.697500 1.000000004843 1.000000004843
680 1.700000 1.000000004862 1.000000004862
681 1.702500 1.000000004880 1.000000004880
682 1.705000 1.000000004899 1.000000004899
683 1.707500 1.000000004918 1.000000004918
684 1.710000 1.000000004937 1.000000004937
685 1.712500 1.000000004955 1.000000004955
686 1.715000 1.000000004974 1.000000004974
687 1.717500 1.000000004993 1.000000004993
688 1.720000 1.000000005012 1.000000005012
689 1.722500 1.000000005030 1.000000005030
690 1.725000 1.000000005049 1.000000005049
691 1.727500 1.000000005068 1.000000005068
692 1.730000 1.000000005087 1.000000005087
693 1.732500 1.000000005105 1.000000005105
694 1.735000 1.000000005124 1.000000005124
695 1.737500 1.000000005143 1.000000005143
696 1.740000 1.000000005162 1.000000005162
697 1.742500 1.000000005181 1.000000005181
698 1.745000 1.000000005199 1.000000005199
699 1.747500 1.000000005218 1.000000005218
700 1.750000 1.000000005237 1.000000005237
701 1.752500 1.000000005256 1.000000005256
702 1.755000 1.000000005275 1.000000005275
703 1.757500 1.000000005293 1.000000005293
704 1.760000 1.000000005312 1.000000005312
705 1.762500 1.000000005331 1.000000005331
706 1.765000 1.000000005350 1.000000005350
707 1.767500 1.000000005369 1.000000005369
708 1.770000 1.000000005387 1.000000005387
709 1.772500 1.000000005406 1.000000005406
710 1.775000 1.000000005425 1.000000005425
711 1.777500 1.000000005444 1.000000005444
712 1.780000 1.000000005463 1.000000005463
713 1.782500 1.000000005482 1.000000005482
714 1.785000 1.000000005500 1.000000005500
715 1.787500 1.000000005519 1.000000005519
716 1.790000 1.000000005538 1.000000005538
717 1.792500 1.000000005557 1.000000005557
718 1.795000 1.000000005576 1.000000005576
719 1.797500 1.000000005595 1.000000005595
720 1.800000 1.000000005614 1.000000005614
721 1.802500 1.000000005632 1.000000005632
722 1.805000 1.000000005651 1.000000005651
723 1.807500 1.000000005670 1.000000005670
724 1.810000 1.000000005689 1.000000005689
725 1.812500 1.000000005708 1.000000005708
726 1.815000 1.000000005727 1.000000005727
727 1.817500 1.000000005746 1.000000005746
728 1.820000 1.000000005765 1.000000005765
729 1.822500 1.000000005783 1.000000005783
730 1.825000 1.000000005802 1.000000005802
731 1.827500 1.000000005821 1.000000005821
732 1.830000 1.000000005840 1.000000005840
733 1.832500 1.000000005859 1.000000005859
734 1.835000 1.000000005878 1.000000005878
735 1.837500 1.000000005897 1.000000005897
736 1.840000 1.000000005916 1.000000005916
737 1.842500 1.000000005935 1.000000005935
738 1.845000 1.000000005953 1.000000005953
739 1.847500 1.000000005972 1.000000005972
740 1.850000 1.000000005991 1.000000005991
741 1.852500 1.000000006010 1.000000006010
742 1.855000 1.000000006029 1.000000006029
743 1.857500 1.000000006048 1.000000006048
744 1.860000 1.000000006067 1.000000006067
745 1.862500 1.000000006086 1.000000006086
746 1.865000 1.000000006105 1.000000006105
747 1.867500 1.000000006124 1.000000006124
748 1.870000 1.000000006143 1.000000006143
749 1.872500 1.000000006162 1.000000006162
750 1.875000 1.000000006181 1.000000006181
751 1.877500 1.000000006200 1.000000006200
752 1.880000 1.000000006219 1.000000006219
753 1.882500 1.000000006237 1.000000006237
754 1.885000 1.000000006256 1.000000006256
755 1.887500 1.000000006275 1.000000006275
756 1.890000 1.000000006294 1.000000006294
757 1.892500 1.000000006313 1.000000006313
758 1.895000 1.000000006332 1.000000006332
759 1.897500 1.000000006351 1.000000006351
760 1.900000 1.000000006370 1.000000006370
761 1.902500 1.000000006389 1.000000006389
762 1.905000 1.000000006408 1.000000006408
763 1.907500 1.000000006427 1.000000006427
764 1.910000 1.000000006446 1.000000006446
765 1.912500 1.000000006465 1.000000006465
766 1.915000 1.000000006484 1.000000006484
767 1.917500 1.000000006503 1.000000006503
768 1.920000 1.000000006522 1.000000006522
769 1.922500 1.000000006541 1.000000006541
770 1.925000 1.000000006560 1.000000006560
771 1.927500 1.000000006579 1.000000006579
772 1.930000 1.000000006598 1.000000006598
773 1.932500 1.000000006617 1.000000006617
774 1.935000 1.000000006636 1.000000006636
775 1.937500 1.000000006655 1.000000006655
776 1.940000 1.000000006674 1.000000006674
777 1.942500 1.000000006693 1.000000006693
778 1.945000 1.000000006712 1.000000006712
779 1.947500 1.000000006731 1.000000006731
780 1.950000 1.000000006750 1.000000006750
781 1.952500 1.000000006769 1.000000006769
782 1.955000 1.000000006788 1.000000006788
783 1.957500 1.000000006807 1.000000006807
784 1.960000 1.000000006826 1.000000006826
785 1.962500 1.000000006845 1.000000006845
786 1.965000 1.000000006864 1.000000006864
787 1.967500 1.000000006883 1.000000006883
788 1.970000 1.000000006902 1.000000006902
789 1.972500 1.000000006921 1.000000006921
790 1.975000 1.000000006940 1.000000006940
791 1.977500 1.000000006959 1.000000006959
792 1.980000 1.000000006978 1.000000006978
793 1.982500 1.000000006997 1.000000006997
794 1.985000 1.000000007016 1.000000007016
795 1.987500 1.000000007036 1.000000007036
796 1.990000 1.000000007055 1.000000007055
797 1.992500 1.000000007074 1.000000007074
798 1.995000 1.000000007093 1.000000007093
799 1.997500 1.000000007112 1.000000007112
800 2.000000 1.000000007131 1.000000007131
801 2.002500 1.000000007150 1.000000007150
802 2.005000 1.000000007169 1.000000007169
803 2.007500 1.000000007188 1.000000007188
804 2.010000 1.000000007207 1.000000007207
805 2.012500 1.000000007226 1.000000007226
806 2.015000 1.000000007244 1.000000007244
807 2.017500 1.000000007262 1.000000007262
808 2.020000 1.000000007280 1.000000007280
809 2.022500 1.000000007296 1.000000007296
810 2.025000 1.000000007311 1.000000007311
811 2.027500 1.000000007323 1.000000007323
812 2.030000 1.000000007334 1.000000007334
813 2.032500 1.000000007341 1.000000007341
814 2.035000 1.000000007344 1.000000007344
815 2.037500 1.000000007343 1.000000007343
816 2.040000 1.000000007336 1.000000007336
817 2.042500 1.000000007324 1.000000007324
818 2.045000 1.000000007305 1.000000007305
819 2.047500 1.000000007279 1.000000007279
820 2.050000 1.000000007245 1.000000007245
821 2.052500 1.000000007203 1.000000007203
822 2.055000 1.000000007152 1.000000007152
823 2.057500 1.000000007092 1.000000007092
824 2.060000 1.000000007023 1.000000007023
825 2.062500 1.000000006945 1.000000006945
826 2.065000 1.000000006857 1.000000006857
827 2.067500 1.000000006761 1.000000006761
828 2.070000 1.000000006655 1.000000006655
829 2.072500 1.000000006541 1.000000006541
830 2.075000 1.000000006419 1.000000006419
831 2.077500 1.000000006290 1.000000006290
832 2.080000 1.000000006154 1.000000006154
833 2.082500 1.000000006012 1.000000006012
834 2.085000 1.000000005865 1.000000005865
835 2.087500 1.000000005714 1.000000005714
836 2.090000 1.000000005559 1.000000005559
837 2.092500 1.000000005403 1.000000005403
838 2.095000 1.000000005245 1.000000005245
839 2.097500 1.000000005086 1.000000005086
840 2.100000 1.000000004928 1.000000004928
841 2.102500 1.000000004772 1.000000004772
842 2.105000 1.000000004618 1.000000004618
843 2.107500 1.000000004467 1.000000004467
844 2.110000 1.000000004320 1.000000004320
845 2.112500 1.000000004177 1.000000004177
846 2.115000 1.000000004039 1.000000004039
847 2.117500 1.000000003907 1.000000003907
848 2.120000 1.000000003781 1.000000003781
849 2.122500 1.000000003662 1.000000003662
850 2.125000 1.000000003549 1.000000003549
851 2.127500 1.000000003443 1.000000003443
852 2.130000 1.000000003344 1.000000003344
853 2.132500 1.000000003251 1.000000003251
854 2.135000 1.000000003166 1.000000003166
855 2.137500 1.000000003088 1.000000003088
856 2.140000 1.000000003016 1.000000003016
857 2.142500 1.000000002951 1.000000002951
858 2.145000 1.000000002893 1.000000002893
859 2.147500 1.000000002840 1.000000002840
860 2.150000 1.000000002794 1.000000002794
861 2.152500 1.000000002752 1.000000002752
862 2.155000 1.000000002716 1.000000002716
863 2.157500 1.000000002685 1.000000002685
864 2.160000 1.000000002658 1.000000002658
865 2.162500 1.000000002635 1.000000002635
866 2.165000 1.000000002616 1.000000002616
867 2.167500 1.000000002600 1.000000002600
868 2.170000 1.000000002587 1.000000002587
869 2.172500 1.000000002577 1.000000002577
870 2.175000 1.000000002570 1.000000002570
871 2.177500 1.000000002565 1.000000002565
872 2.180000 1.000000002561 1.000000002561
873 2.182500 1.000000002559 1.000000002559
874 2.185000 1.000000002559 1.000000002559
875 2.187500 1.000000002559 1.000000002559
876 2.190000 1.000000002561 1.000000002561
877 2.192500 1.000000002564 1.000000002564
878 2.195000 1.000000002567 1.000000002567
879 2.197500 1.000000002571 1.000000002571
880 2.200000 1.000000002576 1.000000002576
881 2.202500 1.000000002580 1.000000002580
882 2.205000 1.000000002586 1.000000002586
883 2.207500 1.000000002591 1.000000002591
884 2.210000 1.000000002597 1.000000002597
885 2.212500 1.000000002602 1.000000002602
886 2.215000 1.000000002608 1.000000002608
887 2.217500 1.000000002614 1.000000002614
888 2.220000 1.000000002620 1.000000002620
889 2.222500 1.000000002626 1.000000002626
890 2.225000 1.000000002632 1.000000002632
891 2.227500 1.000000002639 1.000000002639
892 2.230000 1.000000002645 1.000000002645
893 2.232500 1.000000002651 1.000000002651
894 2.235000 1.000000002657 1.000000002657
895 2.237500 1.000000002663 1.000000002663
896 2.240000 1.000000002670 1.000000002670
897 2.242500 1.000000002676 1.000000002676
898 2.245000 1.000000002682 1.000000002682
899 2.247500 1.000000002688 1.000000002688
900 2.250000 1.000000002694 1.000000002694
901 2.252500 1.000000002701 1.000000002701
902 2.255000 1.000000002707 1.000000002707
903 2.257500 1.000000002713 1.000000002713
904 2.260000 1.000000002719 1.000000002719
905 2.262500 1.000000002725 1.000000002725
906 2.265000 1.000000002732 1.000000002732
907 2.267500 1.000000002738 1.000000002738
908 2.270000 1.000000002744 1.000000002744
909 2.272500 1.000000002750 1.000000002750
910 2.275000 1.000000002756 1.000000002756
911 2.277500 1.000000002762 1.000000002762
912 2.280000 1.000000002767 1.000000002767
913 2.282500 1.000000002773 1.000000002773
914 2.285000 1.000000002779 1.000000002779
915 2.287500 1.000000002784 1.000000002784
916 2.290000 1.000000002790 1.000000002790
917 2.292500 1.000000002795 1.000000002795
918 2.295000 1.000000002801 1.000000002801
919 2.297500 1.000000002806 1.000000002806
920 2.300000 1.000000002811 1.000000002811
921 2.302500 1.000000002816 1.000000002816
922 2.305000 1.000000002821 1.000000002821
923 2.307500 1.000000002826 1.000000002826
924 2.310000 1.000000002831 1.000000002831
925 2.312500 1.000000002836 1.000000002836
926 2.315000 1.000000002841 1.000000002841
927 2.317500 1.000000002845 1.000000002845
928 2.320000 1.000000002850 1.000000002850
929 2.322500 1.000000002854 1.000000002854
930 2.325000 1.000000002859 1.000000002859
931 2.327500 1.000000002863 1.000000002863
932 2.330000 1.000000002868 1.000000002868
933 2.332500 1.000000002872 1.000000002872
934 2.335000 1.000000002876 1.000000002876
935 2.337500 1.000000002881 1.000000002881
936 2.340000 1.000000002885 1.000000002885
937 2.342500 1.000000002889 1.000000002889
938 2.345000 1.000000002894 1.000000002894
939 2.347500 1.000000002898 1.000000002898
940 2.350000 1.000000002902 1.000000002902
941 2.352500 1.000000002906 1.000000002906
942 2.355000 1.000000002910 1.000000002910
943 2.357500 1.000000002914 1.000000002914
