# l[0]( l_0(t) ) connection: point0-point1
# n t l_0(t)      l_differential_0(t)
0 0.000000 1.000000000000 0.999999999999
1 0.002500 1.000000000000 0.999999999999
2 0.005000 1.000000000000 0.999999999999
3 0.007500 1.000000000000 0.999999999999
4 0.010000 1.000000000000 0.999999999999
5 0.012500 1.000000000000 0.999999999999
6 0.015000 1.000000000000 0.999999999999
7 0.017500 1.000000000000 0.999999999999
8 0.020000 1.000000000000 0.999999999999
9 0.022500 1.000000000000 0.999999999999
10 0.025000 1.000000000000 0.999999999999
11 0.027500 1.000000000000 0.999999999999
12 0.030000 1.000000000000 0.999999999999
13 0.032500 1.000000000000 0.999999999999
14 0.035000 1.000000000000 1.000000000000
15 0.037500 1.000000000000 1.000000000000
16 0.040000 1.000000000000 1.000000000000
17 0.042500 1.000000000000 1.000000000000
18 0.045000 1.000000000000 1.000000000000
19 0.047500 1.000000000000 1.000000000000
20 0.050000 1.000000000000 1.000000000000
21 0.052500 1.000000000000 1.000000000000
22 0.055000 1.000000000000 1.000000000000
23 0.057500 1.000000000000 1.000000000000
24 0.060000 1.000000000000 1.000000000000
25 0.062500 1.000000000000 1.000000000000
26 0.065000 1.000000000000 1.000000000000
27 0.067500 1.000000000000 1.000000000000
28 0.070000 1.000000000000 1.000000000000
29 0.072500 1.000000000000 1.000000000000
30 0.075000 1.000000000000 1.000000000000
31 0.077500 1.000000000000 1.000000000000
32 0.080000 1.000000000000 1.000000000000
33 0.082500 1.000000000000 1.000000000000
34 0.085000 1.000000000000 1.000000000000
35 0.087500 1.000000000000 1.000000000000
36 0.090000 1.000000000000 1.000000000000
37 0.092500 1.000000000000 1.000000000000
38 0.095000 1.000000000000 1.000000000000
39 0.097500 1.000000000000 1.000000000000
40 0.100000 1.000000000000 1.000000000000
41 0.102500 1.000000000000 1.000000000000
42 0.105000 1.000000000000 1.000000000000
43 0.107500 1.000000000000 1.000000000000
44 0.110000 1.000000000000 1.000000000000
45 0.112500 1.000000000000 1.000000000000
46 0.115000 1.000000000000 1.000000000000
47 0.117500 1.000000000000 1.000000000000
48 0.120000 1.000000000000 1.000000000000
49 0.122500 1.000000000000 1.000000000000
50 0.125000 1.000000000000 1.000000000000
51 0.127500 1.000000000000 1.000000000000
52 0.130000 1.000000000000 1.000000000000
53 0.132500 1.000000000000 1.000000000000
54 0.135000 1.000000000000 1.000000000000
55 0.137500 1.000000000000 1.000000000000
56 0.140000 1.000000000000 1.000000000000
57 0.142500 1.000000000000 1.000000000000
58 0.145000 1.000000000000 1.000000000000
59 0.147500 1.000000000000 1.000000000000
60 0.150000 1.000000000000 1.000000000000
61 0.152500 1.000000000000 1.000000000000
62 0.155000 1.000000000000 1.000000000000
63 0.157500 1.000000000000 1.000000000000
64 0.160000 1.000000000000 1.000000000000
65 0.162500 1.000000000000 1.000000000000
66 0.165000 1.000000000000 1.000000000000
67 0.167500 1.000000000000 1.000000000000
68 0.170000 1.000000000000 1.000000000000
69 0.172500 1.000000000000 1.000000000000
70 0.175000 1.000000000000 1.000000000000
71 0.177500 1.000000000000 1.000000000000
72 0.180000 1.000000000000 1.000000000000
73 0.182500 1.000000000000 1.000000000000
74 0.185000 1.000000000000 1.000000000000
75 0.187500 1.000000000000 1.000000000000
76 0.190000 1.000000000000 1.000000000000
77 0.192500 1.000000000000 1.000000000000
78 0.195000 1.000000000000 1.000000000000
79 0.197500 1.000000000000 1.000000000000
80 0.200000 1.000000000000 1.000000000000
81 0.202500 1.000000000000 1.000000000000
82 0.205000 1.000000000000 1.000000000000
83 0.207500 1.000000000000 1.000000000000
84 0.210000 1.000000000000 1.000000000000
85 0.212500 1.000000000000 1.000000000000
86 0.215000 1.000000000000 1.000000000000
87 0.217500 1.000000000000 1.000000000000
88 0.220000 1.000000000000 1.000000000000
89 0.222500 1.000000000000 1.000000000000
90 0.225000 1.000000000000 1.000000000000
91 0.227500 1.000000000000 1.000000000000
92 0.230000 1.000000000000 1.000000000000
93 0.232500 1.000000000000 1.000000000000
94 0.235000 1.000000000000 1.000000000000
95 0.237500 1.000000000000 1.000000000000
96 0.240000 1.000000000000 1.000000000000
97 0.242500 1.000000000000 1.000000000000
98 0.245000 1.000000000000 1.000000000000
99 0.247500 1.000000000000 1.000000000000
100 0.250000 1.000000000000 1.000000000000
101 0.252500 1.000000000000 1.000000000000
102 0.255000 1.000000000000 1.000000000000
103 0.257500 1.000000000000 1.000000000000
104 0.260000 1.000000000000 1.000000000000
105 0.262500 1.000000000000 1.000000000000
106 0.265000 1.000000000000 1.000000000000
107 0.267500 1.000000000000 1.000000000000
108 0.270000 1.000000000000 1.000000000000
109 0.272500 1.000000000000 1.000000000000
110 0.275000 1.000000000000 1.000000000000
111 0.277500 1.000000000000 1.000000000000
112 0.280000 1.000000000000 1.000000000000
113 0.282500 1.000000000000 1.000000000000
114 0.285000 1.000000000000 1.000000000000
115 0.287500 1.000000000000 1.000000000000
116 0.290000 1.000000000000 1.000000000000
117 0.292500 1.000000000000 1.000000000000
118 0.295000 1.000000000000 1.000000000000
119 0.297500 1.000000000000 1.000000000000
120 0.300000 1.000000000000 1.000000000000
121 0.302500 1.000000000000 1.000000000000
122 0.305000 1.000000000000 1.000000000000
123 0.307500 1.000000000000 1.000000000000
124 0.310000 1.000000000000 1.000000000000
125 0.312500 1.000000000000 1.000000000000
126 0.315000 1.000000000000 1.000000000000
127 0.317500 1.000000000000 1.000000000000
128 0.320000 1.000000000000 1.000000000000
129 0.322500 1.000000000000 1.000000000000
130 0.325000 1.000000000000 1.000000000000
131 0.327500 1.000000000000 1.000000000000
132 0.330000 1.000000000000 1.000000000000
133 0.332500 1.000000000000 1.000000000000
134 0.335000 1.000000000000 1.000000000000
135 0.337500 1.000000000000 1.000000000000
136 0.340000 1.000000000000 1.000000000000
137 0.342500 1.000000000000 1.000000000000
138 0.345000 1.000000000000 1.000000000000
139 0.347500 1.000000000000 1.000000000000
140 0.350000 1.000000000000 1.000000000000
141 0.352500 1.000000000000 1.000000000000
142 0.355000 1.000000000000 1.000000000000
143 0.357500 1.000000000000 1.000000000000
144 0.360000 1.000000000000 1.000000000000
145 0.362500 1.000000000000 1.000000000000
146 0.365000 1.000000000000 1.000000000000
147 0.367500 1.000000000000 1.000000000000
148 0.370000 1.000000000000 1.000000000000
149 0.372500 1.000000000000 1.000000000000
150 0.375000 1.000000000000 1.000000000000
151 0.377500 1.000000000000 1.000000000000
152 0.380000 1.000000000000 1.000000000000
153 0.382500 1.000000000000 1.000000000000
154 0.385000 1.000000000000 1.000000000000
155 0.387500 1.000000000000 1.000000000000
156 0.390000 1.000000000000 1.000000000000
157 0.392500 1.000000000000 1.000000000000
158 0.395000 1.000000000000 1.000000000000
159 0.397500 1.000000000000 1.000000000000
160 0.400000 1.000000000000 1.000000000000
161 0.402500 1.000000000000 1.000000000000
162 0.405000 1.000000000000 1.000000000000
163 0.407500 1.000000000000 1.000000000000
164 0.410000 1.000000000000 1.000000000000
165 0.412500 1.000000000000 1.000000000000
166 0.415000 1.000000000000 1.000000000000
167 0.417500 1.000000000000 1.000000000000
168 0.420000 1.000000000000 1.000000000000
169 0.422500 1.000000000000 1.000000000000
170 0.425000 1.000000000000 1.000000000000
171 0.427500 1.000000000000 1.000000000000
172 0.430000 1.000000000000 1.000000000000
173 0.432500 1.000000000000 1.000000000000
174 0.435000 1.000000000000 1.000000000000
175 0.437500 1.000000000000 1.000000000000
176 0.440000 1.000000000000 1.000000000000
177 0.442500 1.000000000000 1.000000000000
178 0.445000 1.000000000000 1.000000000000
179 0.447500 1.000000000000 1.000000000000
180 0.450000 1.000000000000 1.000000000000
181 0.452500 1.000000000000 1.000000000000
182 0.455000 1.000000000000 1.000000000000
183 0.457500 1.000000000000 1.000000000000
184 0.460000 1.000000000000 1.000000000000
185 0.462500 1.000000000000 1.000000000000
186 0.465000 1.000000000000 1.000000000000
187 0.467500 1.000000000000 1.000000000000
188 0.470000 1.000000000000 1.000000000000
189 0.472500 1.000000000000 1.000000000000
190 0.475000 1.000000000000 1.000000000000
191 0.477500 1.000000000000 1.000000000000
192 0.480000 1.000000000000 1.000000000000
193 0.482500 1.000000000000 1.000000000000
194 0.485000 1.000000000000 1.000000000000
195 0.487500 1.000000000000 1.000000000000
196 0.490000 1.000000000000 1.000000000000
197 0.492500 1.000000000000 1.000000000000
198 0.495000 1.000000000000 1.000000000000
199 0.497500 1.000000000000 1.000000000000
200 0.500000 1.000000000000 1.000000000000
201 0.502500 1.000000000000 1.000000000000
202 0.505000 1.000000000000 1.000000000000
203 0.507500 1.000000000000 1.000000000000
204 0.510000 1.000000000000 1.000000000000
205 0.512500 1.000000000000 1.000000000000
206 0.515000 1.000000000000 1.000000000000
207 0.517500 1.000000000000 1.000000000000
208 0.520000 1.000000000000 1.000000000000
209 0.522500 1.000000000000 1.000000000000
210 0.525000 1.000000000000 1.000000000000
211 0.527500 1.000000000000 1.000000000000
212 0.530000 1.000000000000 1.000000000000
213 0.532500 1.000000000000 1.000000000000
214 0.535000 1.000000000000 1.000000000000
215 0.537500 1.000000000000 1.000000000000
216 0.540000 1.000000000000 1.000000000000
217 0.542500 1.000000000000 1.000000000000
218 0.545000 1.000000000000 1.000000000000
219 0.547500 1.000000000000 1.000000000000
220 0.550000 1.000000000000 1.000000000000
221 0.552500 1.000000000000 1.000000000000
222 0.555000 1.000000000000 1.000000000000
223 0.557500 1.000000000000 1.000000000000
224 0.560000 1.000000000000 1.000000000000
225 0.562500 1.000000000000 1.000000000000
226 0.565000 1.000000000000 1.000000000000
227 0.567500 1.000000000000 1.000000000000
228 0.570000 1.000000000000 1.000000000000
229 0.572500 1.000000000000 1.000000000000
230 0.575000 1.000000000000 1.000000000000
231 0.577500 1.000000000000 1.000000000000
232 0.580000 1.000000000000 1.000000000000
233 0.582500 1.000000000000 1.000000000000
234 0.585000 1.000000000000 1.000000000000
235 0.587500 1.000000000000 1.000000000000
236 0.590000 1.000000000000 1.000000000000
237 0.592500 1.000000000000 1.000000000000
238 0.595000 1.000000000000 1.000000000000
239 0.597500 1.000000000000 1.000000000000
240 0.600000 1.000000000000 1.000000000000
241 0.602500 1.000000000000 1.000000000000
242 0.605000 1.000000000000 1.000000000000
243 0.607500 1.000000000000 1.000000000000
244 0.610000 1.000000000000 1.000000000000
245 0.612500 1.000000000000 1.000000000000
246 0.615000 1.000000000000 1.000000000000
247 0.617500 1.000000000000 1.000000000000
248 0.620000 1.000000000000 1.000000000000
249 0.622500 1.000000000000 1.000000000000
250 0.625000 1.000000000000 1.000000000000
251 0.627500 1.000000000000 1.000000000000
252 0.630000 1.000000000000 1.000000000000
253 0.632500 1.000000000000 1.000000000000
254 0.635000 1.000000000000 1.000000000000
255 0.637500 1.000000000000 1.000000000000
256 0.640000 1.000000000000 1.000000000000
257 0.642500 1.000000000000 1.000000000000
258 0.645000 1.000000000000 1.000000000000
259 0.647500 1.000000000000 1.000000000000
260 0.650000 1.000000000000 1.000000000000
261 0.652500 1.000000000000 1.000000000000
262 0.655000 1.000000000000 1.000000000000
263 0.657500 1.000000000000 1.000000000000
264 0.660000 1.000000000000 1.000000000000
265 0.662500 1.000000000000 1.000000000000
266 0.665000 1.000000000000 1.000000000000
267 0.667500 1.000000000000 1.000000000000
268 0.670000 1.000000000000 1.000000000000
269 0.672500 1.000000000000 1.000000000000
270 0.675000 1.000000000000 1.000000000000
271 0.677500 1.000000000000 1.000000000000
272 0.680000 1.000000000000 1.000000000000
273 0.682500 1.000000000000 1.000000000000
274 0.685000 1.000000000000 1.000000000000
275 0.687500 1.000000000000 1.000000000000
276 0.690000 1.000000000000 1.000000000000
277 0.692500 1.000000000000 1.000000000000
278 0.695000 1.000000000000 1.000000000000
279 0.697500 1.000000000000 1.000000000000
280 0.700000 1.000000000000 1.000000000000
281 0.702500 1.000000000000 1.000000000000
282 0.705000 1.000000000000 1.000000000000
283 0.707500 1.000000000000 1.000000000000
284 0.710000 1.000000000000 1.000000000000
285 0.712500 1.000000000000 1.000000000000
286 0.715000 1.000000000000 1.000000000000
287 0.717500 1.000000000000 1.000000000000
288 0.720000 1.000000000000 1.000000000000
289 0.722500 1.000000000000 1.000000000000
290 0.725000 1.000000000000 1.000000000000
291 0.727500 1.000000000000 1.000000000000
292 0.730000 1.000000000000 1.000000000000
293 0.732500 1.000000000000 1.000000000000
294 0.735000 1.000000000000 1.000000000000
295 0.737500 1.000000000000 1.000000000000
296 0.740000 1.000000000000 1.000000000000
297 0.742500 1.000000000000 1.000000000000
298 0.745000 1.000000000000 1.000000000000
299 0.747500 1.000000000000 1.000000000000
300 0.750000 1.000000000000 1.000000000000
301 0.752500 1.000000000000 1.000000000000
302 0.755000 1.000000000000 1.000000000000
303 0.757500 1.000000000000 1.000000000000
304 0.760000 1.000000000000 1.000000000000
305 0.762500 1.000000000000 1.000000000000
306 0.765000 1.000000000000 1.000000000000
307 0.767500 1.000000000000 1.000000000000
308 0.770000 1.000000000000 1.000000000000
309 0.772500 1.000000000000 1.000000000000
310 0.775000 1.000000000000 1.000000000000
311 0.777500 1.000000000000 1.000000000000
312 0.780000 1.000000000000 1.000000000000
313 0.782500 1.000000000000 1.000000000000
314 0.785000 1.000000000000 1.000000000000
315 0.787500 1.000000000000 1.000000000000
316 0.790000 1.000000000000 1.000000000000
317 0.792500 1.000000000000 1.000000000000
318 0.795000 1.000000000000 1.000000000000
319 0.797500 1.000000000000 1.000000000000
320 0.800000 1.000000000000 1.000000000000
321 0.802500 1.000000000000 1.000000000000
322 0.805000 1.000000000000 1.000000000000
323 0.807500 1.000000000000 1.000000000000
324 0.810000 1.000000000000 1.000000000000
325 0.812500 1.000000000000 1.000000000000
326 0.815000 1.000000000000 1.000000000000
327 0.817500 1.000000000000 1.000000000000
328 0.820000 1.000000000000 1.000000000000
329 0.822500 1.000000000000 1.000000000000
330 0.825000 1.000000000000 1.000000000000
331 0.827500 1.000000000000 1.000000000000
332 0.830000 1.000000000000 1.000000000000
333 0.832500 1.000000000000 1.000000000000
334 0.835000 1.000000000000 1.000000000000
335 0.837500 1.000000000000 1.000000000000
336 0.840000 1.000000000000 1.000000000000
337 0.842500 1.000000000000 1.000000000000
338 0.845000 1.000000000000 1.000000000000
339 0.847500 1.000000000000 1.000000000000
340 0.850000 1.000000000000 1.000000000000
341 0.852500 1.000000000000 1.000000000000
342 0.855000 1.000000000000 1.000000000000
343 0.857500 1.000000000000 1.000000000000
344 0.860000 1.000000000000 1.000000000000
345 0.862500 1.000000000000 1.000000000000
346 0.865000 1.000000000000 1.000000000000
347 0.867500 1.000000000000 1.000000000000
348 0.870000 1.000000000000 1.000000000000
349 0.872500 1.000000000000 1.000000000000
350 0.875000 1.000000000000 1.000000000000
351 0.877500 1.000000000000 1.000000000000
352 0.880000 1.000000000000 1.000000000000
353 0.882500 1.000000000000 1.000000000000
354 0.885000 1.000000000000 1.000000000000
355 0.887500 1.000000000000 1.000000000000
356 0.890000 1.000000000000 1.000000000000
357 0.892500 1.000000000000 1.000000000000
358 0.895000 1.000000000000 1.000000000000
359 0.897500 1.000000000000 1.000000000000
360 0.900000 1.000000000000 1.000000000000
361 0.902500 1.000000000000 1.000000000000
362 0.905000 1.000000000000 1.000000000000
363 0.907500 1.000000000000 1.000000000000
364 0.910000 1.000000000000 1.000000000000
365 0.912500 1.000000000000 1.000000000000
366 0.915000 1.000000000000 1.000000000000
367 0.917500 1.000000000000 1.000000000000
368 0.920000 1.000000000000 1.000000000000
369 0.922500 1.000000000000 1.000000000000
370 0.925000 1.000000000000 1.000000000000
371 0.927500 1.000000000000 1.000000000000
372 0.930000 1.000000000000 1.000000000000
373 0.932500 1.000000000000 1.000000000000
374 0.935000 1.000000000000 1.000000000000
375 0.937500 1.000000000000 1.000000000000
376 0.940000 1.000000000000 1.000000000000
377 0.942500 1.000000000000 1.000000000000
378 0.945000 1.000000000000 1.000000000000
379 0.947500 1.000000000000 1.000000000000
380 0.950000 1.000000000000 1.000000000000
381 0.952500 1.000000000000 1.000000000000
382 0.955000 1.000000000000 1.000000000000
383 0.957500 1.000000000000 1.000000000000
384 0.960000 1.000000000000 1.000000000000
385 0.962500 1.000000000000 1.000000000000
386 0.965000 1.000000000000 1.000000000000
387 0.967500 1.000000000000 1.000000000000
388 0.970000 1.000000000000 1.000000000000
389 0.972500 1.000000000000 1.000000000000
390 0.975000 1.000000000000 1.000000000000
391 0.977500 1.000000000000 1.000000000000
392 0.980000 1.000000000000 1.000000000000
393 0.982500 1.000000000000 1.000000000000
394 0.985000 1.000000000000 1.000000000000
395 0.987500 1.000000000000 1.000000000000
396 0.990000 1.000000000000 1.000000000000
397 0.992500 1.000000000000 1.000000000000
398 0.995000 1.000000000000 1.000000000000
399 0.997500 1.000000000000 1.000000000000
400 1.000000 0.999999667901 0.999999667901
401 1.002500 0.999998727201 0.999998727201
402 1.005000 0.999997257961 0.999997257961
403 1.007500 0.999995335613 0.999995335613
404 1.010000 0.999993030775 0.999993030775
405 1.012500 0.999990409133 0.999990409133
406 1.015000 0.999987531371 0.999987531371
407 1.017500 0.999984453161 0.999984453161
408 1.020000 0.999981225194 0.999981225194
409 1.022500 0.999977893258 0.999977893258
410 1.025000 0.999974498361 0.999974498361
411 1.027500 0.999971076881 0.999971076881
412 1.030000 0.999967660756 0.999967660756
413 1.032500 0.999964277689 0.999964277689
414 1.035000 0.999960951389 0.999960951389
415 1.037500 0.999957701811 0.999957701811
416 1.040000 0.999954545425 0.999954545425
417 1.042500 0.999951495482 0.999951495482
418 1.045000 0.999948562286 0.999948562286
419 1.047500 0.999945753470 0.999945753470
420 1.050000 0.999943074267 0.999943074267
421 1.052500 0.999940527774 0.999940527774
422 1.055000 0.999938115208 0.999938115208
423 1.057500 0.999935836156 0.999935836156
424 1.060000 0.999933688803 0.999933688803
425 1.062500 0.999931670160 0.999931670160
426 1.065000 0.999929776263 0.999929776263
427 1.067500 0.999928002366 0.999928002366
428 1.070000 0.999926343116 0.999926343116
429 1.072500 0.999924792707 0.999924792707
430 1.075000 0.999923345025 0.999923345025
431 1.077500 0.999921993771 0.999921993771
432 1.080000 0.999920732572 0.999920732572
433 1.082500 0.999919555076 0.999919555076
434 1.085000 0.999918455029 0.999918455029
435 1.087500 0.999917426349 0.999917426349
436 1.090000 0.999916463174 0.999916463174
437 1.092500 0.999915559908 0.999915559908
438 1.095000 0.999914711254 0.999914711254
439 1.097500 0.999913912238 0.999913912238
440 1.100000 0.999913158222 0.999913158222
441 1.102500 0.999912444911 0.999912444911
442 1.105000 0.999911768358 0.999911768358
443 1.107500 0.999911124955 0.999911124955
444 1.110000 0.999910511428 0.999910511428
445 1.112500 0.999909924824 0.999909924824
446 1.115000 0.999909362493 0.999909362493
447 1.117500 0.999908822072 0.999908822072
448 1.120000 0.999908301467 0.999908301467
449 1.122500 0.999907798831 0.999907798831
450 1.125000 0.999907312545 0.999907312544
451 1.127500 0.999906841195 0.999906841195
452 1.130000 0.999906383554 0.999906383554
453 1.132500 0.999905938561 0.999905938561
454 1.135000 0.999905505302 0.999905505302
455 1.137500 0.999905082991 0.999905082991
456 1.140000 0.999904670956 0.999904670956
457 1.142500 0.999904268619 0.999904268619
458 1.145000 0.999903875488 0.999903875488
459 1.147500 0.999903491137 0.999903491137
460 1.150000 0.999903115202 0.999903115202
461 1.152500 0.999902747362 0.999902747362
462 1.155000 0.999902387339 0.999902387339
463 1.157500 0.999902034886 0.999902034886
464 1.160000 0.999901689779 0.999901689779
465 1.162500 0.999901351813 0.999901351813
466 1.165000 0.999901020800 0.999901020800
467 1.167500 0.999900696562 0.999900696562
468 1.170000 0.999900378927 0.999900378927
469 1.172500 0.999900067732 0.999900067732
470 1.175000 0.999899762815 0.999899762815
471 1.177500 0.999899464019 0.999899464019
472 1.180000 0.999899171188 0.999899171188
473 1.182500 0.999898884168 0.999898884168
474 1.185000 0.999898602805 0.999898602805
475 1.187500 0.999898326949 0.999898326949
476 1.190000 0.999898056448 0.999898056448
477 1.192500 0.999897791156 0.999897791156
478 1.195000 0.999897530924 0.999897530924
479 1.197500 0.999897275611 0.999897275611
480 1.200000 0.999897025075 0.999897025075
481 1.202500 0.999896779179 0.999896779179
482 1.205000 0.999896537789 0.999896537789
483 1.207500 0.999896300774 0.999896300774
484 1.210000 0.999896068009 0.999896068009
485 1.212500 0.999895839373 0.999895839373
486 1.215000 0.999895614748 0.999895614748
487 1.217500 0.999895394021 0.999895394021
488 1.220000 0.999895177084 0.999895177084
489 1.222500 0.999894963835 0.999894963835
490 1.225000 0.999894754173 0.999894754173
491 1.227500 0.999894548004 0.999894548004
492 1.230000 0.999894345238 0.999894345238
493 1.232500 0.999894145787 0.999894145787
494 1.235000 0.999893949569 0.999893949569
495 1.237500 0.999893756505 0.999893756505
496 1.240000 0.999893566520 0.999893566520
497 1.242500 0.999893379541 0.999893379541
498 1.245000 0.999893195498 0.999893195498
499 1.247500 0.999893014326 0.999893014326
500 1.250000 0.999892835961 0.999892835961
501 1.252500 0.999892660340 0.999892660340
502 1.255000 0.999892487406 0.999892487406
503 1.257500 0.999892317102 0.999892317102
504 1.260000 0.999892149371 0.999892149371
505 1.262500 0.999891984163 0.999891984163
506 1.265000 0.999891821424 0.999891821424
507 1.267500 0.999891661106 0.999891661106
508 1.270000 0.999891503161 0.999891503161
509 1.272500 0.999891347542 0.999891347542
510 1.275000 0.999891194205 0.999891194205
511 1.277500 0.999891043105 0.999891043105
512 1.280000 0.999890894201 0.999890894201
513 1.282500 0.999890747451 0.999890747451
514 1.285000 0.999890602816 0.999890602816
515 1.287500 0.999890460258 0.999890460258
516 1.290000 0.999890319738 0.999890319738
517 1.292500 0.999890181222 0.999890181222
518 1.295000 0.999890044675 0.999890044675
519 1.297500 0.999889910062 0.999889910062
520 1.300000 0.999889777351 0.999889777351
521 1.302500 0.999889646510 0.999889646510
522 1.305000 0.999889517510 0.999889517510
523 1.307500 0.999889390321 0.999889390321
524 1.310000 0.999889264914 0.999889264914
525 1.312500 0.999889141262 0.999889141262
526 1.315000 0.999889019338 0.999889019338
527 1.317500 0.999888899118 0.999888899118
528 1.320000 0.999888780576 0.999888780576
529 1.322500 0.999888663688 0.999888663688
530 1.325000 0.999888548432 0.999888548432
531 1.327500 0.999888434785 0.999888434785
532 1.330000 0.999888322725 0.999888322725
533 1.332500 0.999888212231 0.999888212231
534 1.335000 0.999888103283 0.999888103283
535 1.337500 0.999887995861 0.999887995861
536 1.340000 0.999887889946 0.999887889946
537 1.342500 0.999887785518 0.999887785518
538 1.345000 0.999887682561 0.999887682561
539 1.347500 0.999887581055 0.999887581055
540 1.350000 0.999887480983 0.999887480983
541 1.352500 0.999887382328 0.999887382328
542 1.355000 0.999887285072 0.999887285072
543 1.357500 0.999887189200 0.999887189200
544 1.360000 0.999887094695 0.999887094695
545 1.362500 0.999887001540 0.999887001540
546 1.365000 0.999886909720 0.999886909720
547 1.367500 0.999886819219 0.999886819219
548 1.370000 0.999886730021 0.999886730021
549 1.372500 0.999886642111 0.999886642111
550 1.375000 0.999886555473 0.999886555473
551 1.377500 0.999886470092 0.999886470092
552 1.380000 0.999886385952 0.999886385952
553 1.382500 0.999886303040 0.999886303040
554 1.385000 0.999886221339 0.999886221339
555 1.387500 0.999886140835 0.999886140835
556 1.390000 0.999886061513 0.999886061513
557 1.392500 0.999885983358 0.999885983358
558 1.395000 0.999885906355 0.999885906355
559 1.397500 0.999885830489 0.999885830489
560 1.400000 0.999885755747 0.999885755747
561 1.402500 0.999885682113 0.999885682113
562 1.405000 0.999885609572 0.999885609572
563 1.407500 0.999885538111 0.999885538111
564 1.410000 0.999885467714 0.999885467714
565 1.412500 0.999885398368 0.999885398368
566 1.415000 0.999885330058 0.999885330058
567 1.417500 0.999885262769 0.999885262769
568 1.420000 0.999885196488 0.999885196488
569 1.422500 0.999885131201 0.999885131201
570 1.425000 0.999885066893 0.999885066893
571 1.427500 0.999885003551 0.999885003551
572 1.430000 0.999884941161 0.999884941161
573 1.432500 0.999884879709 0.999884879709
574 1.435000 0.999884819181 0.999884819181
575 1.437500 0.999884759564 0.999884759564
576 1.440000 0.999884700844 0.999884700844
577 1.442500 0.999884643009 0.999884643009
578 1.445000 0.999884586045 0.999884586045
579 1.447500 0.999884529939 0.999884529939
580 1.450000 0.999884474678 0.999884474678
581 1.452500 0.999884420250 0.999884420250
582 1.455000 0.999884366642 0.999884366642
583 1.457500 0.999884313841 0.999884313841
584 1.460000 0.999884261835 0.999884261835
585 1.462500 0.999884210612 0.999884210612
586 1.465000 0.999884160160 0.999884160160
587 1.467500 0.999884110467 0.999884110467
588 1.470000 0.999884061522 0.999884061522
589 1.472500 0.999884013312 0.999884013312
590 1.475000 0.999883965828 0.999883965828
591 1.477500 0.999883919057 0.999883919057
592 1.480000 0.999883872989 0.999883872989
593 1.482500 0.999883827612 0.999883827612
594 1.485000 0.999883782917 0.999883782917
595 1.487500 0.999883738892 0.999883738892
596 1.490000 0.999883695528 0.999883695528
597 1.492500 0.999883652814 0.999883652814
598 1.495000 0.999883610740 0.999883610740
599 1.497500 0.999883569297 0.999883569297
600 1.500000 0.999883528474 0.999883528474
601 1.502500 0.999883488263 0.999883488263
602 1.505000 0.999883448654 0.999883448654
603 1.507500 0.999883409637 0.999883409637
604 1.510000 0.999883371205 0.999883371205
605 1.512500 0.999883333347 0.999883333347
606 1.515000 0.999883296055 0.999883296055
607 1.517500 0.999883259321 0.999883259321
608 1.520000 0.999883223137 0.999883223137
609 1.522500 0.999883187493 0.999883187493
610 1.525000 0.999883152382 0.999883152382
611 1.527500 0.999883117795 0.999883117795
612 1.530000 0.999883083726 0.999883083726
613 1.532500 0.999883050165 0.999883050165
614 1.535000 0.999883017106 0.999883017106
615 1.537500 0.999882984541 0.999882984541
616 1.540000 0.999882952462 0.999882952462
617 1.542500 0.999882920863 0.999882920863
618 1.545000 0.999882889735 0.999882889735
619 1.547500 0.999882859072 0.999882859072
620 1.550000 0.999882828868 0.999882828868
621 1.552500 0.999882799115 0.999882799115
622 1.555000 0.999882769806 0.999882769806
623 1.557500 0.999882740934 0.999882740934
624 1.560000 0.999882712494 0.999882712494
625 1.562500 0.999882684479 0.999882684479
626 1.565000 0.999882656883 0.999882656883
627 1.567500 0.999882629698 0.999882629698
628 1.570000 0.999882602920 0.999882602920
629 1.572500 0.999882576541 0.999882576541
630 1.575000 0.999882550557 0.999882550557
631 1.577500 0.999882524960 0.999882524960
632 1.580000 0.999882499746 0.999882499746
633 1.582500 0.999882474909 0.999882474909
634 1.585000 0.999882450442 0.999882450442
635 1.587500 0.999882426341 0.999882426341
636 1.590000 0.999882402599 0.999882402599
637 1.592500 0.999882379213 0.999882379213
638 1.595000 0.999882356175 0.999882356175
639 1.597500 0.999882333482 0.999882333482
640 1.600000 0.999882311127 0.999882311127
641 1.602500 0.999882289106 0.999882289106
642 1.605000 0.999882267414 0.999882267414
643 1.607500 0.999882246045 0.999882246045
644 1.610000 0.999882224996 0.999882224996
645 1.612500 0.999882204261 0.999882204261
646 1.615000 0.999882183835 0.999882183835
647 1.617500 0.999882163714 0.999882163714
648 1.620000 0.999882143894 0.999882143894
649 1.622500 0.999882124369 0.999882124369
650 1.625000 0.999882105135 0.999882105135
651 1.627500 0.999882086189 0.999882086189
652 1.630000 0.999882067525 0.999882067525
653 1.632500 0.999882049139 0.999882049139
654 1.635000 0.999882031028 0.999882031028
655 1.637500 0.999882013187 0.999882013187
656 1.640000 0.999881995612 0.999881995612
657 1.642500 0.999881978299 0.999881978299
658 1.645000 0.999881961244 0.999881961244
659 1.647500 0.999881944444 0.999881944444
660 1.650000 0.999881927894 0.999881927894
661 1.652500 0.999881911590 0.999881911590
662 1.655000 0.999881895530 0.999881895530
663 1.657500 0.999881879709 0.999881879709
664 1.660000 0.999881864124 0.999881864124
665 1.662500 0.999881848771 0.999881848771
666 1.665000 0.999881833647 0.999881833647
667 1.667500 0.999881818749 0.999881818749
668 1.670000 0.999881804072 0.999881804072
669 1.672500 0.999881789614 0.999881789614
670 1.675000 0.999881775371 0.999881775371
671 1.677500 0.999881761341 0.999881761341
672 1.680000 0.999881747520 0.999881747520
673 1.682500 0.999881733904 0.999881733904
674 1.685000 0.999881720491 0.999881720491
675 1.687500 0.999881707278 0.999881707278
676 1.690000 0.999881694262 0.999881694262
677 1.692500 0.999881681439 0.999881681439
678 1.695000 0.999881668807 0.999881668807
679 1.697500 0.999881656364 0.999881656364
680 1.700000 0.999881644106 0.999881644106
681 1.702500 0.999881632030 0.999881632030
682 1.705000 0.999881620133 0.999881620133
683 1.707500 0.999881608414 0.999881608414
684 1.710000 0.999881596869 0.999881596869
685 1.712500 0.999881585496 0.999881585496
686 1.715000 0.999881574293 0.999881574293
687 1.717500 0.999881563256 0.999881563256
688 1.720000 0.999881552383 0.999881552383
689 1.722500 0.999881541671 0.999881541671
690 1.725000 0.999881531119 0.999881531119
691 1.727500 0.999881520724 0.999881520724
692 1.730000 0.999881510484 0.999881510484
693 1.732500 0.999881500396 0.999881500396
694 1.735000 0.999881490457 0.999881490457
695 1.737500 0.999881480667 0.999881480667
696 1.740000 0.999881471022 0.999881471022
697 1.742500 0.999881461520 0.999881461520
698 1.745000 0.999881452159 0.999881452159
699 1.747500 0.999881442938 0.999881442938
700 1.750000 0.999881433853 0.999881433853
701 1.752500 0.999881424904 0.999881424904
702 1.755000 0.999881416087 0.999881416087
703 1.757500 0.999881407401 0.999881407401
704 1.760000 0.999881398845 0.999881398845
705 1.762500 0.999881390415 0.999881390415
706 1.765000 0.999881382110 0.999881382110
707 1.767500 0.999881373929 0.999881373929
708 1.770000 0.999881365869 0.999881365869
709 1.772500 0.999881357929 0.999881357929
710 1.775000 0.999881350106 0.999881350106
711 1.777500 0.999881342399 0.999881342399
712 1.780000 0.999881334807 0.999881334807
713 1.782500 0.999881327328 0.999881327328
714 1.785000 0.999881319959 0.999881319959
715 1.787500 0.999881312699 0.999881312699
716 1.790000 0.999881305548 0.999881305548
717 1.792500 0.999881298502 0.999881298502
718 1.795000 0.999881291560 0.999881291560
719 1.797500 0.999881284722 0.999881284722
720 1.800000 0.999881277984 0.999881277984
721 1.802500 0.999881271347 0.999881271347
722 1.805000 0.999881264808 0.999881264808
723 1.807500 0.999881258365 0.999881258365
724 1.810000 0.999881252018 0.999881252018
725 1.812500 0.999881245765 0.999881245765
726 1.815000 0.999881239604 0.999881239604
727 1.817500 0.999881233535 0.999881233535
728 1.820000 0.999881227555 0.999881227555
729 1.822500 0.999881221664 0.999881221664
730 1.825000 0.999881215860 0.999881215860
731 1.827500 0.999881210142 0.999881210142
732 1.830000 0.999881204508 0.999881204508
733 1.832500 0.999881198958 0.999881198958
734 1.835000 0.999881193489 0.999881193489
735 1.837500 0.999881188102 0.999881188102
736 1.840000 0.999881182794 0.999881182794
737 1.842500 0.999881177564 0.999881177564
738 1.845000 0.999881172411 0.999881172411
739 1.847500 0.999881167335 0.999881167335
740 1.850000 0.999881162333 0.999881162333
741 1.852500 0.999881157406 0.999881157406
742 1.855000 0.999881152551 0.999881152551
743 1.857500 0.999881147767 0.999881147767
744 1.860000 0.999881143054 0.999881143054
745 1.862500 0.999881138411 0.999881138411
746 1.865000 0.999881133836 0.999881133836
747 1.867500 0.999881129328 0.999881129328
748 1.870000 0.999881124887 0.999881124887
749 1.872500 0.999881120511 0.999881120511
750 1.875000 0.999881116200 0.999881116200
751 1.877500 0.999881111952 0.999881111952
752 1.880000 0.999881107767 0.999881107767
753 1.882500 0.999881103643 0.999881103643
754 1.885000 0.999881099580 0.999881099580
755 1.887500 0.999881095576 0.999881095576
756 1.890000 0.999881091632 0.999881091632
757 1.892500 0.999881087745 0.999881087745
758 1.895000 0.999881083915 0.999881083915
759 1.897500 0.999881080142 0.999881080142
760 1.900000 0.999881076424 0.999881076424
761 1.902500 0.999881072761 0.999881072761
762 1.905000 0.999881069151 0.999881069151
763 1.907500 0.999881065595 0.999881065595
764 1.910000 0.999881062090 0.999881062090
765 1.912500 0.999881058637 0.999881058637
766 1.915000 0.999881055235 0.999881055235
767 1.917500 0.999881051882 0.999881051882
768 1.920000 0.999881048579 0.999881048579
769 1.922500 0.999881045324 0.999881045324
770 1.925000 0.999881042116 0.999881042116
771 1.927500 0.999881038956 0.999881038956
772 1.930000 0.999881035841 0.999881035841
773 1.932500 0.999881032772 0.999881032772
774 1.935000 0.999881029748 0.999881029748
775 1.937500 0.999881026769 0.999881026769
776 1.940000 0.999881023832 0.999881023832
777 1.942500 0.999881020939 0.999881020939
778 1.945000 0.999881018088 0.999881018088
779 1.947500 0.999881015278 0.999881015278
780 1.950000 0.999881012510 0.999881012510
781 1.952500 0.999881009781 0.999881009781
782 1.955000 0.999881007093 0.999881007093
783 1.957500 0.999881004444 0.999881004444
784 1.960000 0.999881001833 0.999881001833
785 1.962500 0.999880999260 0.999880999260
786 1.965000 0.999880996725 0.999880996725
787 1.967500 0.999880994226 0.999880994226
788 1.970000 0.999880991764 0.999880991764
789 1.972500 0.999880989338 0.999880989338
790 1.975000 0.999880986946 0.999880986946
791 1.977500 0.999880984590 0.999880984590
792 1.980000 0.999880982268 0.999880982268
793 1.982500 0.999880979979 0.999880979979
794 1.985000 0.999880977724 0.999880977724
795 1.987500 0.999880975501 0.999880975501
796 1.990000 0.999880973310 0.999880973310
797 1.992500 0.999880971151 0.999880971151
798 1.995000 0.999880969024 0.999880969024
799 1.997500 0.999880966927 0.999880966927
800 2.000000 0.999881173248 0.999881173248
801 2.002500 0.999881761493 0.999881761493
802 2.005000 0.999882681426 0.999882681426
803 2.007500 0.999883885723 0.999883885723
804 2.010000 0.999885330082 0.999885330082
805 2.012500 0.999886973294 0.999886973294
806 2.015000 0.999888777292 0.999888777292
807 2.017500 0.999890707151 0.999890707151
808 2.020000 0.999892731072 0.999892731072
809 2.022500 0.999894820328 0.999894820328
810 2.025000 0.999896949194 0.999896949194
811 2.027500 0.999899094847 0.999899094847
812 2.030000 0.999901237247 0.999901237247
813 2.032500 0.999903359010 0.999903359010
814 2.035000 0.999905445259 0.999905445259
815 2.037500 0.999907483467 0.999907483467
816 2.040000 0.999909463297 0.999909463297
817 2.042500 0.999911376428 0.999911376428
818 2.045000 0.999913216387 0.999913216387
819 2.047500 0.999914978377 0.999914978377
820 2.050000 0.999916659108 0.999916659108
821 2.052500 0.999918256628 0.999918256628
822 2.055000 0.999919770165 0.999919770165
823 2.057500 0.999921199969 0.999921199969
824 2.060000 0.999922547171 0.999922547171
825 2.062500 0.999923813640 0.999923813640
826 2.065000 0.999925001855 0.999925001855
827 2.067500 0.999926114786 0.999926114786
828 2.070000 0.999927155788 0.999927155788
829 2.072500 0.999928128495 0.999928128495
830 2.075000 0.999929036740 0.999929036740
831 2.077500 0.999929884471 0.999929884471
832 2.080000 0.999930675682 0.999930675682
833 2.082500 0.999931414356 0.999931414356
834 2.085000 0.999932104414 0.999932104414
835 2.087500 0.999932749672 0.999932749672
836 2.090000 0.999933353804 0.999933353804
837 2.092500 0.999933920322 0.999933920322
838 2.095000 0.999934452549 0.999934452549
839 2.097500 0.999934953606 0.999934953606
840 2.100000 0.999935426403 0.999935426403
841 2.102500 0.999935873636 0.999935873636
842 2.105000 0.999936297783 0.999936297783
843 2.107500 0.999936701107 0.999936701107
844 2.110000 0.999937085666 0.999937085666
845 2.112500 0.999937453313 0.999937453313
846 2.115000 0.999937805714 0.999937805714
847 2.117500 0.999938144352 0.999938144352
848 2.120000 0.999938470542 0.999938470542
849 2.122500 0.999938785446 0.999938785446
850 2.125000 0.999939090081 0.999939090081
851 2.127500 0.999939385336 0.999939385336
852 2.130000 0.999939671981 0.999939671981
853 2.132500 0.999939950686 0.999939950686
854 2.135000 0.999940222023 0.999940222023
855 2.137500 0.999940486489 0.999940486489
856 2.140000 0.999940744505 0.999940744505
857 2.142500 0.999940996435 0.999940996435
858 2.145000 0.999941242590 0.999941242590
859 2.147500 0.999941483236 0.999941483236
860 2.150000 0.999941718605 0.999941718605
861 2.152500 0.999941948895 0.999941948895
862 2.155000 0.999942174284 0.999942174284
863 2.157500 0.999942394928 0.999942394928
864 2.160000 0.999942610966 0.999942610966
865 2.162500 0.999942822527 0.999942822527
866 2.165000 0.999943029729 0.999943029729
867 2.167500 0.999943232686 0.999943232686
868 2.170000 0.999943431505 0.999943431505
869 2.172500 0.999943626287 0.999943626287
870 2.175000 0.999943817135 0.999943817135
871 2.177500 0.999944004148 0.999944004148
872 2.180000 0.999944187423 0.999944187423
873 2.182500 0.999944367056 0.999944367056
874 2.185000 0.999944543145 0.999944543145
875 2.187500 0.999944715784 0.999944715784
876 2.190000 0.999944885066 0.999944885066
877 2.192500 0.999945051086 0.999945051086
878 2.195000 0.999945213935 0.999945213935
879 2.197500 0.999945373702 0.999945373702
880 2.200000 0.999945530477 0.999945530477
881 2.202500 0.999945684345 0.999945684345
882 2.205000 0.999945835390 0.999945835390
883 2.207500 0.999945983694 0.999945983694
884 2.210000 0.999946129336 0.999946129336
885 2.212500 0.999946272392 0.999946272392
886 2.215000 0.999946412935 0.999946412935
887 2.217500 0.999946551037 0.999946551037
888 2.220000 0.999946686765 0.999946686765
889 2.222500 0.999946820183 0.999946820183
890 2.225000 0.999946951355 0.999946951355
891 2.227500 0.999947080339 0.999947080339
892 2.230000 0.999947207193 0.999947207193
893 2.232500 0.999947331971 0.999947331971
894 2.235000 0.999947454724 0.999947454724
895 2.237500 0.999947575502 0.999947575502
896 2.240000 0.999947694353 0.999947694353
897 2.242500 0.999947811321 0.999947811321
898 2.245000 0.999947926452 0.999947926452
899 2.247500 0.999948039785 0.999948039785
900 2.250000 0.999948151361 0.999948151361
901 2.252500 0.999948261219 0.999948261219
902 2.255000 0.999948369395 0.999948369395
903 2.257500 0.999948475926 0.999948475926
904 2.260000 0.999948580845 0.999948580845
905 2.262500 0.999948684186 0.999948684186
906 2.265000 0.999948785980 0.999948785980
907 2.267500 0.999948886260 0.999948886260
908 2.270000 0.999948985055 0.999948985055
909 2.272500 0.999949082393 0.999949082393
910 2.275000 0.999949178304 0.999949178304
911 2.277500 0.999949272815 0.999949272815
912 2.280000 0.999949365951 0.999949365951
913 2.282500 0.999949457740 0.999949457740
914 2.285000 0.999949548205 0.999949548205
915 2.287500 0.999949637370 0.999949637370
916 2.290000 0.999949725259 0.999949725259
917 2.292500 0.999949811895 0.999949811895
918 2.295000 0.999949897299 0.999949897299
919 2.297500 0.999949981492 0.999949981492
920 2.300000 0.999950064495 0.999950064495
921 2.302500 0.999950146328 0.999950146328
922 2.305000 0.999950227009 0.999950227009
923 2.307500 0.999950306557 0.999950306557
924 2.310000 0.999950384989 0.999950384989
925 2.312500 0.999950462323 0.999950462323
926 2.315000 0.999950538576 0.999950538576
927 2.317500 0.999950613763 0.999950613763
928 2.320000 0.999950687900 0.999950687900
929 2.322500 0.999950761002 0.999950761002
930 2.325000 0.999950833083 0.999950833083
931 2.327500 0.999950904157 0.999950904157
932 2.330000 0.999950974237 0.999950974237
933 2.332500 0.999951043338 0.999951043338
934 2.335000 0.999951111471 0.999951111471
935 2.337500 0.999951178650 0.999951178650
936 2.340000 0.999951244885 0.999951244885
937 2.342500 0.999951310190 0.999951310190
938 2.345000 0.999951374575 0.999951374575
939 2.347500 0.999951438051 0.999951438051
940 2.350000 0.999951500630 0.999951500630
941 2.352500 0.999951562323 0.999951562323
942 2.355000 0.999951623139 0.999951623139
943 2.357500 0.999951683090 0.999951683090
