# l[2]( l_2(t) ) connection: point1-point2
# n t l_2(t)      l_differential_2(t)
0 0.000000 1.000000000000 1.000000000000
1 0.002500 1.000000000000 1.000000000000
2 0.005000 1.000000000000 1.000000000000
3 0.007500 1.000000000000 1.000000000000
4 0.010000 1.000000000000 1.000000000000
5 0.012500 1.000000000000 1.000000000000
6 0.015000 1.000000000000 1.000000000000
7 0.017500 1.000000000000 1.000000000000
8 0.020000 1.000000000000 1.000000000000
9 0.022500 1.000000000000 1.000000000000
10 0.025000 1.000000000000 1.000000000000
11 0.027500 1.000000000000 1.000000000000
12 0.030000 1.000000000000 1.000000000000
13 0.032500 1.000000000000 1.000000000000
14 0.035000 1.000000000000 1.000000000000
15 0.037500 1.000000000000 1.000000000000
16 0.040000 1.000000000000 1.000000000000
17 0.042500 1.000000000000 1.000000000000
18 0.045000 1.000000000000 1.000000000000
19 0.047500 1.000000000000 1.000000000000
20 0.050000 1.000000000000 1.000000000000
21 0.052500 1.000000000000 1.000000000000
22 0.055000 1.000000000000 1.000000000000
23 0.057500 1.000000000000 1.000000000000
24 0.060000 1.000000000000 1.000000000000
25 0.062500 1.000000000000 1.000000000000
26 0.065000 1.000000000000 1.000000000000
27 0.067500 1.000000000000 1.000000000000
28 0.070000 1.000000000000 1.000000000000
29 0.072500 1.000000000000 1.000000000000
30 0.075000 1.000000000000 1.000000000000
31 0.077500 1.000000000000 1.000000000000
32 0.080000 1.000000000000 1.000000000000
33 0.082500 1.000000000000 1.000000000000
34 0.085000 1.000000000000 1.000000000000
35 0.087500 1.000000000000 1.000000000000
36 0.090000 1.000000000000 1.000000000000
37 0.092500 1.000000000000 1.000000000000
38 0.095000 1.000000000000 1.000000000000
39 0.097500 1.000000000000 1.000000000000
40 0.100000 1.000000000000 1.000000000000
41 0.102500 1.000000000000 1.000000000000
42 0.105000 1.000000000000 1.000000000000
43 0.107500 1.000000000000 1.000000000000
44 0.110000 1.000000000000 1.000000000000
45 0.112500 1.000000000000 1.000000000000
46 0.115000 1.000000000000 1.000000000000
47 0.117500 1.000000000000 1.000000000000
48 0.120000 1.000000000000 1.000000000000
49 0.122500 1.000000000000 1.000000000000
50 0.125000 1.000000000000 1.000000000000
51 0.127500 1.000000000000 1.000000000000
52 0.130000 1.000000000000 1.000000000000
53 0.132500 1.000000000000 1.000000000000
54 0.135000 1.000000000000 1.000000000000
55 0.137500 1.000000000000 1.000000000000
56 0.140000 1.000000000000 1.000000000000
57 0.142500 1.000000000000 1.000000000000
58 0.145000 1.000000000000 1.000000000000
59 0.147500 1.000000000000 1.000000000000
60 0.150000 1.000000000000 1.000000000000
61 0.152500 1.000000000000 1.000000000000
62 0.155000 1.000000000000 1.000000000000
63 0.157500 1.000000000000 1.000000000000
64 0.160000 1.000000000000 1.000000000000
65 0.162500 1.000000000000 1.000000000000
66 0.165000 1.000000000000 1.000000000000
67 0.167500 1.000000000000 1.000000000000
68 0.170000 1.000000000000 1.000000000000
69 0.172500 1.000000000000 1.000000000000
70 0.175000 1.000000000000 1.000000000000
71 0.177500 1.000000000000 1.000000000000
72 0.180000 1.000000000000 1.000000000000
73 0.182500 1.000000000000 1.000000000000
74 0.185000 1.000000000000 1.000000000000
75 0.187500 1.000000000000 1.000000000000
76 0.190000 1.000000000000 1.000000000000
77 0.192500 1.000000000000 1.000000000000
78 0.195000 1.000000000000 1.000000000000
79 0.197500 1.000000000000 1.000000000000
80 0.200000 1.000000000000 1.000000000000
81 0.202500 1.000000000000 1.000000000000
82 0.205000 1.000000000000 1.000000000000
83 0.207500 1.000000000000 1.000000000000
84 0.210000 1.000000000000 1.000000000000
85 0.212500 1.000000000000 1.000000000000
86 0.215000 1.000000000000 1.000000000000
87 0.217500 1.000000000000 1.000000000000
88 0.220000 1.000000000000 1.000000000000
89 0.222500 1.000000000000 1.000000000000
90 0.225000 1.000000000000 1.000000000000
91 0.227500 1.000000000000 1.000000000000
92 0.230000 1.000000000000 1.000000000000
93 0.232500 1.000000000000 1.000000000000
94 0.235000 1.000000000000 1.000000000000
95 0.237500 1.000000000000 1.000000000000
96 0.240000 1.000000000000 1.000000000000
97 0.242500 1.000000000000 1.000000000000
98 0.245000 1.000000000000 1.000000000000
99 0.247500 1.000000000000 1.000000000000
100 0.250000 1.000000000000 1.000000000000
101 0.252500 1.000000000000 1.000000000000
102 0.255000 1.000000000000 1.000000000000
103 0.257500 1.000000000000 1.000000000000
104 0.260000 1.000000000000 1.000000000000
105 0.262500 1.000000000000 1.000000000000
106 0.265000 1.000000000000 1.000000000000
107 0.267500 1.000000000000 1.000000000000
108 0.270000 1.000000000000 1.000000000000
109 0.272500 1.000000000000 1.000000000000
110 0.275000 1.000000000000 1.000000000000
111 0.277500 1.000000000000 1.000000000000
112 0.280000 1.000000000000 1.000000000000
113 0.282500 1.000000000000 1.000000000000
114 0.285000 1.000000000000 1.000000000000
115 0.287500 1.000000000000 1.000000000000
116 0.290000 1.000000000000 1.000000000000
117 0.292500 1.000000000000 1.000000000000
118 0.295000 1.000000000000 1.000000000000
119 0.297500 1.000000000000 1.000000000000
120 0.300000 1.000000000000 1.000000000000
121 0.302500 1.000000000000 1.000000000000
122 0.305000 1.000000000000 1.000000000000
123 0.307500 1.000000000000 1.000000000000
124 0.310000 1.000000000000 1.000000000000
125 0.312500 1.000000000000 1.000000000000
126 0.315000 1.000000000000 1.000000000000
127 0.317500 1.000000000000 1.000000000000
128 0.320000 1.000000000000 1.000000000000
129 0.322500 1.000000000000 1.000000000000
130 0.325000 1.000000000000 1.000000000000
131 0.327500 1.000000000000 1.000000000000
132 0.330000 1.000000000000 1.000000000000
133 0.332500 1.000000000000 1.000000000000
134 0.335000 1.000000000000 1.000000000000
135 0.337500 1.000000000000 1.000000000000
136 0.340000 1.000000000000 1.000000000000
137 0.342500 1.000000000000 1.000000000000
138 0.345000 1.000000000000 1.000000000000
139 0.347500 1.000000000000 1.000000000000
140 0.350000 1.000000000000 1.000000000000
141 0.352500 1.000000000000 1.000000000000
142 0.355000 1.000000000000 1.000000000000
143 0.357500 1.000000000000 1.000000000000
144 0.360000 1.000000000000 1.000000000000
145 0.362500 1.000000000000 1.000000000000
146 0.365000 1.000000000000 1.000000000000
147 0.367500 1.000000000000 1.000000000000
148 0.370000 1.000000000000 1.000000000000
149 0.372500 1.000000000000 1.000000000000
150 0.375000 1.000000000000 1.000000000000
151 0.377500 1.000000000000 1.000000000000
152 0.380000 1.000000000000 1.000000000000
153 0.382500 1.000000000000 1.000000000000
154 0.385000 1.000000000000 1.000000000000
155 0.387500 1.000000000000 1.000000000000
156 0.390000 1.000000000000 1.000000000000
157 0.392500 1.000000000000 1.000000000000
158 0.395000 1.000000000000 1.000000000000
159 0.397500 1.000000000000 1.000000000000
160 0.400000 1.000000000000 1.000000000000
161 0.402500 1.000000000000 1.000000000000
162 0.405000 1.000000000000 1.000000000000
163 0.407500 1.000000000000 1.000000000000
164 0.410000 1.000000000000 1.000000000000
165 0.412500 1.000000000000 1.000000000000
166 0.415000 1.000000000000 1.000000000000
167 0.417500 1.000000000000 1.000000000000
168 0.420000 1.000000000000 1.000000000000
169 0.422500 1.000000000000 1.000000000000
170 0.425000 1.000000000000 1.000000000000
171 0.427500 1.000000000000 1.000000000000
172 0.430000 1.000000000000 1.000000000000
173 0.432500 1.000000000000 1.000000000000
174 0.435000 1.000000000000 1.000000000000
175 0.437500 1.000000000000 1.000000000000
176 0.440000 1.000000000000 1.000000000000
177 0.442500 1.000000000000 1.000000000000
178 0.445000 1.000000000000 1.000000000000
179 0.447500 1.000000000000 1.000000000000
180 0.450000 1.000000000000 1.000000000000
181 0.452500 1.000000000000 1.000000000000
182 0.455000 1.000000000000 1.000000000000
183 0.457500 1.000000000000 1.000000000000
184 0.460000 1.000000000000 1.000000000000
185 0.462500 1.000000000000 1.000000000000
186 0.465000 1.000000000000 1.000000000000
187 0.467500 1.000000000000 1.000000000000
188 0.470000 1.000000000000 1.000000000000
189 0.472500 1.000000000000 1.000000000000
190 0.475000 1.000000000000 1.000000000000
191 0.477500 1.000000000000 1.000000000000
192 0.480000 1.000000000000 1.000000000000
193 0.482500 1.000000000000 1.000000000000
194 0.485000 1.000000000000 1.000000000000
195 0.487500 1.000000000000 1.000000000000
196 0.490000 1.000000000000 1.000000000000
197 0.492500 1.000000000000 1.000000000000
198 0.495000 1.000000000000 1.000000000000
199 0.497500 1.000000000000 1.000000000000
200 0.500000 1.000000000000 1.000000000000
201 0.502500 1.000000000000 1.000000000000
202 0.505000 1.000000000000 1.000000000000
203 0.507500 1.000000000000 1.000000000000
204 0.510000 1.000000000000 1.000000000000
205 0.512500 1.000000000000 1.000000000000
206 0.515000 1.000000000000 1.000000000000
207 0.517500 1.000000000000 1.000000000000
208 0.520000 1.000000000000 1.000000000000
209 0.522500 1.000000000000 1.000000000000
210 0.525000 1.000000000000 1.000000000000
211 0.527500 1.000000000000 1.000000000000
212 0.530000 1.000000000000 1.000000000000
213 0.532500 1.000000000000 1.000000000000
214 0.535000 1.000000000000 1.000000000000
215 0.537500 1.000000000000 1.000000000000
216 0.540000 1.000000000000 1.000000000000
217 0.542500 1.000000000000 1.000000000000
218 0.545000 1.000000000000 1.000000000000
219 0.547500 1.000000000000 1.000000000000
220 0.550000 1.000000000000 1.000000000000
221 0.552500 1.000000000000 1.000000000000
222 0.555000 1.000000000000 1.000000000000
223 0.557500 1.000000000000 1.000000000000
224 0.560000 1.000000000000 1.000000000000
225 0.562500 1.000000000000 1.000000000000
226 0.565000 1.000000000000 1.000000000000
227 0.567500 1.000000000000 1.000000000000
228 0.570000 1.000000000000 1.000000000000
229 0.572500 1.000000000000 1.000000000000
230 0.575000 1.000000000000 1.000000000000
231 0.577500 1.000000000000 1.000000000000
232 0.580000 1.000000000000 1.000000000000
233 0.582500 1.000000000000 1.000000000000
234 0.585000 1.000000000000 1.000000000000
235 0.587500 1.000000000000 1.000000000000
236 0.590000 1.000000000000 1.000000000000
237 0.592500 1.000000000000 1.000000000000
238 0.595000 1.000000000000 1.000000000000
239 0.597500 1.000000000000 1.000000000000
240 0.600000 1.000000000000 1.000000000000
241 0.602500 1.000000000000 1.000000000000
242 0.605000 1.000000000000 1.000000000000
243 0.607500 1.000000000000 1.000000000000
244 0.610000 1.000000000000 1.000000000000
245 0.612500 1.000000000000 1.000000000000
246 0.615000 1.000000000000 1.000000000000
247 0.617500 1.000000000000 1.000000000000
248 0.620000 1.000000000000 1.000000000000
249 0.622500 1.000000000000 1.000000000000
250 0.625000 1.000000000000 1.000000000000
251 0.627500 1.000000000000 1.000000000000
252 0.630000 1.000000000000 1.000000000000
253 0.632500 1.000000000000 1.000000000000
254 0.635000 1.000000000000 1.000000000000
255 0.637500 1.000000000000 1.000000000000
256 0.640000 1.000000000000 1.000000000000
257 0.642500 1.000000000000 1.000000000000
258 0.645000 1.000000000000 1.000000000000
259 0.647500 1.000000000000 1.000000000000
260 0.650000 1.000000000000 1.000000000000
261 0.652500 1.000000000000 1.000000000000
262 0.655000 1.000000000000 1.000000000000
263 0.657500 1.000000000000 1.000000000000
264 0.660000 1.000000000000 1.000000000000
265 0.662500 1.000000000000 1.000000000000
266 0.665000 1.000000000000 1.000000000000
267 0.667500 1.000000000000 1.000000000000
268 0.670000 1.000000000000 1.000000000000
269 0.672500 1.000000000000 1.000000000000
270 0.675000 1.000000000000 1.000000000000
271 0.677500 1.000000000000 1.000000000000
272 0.680000 1.000000000000 1.000000000000
273 0.682500 1.000000000000 1.000000000000
274 0.685000 1.000000000000 1.000000000000
275 0.687500 1.000000000000 1.000000000000
276 0.690000 1.000000000000 1.000000000000
277 0.692500 1.000000000000 1.000000000000
278 0.695000 1.000000000000 1.000000000000
279 0.697500 1.000000000000 1.000000000000
280 0.700000 1.000000000000 1.000000000000
281 0.702500 1.000000000000 1.000000000000
282 0.705000 1.000000000000 1.000000000000
283 0.707500 1.000000000000 1.000000000000
284 0.710000 1.000000000000 1.000000000000
285 0.712500 1.000000000000 1.000000000000
286 0.715000 1.000000000000 1.000000000000
287 0.717500 1.000000000000 1.000000000000
288 0.720000 1.000000000000 1.000000000000
289 0.722500 1.000000000000 1.000000000000
290 0.725000 1.000000000000 1.000000000000
291 0.727500 1.000000000000 1.000000000000
292 0.730000 1.000000000000 1.000000000000
293 0.732500 1.000000000000 1.000000000000
294 0.735000 1.000000000000 1.000000000000
295 0.737500 1.000000000000 1.000000000000
296 0.740000 1.000000000000 1.000000000000
297 0.742500 1.000000000000 1.000000000000
298 0.745000 1.000000000000 1.000000000000
299 0.747500 1.000000000000 1.000000000000
300 0.750000 1.000000000000 1.000000000000
301 0.752500 1.000000000000 1.000000000000
302 0.755000 1.000000000000 1.000000000000
303 0.757500 1.000000000000 1.000000000000
304 0.760000 1.000000000000 1.000000000000
305 0.762500 1.000000000000 1.000000000000
306 0.765000 1.000000000000 1.000000000000
307 0.767500 1.000000000000 1.000000000000
308 0.770000 1.000000000000 1.000000000000
309 0.772500 1.000000000000 1.000000000000
310 0.775000 1.000000000000 1.000000000000
311 0.777500 1.000000000000 1.000000000000
312 0.780000 1.000000000000 1.000000000000
313 0.782500 1.000000000000 1.000000000000
314 0.785000 1.000000000000 1.000000000000
315 0.787500 1.000000000000 1.000000000000
316 0.790000 1.000000000000 1.000000000000
317 0.792500 1.000000000000 1.000000000000
318 0.795000 1.000000000000 1.000000000000
319 0.797500 1.000000000000 1.000000000000
320 0.800000 1.000000000000 1.000000000000
321 0.802500 1.000000000000 1.000000000000
322 0.805000 1.000000000000 1.000000000000
323 0.807500 1.000000000000 1.000000000000
324 0.810000 1.000000000000 1.000000000000
325 0.812500 1.000000000000 1.000000000000
326 0.815000 1.000000000000 1.000000000000
327 0.817500 1.000000000000 1.000000000000
328 0.820000 1.000000000000 1.000000000000
329 0.822500 1.000000000000 1.000000000000
330 0.825000 1.000000000000 1.000000000000
331 0.827500 1.000000000000 1.000000000000
332 0.830000 1.000000000000 1.000000000000
333 0.832500 1.000000000000 1.000000000000
334 0.835000 1.000000000000 1.000000000000
335 0.837500 1.000000000000 1.000000000000
336 0.840000 1.000000000000 1.000000000000
337 0.842500 1.000000000000 1.000000000000
338 0.845000 1.000000000000 1.000000000000
339 0.847500 1.000000000000 1.000000000000
340 0.850000 1.000000000000 1.000000000000
341 0.852500 1.000000000000 1.000000000000
342 0.855000 1.000000000000 1.000000000000
343 0.857500 1.000000000000 1.000000000000
344 0.860000 1.000000000000 1.000000000000
345 0.862500 1.000000000000 1.000000000000
346 0.865000 1.000000000000 1.000000000000
347 0.867500 1.000000000000 1.000000000000
348 0.870000 1.000000000000 1.000000000000
349 0.872500 1.000000000000 1.000000000000
350 0.875000 1.000000000000 1.000000000000
351 0.877500 1.000000000000 1.000000000000
352 0.880000 1.000000000000 1.000000000000
353 0.882500 1.000000000000 1.000000000000
354 0.885000 1.000000000000 1.000000000000
355 0.887500 1.000000000000 1.000000000000
356 0.890000 1.000000000000 1.000000000000
357 0.892500 1.000000000000 1.000000000000
358 0.895000 1.000000000000 1.000000000000
359 0.897500 1.000000000000 1.000000000000
360 0.900000 1.000000000000 1.000000000000
361 0.902500 1.000000000000 1.000000000000
362 0.905000 1.000000000000 1.000000000000
363 0.907500 1.000000000000 1.000000000000
364 0.910000 1.000000000000 1.000000000000
365 0.912500 1.000000000000 1.000000000000
366 0.915000 1.000000000000 1.000000000000
367 0.917500 1.000000000000 1.000000000000
368 0.920000 1.000000000000 1.000000000000
369 0.922500 1.000000000000 1.000000000000
370 0.925000 1.000000000000 1.000000000000
371 0.927500 1.000000000000 1.000000000000
372 0.930000 1.000000000000 1.000000000000
373 0.932500 1.000000000000 1.000000000000
374 0.935000 1.000000000000 1.000000000000
375 0.937500 1.000000000000 1.000000000000
376 0.940000 1.000000000000 1.000000000000
377 0.942500 1.000000000000 1.000000000000
378 0.945000 1.000000000000 1.000000000000
379 0.947500 1.000000000000 1.000000000000
380 0.950000 1.000000000000 1.000000000000
381 0.952500 1.000000000000 1.000000000000
382 0.955000 1.000000000000 1.000000000000
383 0.957500 1.000000000000 1.000000000000
384 0.960000 1.000000000000 1.000000000000
385 0.962500 1.000000000000 1.000000000000
386 0.965000 1.000000000000 1.000000000000
387 0.967500 1.000000000000 1.000000000000
388 0.970000 1.000000000000 1.000000000000
389 0.972500 1.000000000000 1.000000000000
390 0.975000 1.000000000000 1.000000000000
391 0.977500 1.000000000000 1.000000000000
392 0.980000 1.000000000000 1.000000000000
393 0.982500 1.000000000000 1.000000000000
394 0.985000 1.000000000000 1.000000000000
395 0.987500 1.000000000000 1.000000000000
396 0.990000 1.000000000000 1.000000000000
397 0.992500 1.000000000000 1.000000000000
398 0.995000 1.000000000000 1.000000000000
399 0.997500 1.000000000000 1.000000000000
400 1.000000 0.999999999860 0.999999999860
401 1.002500 0.999999997966 0.999999997966
402 1.005000 0.999999990271 0.999999990271
403 1.007500 0.999999970872 0.999999970872
404 1.010000 0.999999932643 0.999999932643
405 1.012500 0.999999867790 0.999999867790
406 1.015000 0.999999768321 0.999999768321
407 1.017500 0.999999626443 0.999999626443
408 1.020000 0.999999434883 0.999999434883
409 1.022500 0.999999187147 0.999999187147
410 1.025000 0.999998877707 0.999998877707
411 1.027500 0.999998502140 0.999998502140
412 1.030000 0.999998057205 0.999998057205
413 1.032500 0.999997540885 0.999997540885
414 1.035000 0.999996952380 0.999996952380
415 1.037500 0.999996292073 0.999996292073
416 1.040000 0.999995561463 0.999995561463
417 1.042500 0.999994763080 0.999994763080
418 1.045000 0.999993900377 0.999993900377
419 1.047500 0.999992977617 0.999992977617
420 1.050000 0.999991999744 0.999991999744
421 1.052500 0.999990972256 0.999990972256
422 1.055000 0.999989901076 0.999989901076
423 1.057500 0.999988792420 0.999988792420
424 1.060000 0.999987652683 0.999987652683
425 1.062500 0.999986488316 0.999986488316
426 1.065000 0.999985305727 0.999985305727
427 1.067500 0.999984111179 0.999984111179
428 1.070000 0.999982910712 0.999982910712
429 1.072500 0.999981710066 0.999981710066
430 1.075000 0.999980514623 0.999980514623
431 1.077500 0.999979329354 0.999979329354
432 1.080000 0.999978158789 0.999978158789
433 1.082500 0.999977006984 0.999977006984
434 1.085000 0.999975877511 0.999975877511
435 1.087500 0.999974773445 0.999974773445
436 1.090000 0.999973697377 0.999973697377
437 1.092500 0.999972651414 0.999972651414
438 1.095000 0.999971637204 0.999971637204
439 1.097500 0.999970655953 0.999970655953
440 1.100000 0.999969708459 0.999969708459
441 1.102500 0.999968795136 0.999968795136
442 1.105000 0.999967916054 0.999967916054
443 1.107500 0.999967070971 0.999967070971
444 1.110000 0.999966259371 0.999966259371
445 1.112500 0.999965480501 0.999965480501
446 1.115000 0.999964733405 0.999964733405
447 1.117500 0.999964016964 0.999964016964
448 1.120000 0.999963329926 0.999963329926
449 1.122500 0.999962670938 0.999962670938
450 1.125000 0.999962038577 0.999962038577
451 1.127500 0.999961431378 0.999961431378
452 1.130000 0.999960847856 0.999960847856
453 1.132500 0.999960286528 0.999960286528
454 1.135000 0.999959745935 0.999959745935
455 1.137500 0.999959224654 0.999959224654
456 1.140000 0.999958721314 0.999958721314
457 1.142500 0.999958234606 0.999958234606
458 1.145000 0.999957763293 0.999957763293
459 1.147500 0.999957306213 0.999957306213
460 1.150000 0.999956862286 0.999956862286
461 1.152500 0.999956430514 0.999956430514
462 1.155000 0.999956009984 0.999956009984
463 1.157500 0.999955599864 0.999955599864
464 1.160000 0.999955199405 0.999955199405
465 1.162500 0.999954807933 0.999954807933
466 1.165000 0.999954424850 0.999954424850
467 1.167500 0.999954049624 0.999954049624
468 1.170000 0.999953681788 0.999953681788
469 1.172500 0.999953320936 0.999953320936
470 1.175000 0.999952966710 0.999952966710
471 1.177500 0.999952618805 0.999952618805
472 1.180000 0.999952276954 0.999952276954
473 1.182500 0.999951940928 0.999951940928
474 1.185000 0.999951610530 0.999951610530
475 1.187500 0.999951285591 0.999951285591
476 1.190000 0.999950965962 0.999950965962
477 1.192500 0.999950651515 0.999950651515
478 1.195000 0.999950342135 0.999950342135
479 1.197500 0.999950037722 0.999950037722
480 1.200000 0.999949738183 0.999949738183
481 1.202500 0.999949443431 0.999949443431
482 1.205000 0.999949153385 0.999949153385
483 1.207500 0.999948867968 0.999948867968
484 1.210000 0.999948587102 0.999948587102
485 1.212500 0.999948310712 0.999948310712
486 1.215000 0.999948038723 0.999948038723
487 1.217500 0.999947771058 0.999947771058
488 1.220000 0.999947507641 0.999947507641
489 1.222500 0.999947248395 0.999947248395
490 1.225000 0.999946993239 0.999946993239
491 1.227500 0.999946742096 0.999946742096
492 1.230000 0.999946494885 0.999946494885
493 1.232500 0.999946251526 0.999946251526
494 1.235000 0.999946011939 0.999946011939
495 1.237500 0.999945776044 0.999945776044
496 1.240000 0.999945543762 0.999945543762
497 1.242500 0.999945315016 0.999945315016
498 1.245000 0.999945089730 0.999945089730
499 1.247500 0.999944867828 0.999944867828
500 1.250000 0.999944649238 0.999944649238
501 1.252500 0.999944433889 0.999944433889
502 1.255000 0.999944221714 0.999944221714
503 1.257500 0.999944012647 0.999944012647
504 1.260000 0.999943806624 0.999943806624
505 1.262500 0.999943603587 0.999943603587
506 1.265000 0.999943403476 0.999943403476
507 1.267500 0.999943206238 0.999943206238
508 1.270000 0.999943011819 0.999943011819
509 1.272500 0.999942820171 0.999942820171
510 1.275000 0.999942631245 0.999942631245
511 1.277500 0.999942444997 0.999942444997
512 1.280000 0.999942261384 0.999942261384
513 1.282500 0.999942080365 0.999942080365
514 1.285000 0.999941901901 0.999941901901
515 1.287500 0.999941725956 0.999941725956
516 1.290000 0.999941552492 0.999941552492
517 1.292500 0.999941381477 0.999941381477
518 1.295000 0.999941212877 0.999941212877
519 1.297500 0.999941046660 0.999941046660
520 1.300000 0.999940882796 0.999940882796
521 1.302500 0.999940721254 0.999940721254
522 1.305000 0.999940562006 0.999940562006
523 1.307500 0.999940405023 0.999940405023
524 1.310000 0.999940250277 0.999940250277
525 1.312500 0.999940097740 0.999940097740
526 1.315000 0.999939947386 0.999939947386
527 1.317500 0.999939799187 0.999939799187
528 1.320000 0.999939653118 0.999939653118
529 1.322500 0.999939509152 0.999939509152
530 1.325000 0.999939367264 0.999939367264
531 1.327500 0.999939227427 0.999939227427
532 1.330000 0.999939089617 0.999939089617
533 1.332500 0.999938953807 0.999938953807
534 1.335000 0.999938819973 0.999938819973
535 1.337500 0.999938688090 0.999938688090
536 1.340000 0.999938558133 0.999938558133
537 1.342500 0.999938430076 0.999938430076
538 1.345000 0.999938303897 0.999938303897
539 1.347500 0.999938179569 0.999938179569
540 1.350000 0.999938057070 0.999938057070
541 1.352500 0.999937936374 0.999937936374
542 1.355000 0.999937817458 0.999937817458
543 1.357500 0.999937700298 0.999937700298
544 1.360000 0.999937584870 0.999937584870
545 1.362500 0.999937471152 0.999937471152
546 1.365000 0.999937359119 0.999937359119
547 1.367500 0.999937248748 0.999937248748
548 1.370000 0.999937140017 0.999937140017
549 1.372500 0.999937032903 0.999937032903
550 1.375000 0.999936927383 0.999936927383
551 1.377500 0.999936823436 0.999936823436
552 1.380000 0.999936721038 0.999936721038
553 1.382500 0.999936620168 0.999936620168
554 1.385000 0.999936520804 0.999936520804
555 1.387500 0.999936422924 0.999936422924
556 1.390000 0.999936326508 0.999936326508
557 1.392500 0.999936231533 0.999936231533
558 1.395000 0.999936137980 0.999936137980
559 1.397500 0.999936045827 0.999936045827
560 1.400000 0.999935955053 0.999935955053
561 1.402500 0.999935865639 0.999935865639
562 1.405000 0.999935777565 0.999935777565
563 1.407500 0.999935690810 0.999935690810
564 1.410000 0.999935605355 0.999935605355
565 1.412500 0.999935521180 0.999935521180
566 1.415000 0.999935438267 0.999935438267
567 1.417500 0.999935356597 0.999935356597
568 1.420000 0.999935276150 0.999935276150
569 1.422500 0.999935196909 0.999935196909
570 1.425000 0.999935118855 0.999935118855
571 1.427500 0.999935041970 0.999935041970
572 1.430000 0.999934966238 0.999934966238
573 1.432500 0.999934891639 0.999934891639
574 1.435000 0.999934818158 0.999934818158
575 1.437500 0.999934745778 0.999934745778
576 1.440000 0.999934674481 0.999934674481
577 1.442500 0.999934604251 0.999934604251
578 1.445000 0.999934535073 0.999934535073
579 1.447500 0.999934466931 0.999934466931
580 1.450000 0.999934399808 0.999934399808
581 1.452500 0.999934333689 0.999934333689
582 1.455000 0.999934268561 0.999934268561
583 1.457500 0.999934204406 0.999934204406
584 1.460000 0.999934141212 0.999934141212
585 1.462500 0.999934078963 0.999934078963
586 1.465000 0.999934017645 0.999934017645
587 1.467500 0.999933957245 0.999933957245
588 1.470000 0.999933897749 0.999933897749
589 1.472500 0.999933839143 0.999933839143
590 1.475000 0.999933781414 0.999933781414
591 1.477500 0.999933724548 0.999933724548
592 1.480000 0.999933668534 0.999933668534
593 1.482500 0.999933613358 0.999933613358
594 1.485000 0.999933559008 0.999933559008
595 1.487500 0.999933505471 0.999933505471
596 1.490000 0.999933452736 0.999933452736
597 1.492500 0.999933400790 0.999933400790
598 1.495000 0.999933349622 0.999933349622
599 1.497500 0.999933299220 0.999933299220
600 1.500000 0.999933249573 0.999933249573
601 1.502500 0.999933200669 0.999933200669
602 1.505000 0.999933152498 0.999933152498
603 1.507500 0.999933105048 0.999933105048
604 1.510000 0.999933058309 0.999933058309
605 1.512500 0.999933012270 0.999933012270
606 1.515000 0.999932966920 0.999932966920
607 1.517500 0.999932922250 0.999932922250
608 1.520000 0.999932878249 0.999932878249
609 1.522500 0.999932834907 0.999932834907
610 1.525000 0.999932792214 0.999932792214
611 1.527500 0.999932750161 0.999932750161
612 1.530000 0.999932708737 0.999932708737
613 1.532500 0.999932667934 0.999932667934
614 1.535000 0.999932627743 0.999932627743
615 1.537500 0.999932588153 0.999932588153
616 1.540000 0.999932549156 0.999932549156
617 1.542500 0.999932510742 0.999932510742
618 1.545000 0.999932472904 0.999932472904
619 1.547500 0.999932435633 0.999932435633
620 1.550000 0.999932398920 0.999932398920
621 1.552500 0.999932362756 0.999932362756
622 1.555000 0.999932327133 0.999932327133
623 1.557500 0.999932292044 0.999932292044
624 1.560000 0.999932257479 0.999932257479
625 1.562500 0.999932223432 0.999932223432
626 1.565000 0.999932189894 0.999932189894
627 1.567500 0.999932156859 0.999932156859
628 1.570000 0.999932124317 0.999932124317
629 1.572500 0.999932092262 0.999932092262
630 1.575000 0.999932060687 0.999932060687
631 1.577500 0.999932029584 0.999932029584
632 1.580000 0.999931998946 0.999931998946
633 1.582500 0.999931968766 0.999931968766
634 1.585000 0.999931939038 0.999931939038
635 1.587500 0.999931909754 0.999931909754
636 1.590000 0.999931880908 0.999931880908
637 1.592500 0.999931852494 0.999931852494
638 1.595000 0.999931824504 0.999931824504
639 1.597500 0.999931796932 0.999931796932
640 1.600000 0.999931769773 0.999931769773
641 1.602500 0.999931743020 0.999931743020
642 1.605000 0.999931716667 0.999931716667
643 1.607500 0.999931690708 0.999931690708
644 1.610000 0.999931665137 0.999931665137
645 1.612500 0.999931639948 0.999931639948
646 1.615000 0.999931615136 0.999931615136
647 1.617500 0.999931590695 0.999931590695
648 1.620000 0.999931566619 0.999931566619
649 1.622500 0.999931542902 0.999931542902
650 1.625000 0.999931519541 0.999931519541
651 1.627500 0.999931496528 0.999931496528
652 1.630000 0.999931473860 0.999931473860
653 1.632500 0.999931451530 0.999931451530
654 1.635000 0.999931429534 0.999931429534
655 1.637500 0.999931407867 0.999931407867
656 1.640000 0.999931386523 0.999931386523
657 1.642500 0.999931365499 0.999931365499
658 1.645000 0.999931344789 0.999931344789
659 1.647500 0.999931324388 0.999931324388
660 1.650000 0.999931304292 0.999931304292
661 1.652500 0.999931284497 0.999931284497
662 1.655000 0.999931264997 0.999931264997
663 1.657500 0.999931245788 0.999931245788
664 1.660000 0.999931226867 0.999931226867
665 1.662500 0.999931208228 0.999931208228
666 1.665000 0.999931189868 0.999931189868
667 1.667500 0.999931171782 0.999931171782
668 1.670000 0.999931153967 0.999931153967
669 1.672500 0.999931136417 0.999931136417
670 1.675000 0.999931119130 0.999931119130
671 1.677500 0.999931102101 0.999931102101
672 1.680000 0.999931085326 0.999931085326
673 1.682500 0.999931068802 0.999931068802
674 1.685000 0.999931052524 0.999931052524
675 1.687500 0.999931036490 0.999931036490
676 1.690000 0.999931020695 0.999931020695
677 1.692500 0.999931005137 0.999931005137
678 1.695000 0.999930989810 0.999930989810
679 1.697500 0.999930974712 0.999930974712
680 1.700000 0.999930959840 0.999930959840
681 1.702500 0.999930945190 0.999930945190
682 1.705000 0.999930930759 0.999930930759
683 1.707500 0.999930916543 0.999930916543
684 1.710000 0.999930902539 0.999930902539
685 1.712500 0.999930888744 0.999930888744
686 1.715000 0.999930875156 0.999930875156
687 1.717500 0.999930861770 0.999930861770
688 1.720000 0.999930848584 0.999930848584
689 1.722500 0.999930835594 0.999930835594
690 1.725000 0.999930822799 0.999930822799
691 1.727500 0.999930810195 0.999930810195
692 1.730000 0.999930797778 0.999930797778
693 1.732500 0.999930785547 0.999930785547
694 1.735000 0.999930773499 0.999930773499
695 1.737500 0.999930761630 0.999930761630
696 1.740000 0.999930749939 0.999930749939
697 1.742500 0.999930738421 0.999930738421
698 1.745000 0.999930727076 0.999930727076
699 1.747500 0.999930715900 0.999930715900
700 1.750000 0.999930704891 0.999930704891
701 1.752500 0.999930694046 0.999930694046
702 1.755000 0.999930683362 0.999930683362
703 1.757500 0.999930672838 0.999930672838
704 1.760000 0.999930662471 0.999930662471
705 1.762500 0.999930652258 0.999930652258
706 1.765000 0.999930642198 0.999930642198
707 1.767500 0.999930632288 0.999930632288
708 1.770000 0.999930622526 0.999930622526
709 1.772500 0.999930612909 0.999930612909
710 1.775000 0.999930603435 0.999930603435
711 1.777500 0.999930594103 0.999930594103
712 1.780000 0.999930584910 0.999930584910
713 1.782500 0.999930575854 0.999930575854
714 1.785000 0.999930566932 0.999930566932
715 1.787500 0.999930558144 0.999930558144
716 1.790000 0.999930549487 0.999930549487
717 1.792500 0.999930540959 0.999930540959
718 1.795000 0.999930532558 0.999930532558
719 1.797500 0.999930524281 0.999930524281
720 1.800000 0.999930516129 0.999930516129
721 1.802500 0.999930508097 0.999930508097
722 1.805000 0.999930500186 0.999930500186
723 1.807500 0.999930492392 0.999930492392
724 1.810000 0.999930484714 0.999930484714
725 1.812500 0.999930477151 0.999930477151
726 1.815000 0.999930469700 0.999930469700
727 1.817500 0.999930462360 0.999930462360
728 1.820000 0.999930455129 0.999930455129
729 1.822500 0.999930448006 0.999930448006
730 1.825000 0.999930440989 0.999930440989
731 1.827500 0.999930434077 0.999930434077
732 1.830000 0.999930427267 0.999930427267
733 1.832500 0.999930420559 0.999930420559
734 1.835000 0.999930413950 0.999930413950
735 1.837500 0.999930407440 0.999930407440
736 1.840000 0.999930401027 0.999930401027
737 1.842500 0.999930394709 0.999930394709
738 1.845000 0.999930388485 0.999930388485
739 1.847500 0.999930382353 0.999930382353
740 1.850000 0.999930376313 0.999930376313
741 1.852500 0.999930370363 0.999930370363
742 1.855000 0.999930364501 0.999930364501
743 1.857500 0.999930358726 0.999930358726
744 1.860000 0.999930353037 0.999930353037
745 1.862500 0.999930347432 0.999930347432
746 1.865000 0.999930341911 0.999930341911
747 1.867500 0.999930336472 0.999930336472
748 1.870000 0.999930331114 0.999930331114
749 1.872500 0.999930325835 0.999930325835
750 1.875000 0.999930320635 0.999930320635
751 1.877500 0.999930315512 0.999930315512
752 1.880000 0.999930310464 0.999930310464
753 1.882500 0.999930305492 0.999930305492
754 1.885000 0.999930300594 0.999930300594
755 1.887500 0.999930295768 0.999930295768
756 1.890000 0.999930291014 0.999930291014
757 1.892500 0.999930286331 0.999930286331
758 1.895000 0.999930281717 0.999930281717
759 1.897500 0.999930277172 0.999930277172
760 1.900000 0.999930272694 0.999930272694
761 1.902500 0.999930268282 0.999930268282
762 1.905000 0.999930263936 0.999930263936
763 1.907500 0.999930259654 0.999930259654
764 1.910000 0.999930255436 0.999930255436
765 1.912500 0.999930251280 0.999930251280
766 1.915000 0.999930247186 0.999930247186
767 1.917500 0.999930243152 0.999930243152
768 1.920000 0.999930239178 0.999930239178
769 1.922500 0.999930235263 0.999930235263
770 1.925000 0.999930231406 0.999930231406
771 1.927500 0.999930227606 0.999930227606
772 1.930000 0.999930223863 0.999930223863
773 1.932500 0.999930220175 0.999930220175
774 1.935000 0.999930216541 0.999930216541
775 1.937500 0.999930212961 0.999930212961
776 1.940000 0.999930209434 0.999930209434
777 1.942500 0.999930205960 0.999930205960
778 1.945000 0.999930202536 0.999930202536
779 1.947500 0.999930199164 0.999930199164
780 1.950000 0.999930195841 0.999930195841
781 1.952500 0.999930192567 0.999930192567
782 1.955000 0.999930189342 0.999930189342
783 1.957500 0.999930186164 0.999930186164
784 1.960000 0.999930183034 0.999930183034
785 1.962500 0.999930179949 0.999930179949
786 1.965000 0.999930176910 0.999930176910
787 1.967500 0.999930173916 0.999930173916
788 1.970000 0.999930170966 0.999930170966
789 1.972500 0.999930168060 0.999930168060
790 1.975000 0.999930165196 0.999930165196
791 1.977500 0.999930162375 0.999930162375
792 1.980000 0.999930159595 0.999930159595
793 1.982500 0.999930156857 0.999930156857
794 1.985000 0.999930154158 0.999930154158
795 1.987500 0.999930151500 0.999930151500
796 1.990000 0.999930148880 0.999930148880
797 1.992500 0.999930146299 0.999930146299
798 1.995000 0.999930143757 0.999930143757
799 1.997500 0.999930141251 0.999930141251
800 2.000000 0.999930138871 0.999930138871
801 2.002500 0.999930137627 0.999930137627
802 2.005000 0.999930140059 0.999930140059
803 2.007500 0.999930149871 0.999930149871
804 2.010000 0.999930171533 0.999930171533
805 2.012500 0.999930209935 0.999930209935
806 2.015000 0.999930270094 0.999930270094
807 2.017500 0.999930356898 0.999930356898
808 2.020000 0.999930474911 0.999930474911
809 2.022500 0.999930628209 0.999930628209
810 2.025000 0.999930820261 0.999930820261
811 2.027500 0.999931053844 0.999931053844
812 2.030000 0.999931330991 0.999931330991
813 2.032500 0.999931652969 0.999931652969
814 2.035000 0.999932020282 0.999932020282
815 2.037500 0.999932432691 0.999932432691
816 2.040000 0.999932889256 0.999932889256
817 2.042500 0.999933388390 0.999933388390
818 2.045000 0.999933927929 0.999933927929
819 2.047500 0.999934505199 0.999934505199
820 2.050000 0.999935117097 0.999935117097
821 2.052500 0.999935760176 0.999935760176
822 2.055000 0.999936430719 0.999936430719
823 2.057500 0.999937124826 0.999937124826
824 2.060000 0.999937838484 0.999937838484
825 2.062500 0.999938567646 0.999938567646
826 2.065000 0.999939308290 0.999939308290
827 2.067500 0.999940056485 0.999940056485
828 2.070000 0.999940808441 0.999940808441
829 2.072500 0.999941560556 0.999941560556
830 2.075000 0.999942309450 0.999942309450
831 2.077500 0.999943052003 0.999943052003
832 2.080000 0.999943785371 0.999943785371
833 2.082500 0.999944507007 0.999944507007
834 2.085000 0.999945214668 0.999945214668
835 2.087500 0.999945906421 0.999945906421
836 2.090000 0.999946580640 0.999946580640
837 2.092500 0.999947236000 0.999947236000
838 2.095000 0.999947871465 0.999947871465
839 2.097500 0.999948486275 0.999948486275
840 2.100000 0.999949079928 0.999949079928
841 2.102500 0.999949652162 0.999949652162
842 2.105000 0.999950202932 0.999950202932
843 2.107500 0.999950732386 0.999950732386
844 2.110000 0.999951240847 0.999951240847
845 2.112500 0.999951728786 0.999951728786
846 2.115000 0.999952196801 0.999952196801
847 2.117500 0.999952645593 0.999952645593
848 2.120000 0.999953075946 0.999953075946
849 2.122500 0.999953488707 0.999953488707
850 2.125000 0.999953884769 0.999953884769
851 2.127500 0.999954265050 0.999954265050
852 2.130000 0.999954630481 0.999954630481
853 2.132500 0.999954981992 0.999954981992
854 2.135000 0.999955320498 0.999955320498
855 2.137500 0.999955646891 0.999955646891
856 2.140000 0.999955962032 0.999955962032
857 2.142500 0.999956266741 0.999956266741
858 2.145000 0.999956561794 0.999956561794
859 2.147500 0.999956847921 0.999956847921
860 2.150000 0.999957125800 0.999957125800
861 2.152500 0.999957396056 0.999957396056
862 2.155000 0.999957659263 0.999957659263
863 2.157500 0.999957915942 0.999957915942
864 2.160000 0.999958166565 0.999958166565
865 2.162500 0.999958411553 0.999958411553
866 2.165000 0.999958651284 0.999958651284
867 2.167500 0.999958886090 0.999958886090
868 2.170000 0.999959116264 0.999959116264
869 2.172500 0.999959342063 0.999959342063
870 2.175000 0.999959563710 0.999959563710
871 2.177500 0.999959781397 0.999959781397
872 2.180000 0.999959995293 0.999959995293
873 2.182500 0.999960205540 0.999960205540
874 2.185000 0.999960412263 0.999960412263
875 2.187500 0.999960615567 0.999960615567
876 2.190000 0.999960815547 0.999960815547
877 2.192500 0.999961012283 0.999961012283
878 2.195000 0.999961205846 0.999961205846
879 2.197500 0.999961396300 0.999961396300
880 2.200000 0.999961583704 0.999961583704
881 2.202500 0.999961768111 0.999961768111
882 2.205000 0.999961949572 0.999961949572
883 2.207500 0.999962128137 0.999962128137
884 2.210000 0.999962303853 0.999962303853
885 2.212500 0.999962476767 0.999962476767
886 2.215000 0.999962646927 0.999962646927
887 2.217500 0.999962814381 0.999962814381
888 2.220000 0.999962979177 0.999962979177
889 2.222500 0.999963141363 0.999963141363
890 2.225000 0.999963300989 0.999963300989
891 2.227500 0.999963458104 0.999963458104
892 2.230000 0.999963612758 0.999963612758
893 2.232500 0.999963765002 0.999963765002
894 2.235000 0.999963914885 0.999963914885
895 2.237500 0.999964062458 0.999964062458
896 2.240000 0.999964207770 0.999964207770
897 2.242500 0.999964350869 0.999964350869
898 2.245000 0.999964491805 0.999964491805
899 2.247500 0.999964630622 0.999964630622
900 2.250000 0.999964767367 0.999964767367
901 2.252500 0.999964902084 0.999964902084
902 2.255000 0.999965034815 0.999965034815
903 2.257500 0.999965165602 0.999965165602
904 2.260000 0.999965294484 0.999965294484
905 2.262500 0.999965421499 0.999965421499
906 2.265000 0.999965546682 0.999965546682
907 2.267500 0.999965670069 0.999965670069
908 2.270000 0.999965791691 0.999965791691
909 2.272500 0.999965911581 0.999965911581
910 2.275000 0.999966029767 0.999966029767
911 2.277500 0.999966146277 0.999966146277
912 2.280000 0.999966261140 0.999966261140
913 2.282500 0.999966374380 0.999966374380
914 2.285000 0.999966486021 0.999966486021
915 2.287500 0.999966596087 0.999966596087
916 2.290000 0.999966704600 0.999966704600
917 2.292500 0.999966811582 0.999966811582
918 2.295000 0.999966917052 0.999966917052
919 2.297500 0.999967021032 0.999967021032
920 2.300000 0.999967123540 0.999967123540
921 2.302500 0.999967224595 0.999967224595
922 2.305000 0.999967324216 0.999967324216
923 2.307500 0.999967422419 0.999967422419
924 2.310000 0.999967519223 0.999967519223
925 2.312500 0.999967614645 0.999967614645
926 2.315000 0.999967708701 0.999967708701
927 2.317500 0.999967801409 0.999967801409
928 2.320000 0.999967892784 0.999967892784
929 2.322500 0.999967982844 0.999967982844
930 2.325000 0.999968071604 0.999968071604
931 2.327500 0.999968159080 0.999968159080
932 2.330000 0.999968245289 0.999968245289
933 2.332500 0.999968330246 0.999968330246
934 2.335000 0.999968413966 0.999968413966
935 2.337500 0.999968496466 0.999968496466
936 2.340000 0.999968577761 0.999968577761
937 2.342500 0.999968657867 0.999968657867
938 2.345000 0.999968736798 0.999968736798
939 2.347500 0.999968814571 0.999968814571
940 2.350000 0.999968891200 0.999968891200
941 2.352500 0.999968966700 0.999968966700
942 2.355000 0.999969041086 0.999969041086
943 2.357500 0.999969114374 0.999969114374
