# l[11]( l_11(t) ) connection: point6-point7
# n t l_11(t)      l_differential_11(t)
0 0.000000 1.000000000000 1.000000000000
1 0.002500 1.000000000000 1.000000000000
2 0.005000 1.000000000000 1.000000000000
3 0.007500 1.000000000000 1.000000000000
4 0.010000 1.000000000000 1.000000000000
5 0.012500 1.000000000000 1.000000000000
6 0.015000 1.000000000000 1.000000000000
7 0.017500 1.000000000000 1.000000000000
8 0.020000 1.000000000000 1.000000000000
9 0.022500 1.000000000000 1.000000000000
10 0.025000 1.000000000000 1.000000000000
11 0.027500 1.000000000000 1.000000000000
12 0.030000 1.000000000000 1.000000000000
13 0.032500 1.000000000000 1.000000000000
14 0.035000 1.000000000000 1.000000000000
15 0.037500 1.000000000000 1.000000000000
16 0.040000 1.000000000000 1.000000000000
17 0.042500 1.000000000000 1.000000000000
18 0.045000 1.000000000000 1.000000000000
19 0.047500 1.000000000000 1.000000000000
20 0.050000 1.000000000000 1.000000000000
21 0.052500 1.000000000000 1.000000000000
22 0.055000 1.000000000000 1.000000000000
23 0.057500 1.000000000000 1.000000000000
24 0.060000 1.000000000000 1.000000000000
25 0.062500 1.000000000000 1.000000000000
26 0.065000 1.000000000000 1.000000000000
27 0.067500 1.000000000000 1.000000000000
28 0.070000 1.000000000000 1.000000000000
29 0.072500 1.000000000000 1.000000000000
30 0.075000 1.000000000000 1.000000000000
31 0.077500 1.000000000000 1.000000000000
32 0.080000 1.000000000000 1.000000000000
33 0.082500 1.000000000000 1.000000000000
34 0.085000 1.000000000000 1.000000000000
35 0.087500 1.000000000000 1.000000000000
36 0.090000 1.000000000000 1.000000000000
37 0.092500 1.000000000000 1.000000000000
38 0.095000 1.000000000000 1.000000000000
39 0.097500 1.000000000000 1.000000000000
40 0.100000 1.000000000000 1.000000000000
41 0.102500 1.000000000000 1.000000000000
42 0.105000 1.000000000000 1.000000000000
43 0.107500 1.000000000000 1.000000000000
44 0.110000 1.000000000000 1.000000000000
45 0.112500 1.000000000000 1.000000000000
46 0.115000 1.000000000000 1.000000000000
47 0.117500 1.000000000000 1.000000000000
48 0.120000 1.000000000000 1.000000000000
49 0.122500 1.000000000000 1.000000000000
50 0.125000 1.000000000000 1.000000000000
51 0.127500 1.000000000000 1.000000000000
52 0.130000 1.000000000000 1.000000000000
53 0.132500 1.000000000000 1.000000000000
54 0.135000 1.000000000000 1.000000000000
55 0.137500 1.000000000000 1.000000000000
56 0.140000 1.000000000000 1.000000000000
57 0.142500 1.000000000000 1.000000000000
58 0.145000 1.000000000000 1.000000000000
59 0.147500 1.000000000000 1.000000000000
60 0.150000 1.000000000000 1.000000000000
61 0.152500 1.000000000000 1.000000000000
62 0.155000 1.000000000000 1.000000000000
63 0.157500 1.000000000000 1.000000000000
64 0.160000 1.000000000000 1.000000000000
65 0.162500 1.000000000000 1.000000000000
66 0.165000 1.000000000000 1.000000000000
67 0.167500 1.000000000000 1.000000000000
68 0.170000 1.000000000000 1.000000000000
69 0.172500 1.000000000000 1.000000000000
70 0.175000 1.000000000000 1.000000000000
71 0.177500 1.000000000000 1.000000000000
72 0.180000 1.000000000000 1.000000000000
73 0.182500 1.000000000000 1.000000000000
74 0.185000 1.000000000000 1.000000000000
75 0.187500 1.000000000000 1.000000000000
76 0.190000 1.000000000000 1.000000000000
77 0.192500 1.000000000000 1.000000000000
78 0.195000 1.000000000000 1.000000000000
79 0.197500 1.000000000000 1.000000000000
80 0.200000 1.000000000000 1.000000000000
81 0.202500 1.000000000000 1.000000000000
82 0.205000 1.000000000000 1.000000000000
83 0.207500 1.000000000000 1.000000000000
84 0.210000 1.000000000000 1.000000000000
85 0.212500 1.000000000000 1.000000000000
86 0.215000 1.000000000000 1.000000000000
87 0.217500 1.000000000000 1.000000000000
88 0.220000 1.000000000000 1.000000000000
89 0.222500 1.000000000000 1.000000000000
90 0.225000 1.000000000000 1.000000000000
91 0.227500 1.000000000000 1.000000000000
92 0.230000 1.000000000000 1.000000000000
93 0.232500 1.000000000000 1.000000000000
94 0.235000 1.000000000000 1.000000000000
95 0.237500 1.000000000000 1.000000000000
96 0.240000 1.000000000000 1.000000000000
97 0.242500 1.000000000000 1.000000000000
98 0.245000 1.000000000000 1.000000000000
99 0.247500 1.000000000000 1.000000000000
100 0.250000 1.000000000000 1.000000000000
101 0.252500 1.000000000000 1.000000000000
102 0.255000 1.000000000000 1.000000000000
103 0.257500 1.000000000000 1.000000000000
104 0.260000 1.000000000000 1.000000000000
105 0.262500 1.000000000000 1.000000000000
106 0.265000 1.000000000000 1.000000000000
107 0.267500 1.000000000000 1.000000000000
108 0.270000 1.000000000000 1.000000000000
109 0.272500 1.000000000000 1.000000000000
110 0.275000 1.000000000000 1.000000000000
111 0.277500 1.000000000000 1.000000000000
112 0.280000 1.000000000000 1.000000000000
113 0.282500 1.000000000000 1.000000000000
114 0.285000 1.000000000000 1.000000000000
115 0.287500 1.000000000000 1.000000000000
116 0.290000 1.000000000000 1.000000000000
117 0.292500 1.000000000000 1.000000000000
118 0.295000 1.000000000000 1.000000000000
119 0.297500 1.000000000000 1.000000000000
120 0.300000 1.000000000000 1.000000000000
121 0.302500 1.000000000000 1.000000000000
122 0.305000 1.000000000000 1.000000000000
123 0.307500 1.000000000000 1.000000000000
124 0.310000 1.000000000000 1.000000000000
125 0.312500 1.000000000000 1.000000000000
126 0.315000 1.000000000000 1.000000000000
127 0.317500 1.000000000000 1.000000000000
128 0.320000 1.000000000000 1.000000000000
129 0.322500 1.000000000000 1.000000000000
130 0.325000 1.000000000000 1.000000000000
131 0.327500 1.000000000000 1.000000000000
132 0.330000 1.000000000000 1.000000000000
133 0.332500 1.000000000000 1.000000000000
134 0.335000 1.000000000000 1.000000000000
135 0.337500 1.000000000000 1.000000000000
136 0.340000 1.000000000000 1.000000000000
137 0.342500 1.000000000000 1.000000000000
138 0.345000 1.000000000000 1.000000000000
139 0.347500 1.000000000000 1.000000000000
140 0.350000 1.000000000000 1.000000000000
141 0.352500 1.000000000000 1.000000000000
142 0.355000 1.000000000000 1.000000000000
143 0.357500 1.000000000000 1.000000000000
144 0.360000 1.000000000000 1.000000000000
145 0.362500 1.000000000000 1.000000000000
146 0.365000 1.000000000000 1.000000000000
147 0.367500 1.000000000000 1.000000000000
148 0.370000 1.000000000000 1.000000000000
149 0.372500 1.000000000000 1.000000000000
150 0.375000 1.000000000000 1.000000000000
151 0.377500 1.000000000000 1.000000000000
152 0.380000 1.000000000000 1.000000000000
153 0.382500 1.000000000000 1.000000000000
154 0.385000 1.000000000000 1.000000000000
155 0.387500 1.000000000000 1.000000000000
156 0.390000 1.000000000000 1.000000000000
157 0.392500 1.000000000000 1.000000000000
158 0.395000 1.000000000000 1.000000000000
159 0.397500 1.000000000000 1.000000000000
160 0.400000 1.000000000000 1.000000000000
161 0.402500 1.000000000000 1.000000000000
162 0.405000 1.000000000000 1.000000000000
163 0.407500 1.000000000000 1.000000000000
164 0.410000 1.000000000000 1.000000000000
165 0.412500 1.000000000000 1.000000000000
166 0.415000 1.000000000000 1.000000000000
167 0.417500 1.000000000000 1.000000000000
168 0.420000 1.000000000000 1.000000000000
169 0.422500 1.000000000000 1.000000000000
170 0.425000 1.000000000000 1.000000000000
171 0.427500 1.000000000000 1.000000000000
172 0.430000 1.000000000000 1.000000000000
173 0.432500 1.000000000000 1.000000000000
174 0.435000 1.000000000000 1.000000000000
175 0.437500 1.000000000000 1.000000000000
176 0.440000 1.000000000000 1.000000000000
177 0.442500 1.000000000000 1.000000000000
178 0.445000 1.000000000000 1.000000000000
179 0.447500 1.000000000000 1.000000000000
180 0.450000 1.000000000000 1.000000000000
181 0.452500 1.000000000000 1.000000000000
182 0.455000 1.000000000000 1.000000000000
183 0.457500 1.000000000000 1.000000000000
184 0.460000 1.000000000000 1.000000000000
185 0.462500 1.000000000000 1.000000000000
186 0.465000 1.000000000000 1.000000000000
187 0.467500 1.000000000000 1.000000000000
188 0.470000 1.000000000000 1.000000000000
189 0.472500 1.000000000000 1.000000000000
190 0.475000 1.000000000000 1.000000000000
191 0.477500 1.000000000000 1.000000000000
192 0.480000 1.000000000000 1.000000000000
193 0.482500 1.000000000000 1.000000000000
194 0.485000 1.000000000000 1.000000000000
195 0.487500 1.000000000000 1.000000000000
196 0.490000 1.000000000000 1.000000000000
197 0.492500 1.000000000000 1.000000000000
198 0.495000 1.000000000000 1.000000000000
199 0.497500 1.000000000000 1.000000000000
200 0.500000 1.000000000000 1.000000000000
201 0.502500 1.000000000000 1.000000000000
202 0.505000 1.000000000000 1.000000000000
203 0.507500 1.000000000000 1.000000000000
204 0.510000 1.000000000000 1.000000000000
205 0.512500 1.000000000000 1.000000000000
206 0.515000 1.000000000000 1.000000000000
207 0.517500 1.000000000000 1.000000000000
208 0.520000 1.000000000000 1.000000000000
209 0.522500 1.000000000000 1.000000000000
210 0.525000 1.000000000000 1.000000000000
211 0.527500 1.000000000000 1.000000000000
212 0.530000 1.000000000000 1.000000000000
213 0.532500 1.000000000000 1.000000000000
214 0.535000 1.000000000000 1.000000000000
215 0.537500 1.000000000000 1.000000000000
216 0.540000 1.000000000000 1.000000000000
217 0.542500 1.000000000000 1.000000000000
218 0.545000 1.000000000000 1.000000000000
219 0.547500 1.000000000000 1.000000000000
220 0.550000 1.000000000000 1.000000000000
221 0.552500 1.000000000000 1.000000000000
222 0.555000 1.000000000000 1.000000000000
223 0.557500 1.000000000000 1.000000000000
224 0.560000 1.000000000000 1.000000000000
225 0.562500 1.000000000000 1.000000000000
226 0.565000 1.000000000000 1.000000000000
227 0.567500 1.000000000000 1.000000000000
228 0.570000 1.000000000000 1.000000000000
229 0.572500 1.000000000000 1.000000000000
230 0.575000 1.000000000000 1.000000000000
231 0.577500 1.000000000000 1.000000000000
232 0.580000 1.000000000000 1.000000000000
233 0.582500 1.000000000000 1.000000000000
234 0.585000 1.000000000000 1.000000000000
235 0.587500 1.000000000000 1.000000000000
236 0.590000 1.000000000000 1.000000000000
237 0.592500 1.000000000000 1.000000000000
238 0.595000 1.000000000000 1.000000000000
239 0.597500 1.000000000000 1.000000000000
240 0.600000 1.000000000000 1.000000000000
241 0.602500 1.000000000000 1.000000000000
242 0.605000 1.000000000000 1.000000000000
243 0.607500 1.000000000000 1.000000000000
244 0.610000 1.000000000000 1.000000000000
245 0.612500 1.000000000000 1.000000000000
246 0.615000 1.000000000000 1.000000000000
247 0.617500 1.000000000000 1.000000000000
248 0.620000 1.000000000000 1.000000000000
249 0.622500 1.000000000000 1.000000000000
250 0.625000 1.000000000000 1.000000000000
251 0.627500 1.000000000000 1.000000000000
252 0.630000 1.000000000000 1.000000000000
253 0.632500 1.000000000000 1.000000000000
254 0.635000 1.000000000000 1.000000000000
255 0.637500 1.000000000000 1.000000000000
256 0.640000 1.000000000000 1.000000000000
257 0.642500 1.000000000000 1.000000000000
258 0.645000 1.000000000000 1.000000000000
259 0.647500 1.000000000000 1.000000000000
260 0.650000 1.000000000000 1.000000000000
261 0.652500 1.000000000000 1.000000000000
262 0.655000 1.000000000000 1.000000000000
263 0.657500 1.000000000000 1.000000000000
264 0.660000 1.000000000000 1.000000000000
265 0.662500 1.000000000000 1.000000000000
266 0.665000 1.000000000000 1.000000000000
267 0.667500 1.000000000000 1.000000000000
268 0.670000 1.000000000000 1.000000000000
269 0.672500 1.000000000000 1.000000000000
270 0.675000 1.000000000000 1.000000000000
271 0.677500 1.000000000000 1.000000000000
272 0.680000 1.000000000000 1.000000000000
273 0.682500 1.000000000000 1.000000000000
274 0.685000 1.000000000000 1.000000000000
275 0.687500 1.000000000000 1.000000000000
276 0.690000 1.000000000000 1.000000000000
277 0.692500 1.000000000000 1.000000000000
278 0.695000 1.000000000000 1.000000000000
279 0.697500 1.000000000000 1.000000000000
280 0.700000 1.000000000000 1.000000000000
281 0.702500 1.000000000000 1.000000000000
282 0.705000 1.000000000000 1.000000000000
283 0.707500 1.000000000000 1.000000000000
284 0.710000 1.000000000000 1.000000000000
285 0.712500 1.000000000000 1.000000000000
286 0.715000 1.000000000000 1.000000000000
287 0.717500 1.000000000000 1.000000000000
288 0.720000 1.000000000000 1.000000000000
289 0.722500 1.000000000000 1.000000000000
290 0.725000 1.000000000000 1.000000000000
291 0.727500 1.000000000000 1.000000000000
292 0.730000 1.000000000000 1.000000000000
293 0.732500 1.000000000000 1.000000000000
294 0.735000 1.000000000000 1.000000000000
295 0.737500 1.000000000000 1.000000000000
296 0.740000 1.000000000000 1.000000000000
297 0.742500 1.000000000000 1.000000000000
298 0.745000 1.000000000000 1.000000000000
299 0.747500 1.000000000000 1.000000000000
300 0.750000 1.000000000000 1.000000000000
301 0.752500 1.000000000000 1.000000000000
302 0.755000 1.000000000000 1.000000000000
303 0.757500 1.000000000000 1.000000000000
304 0.760000 1.000000000000 1.000000000000
305 0.762500 1.000000000000 1.000000000000
306 0.765000 1.000000000000 1.000000000000
307 0.767500 1.000000000000 1.000000000000
308 0.770000 1.000000000000 1.000000000000
309 0.772500 1.000000000000 1.000000000000
310 0.775000 1.000000000000 1.000000000000
311 0.777500 1.000000000000 1.000000000000
312 0.780000 1.000000000000 1.000000000000
313 0.782500 1.000000000000 1.000000000000
314 0.785000 1.000000000000 1.000000000000
315 0.787500 1.000000000000 1.000000000000
316 0.790000 1.000000000000 1.000000000000
317 0.792500 1.000000000000 1.000000000000
318 0.795000 1.000000000000 1.000000000000
319 0.797500 1.000000000000 1.000000000000
320 0.800000 1.000000000000 1.000000000000
321 0.802500 1.000000000000 1.000000000000
322 0.805000 1.000000000000 1.000000000000
323 0.807500 1.000000000000 1.000000000000
324 0.810000 1.000000000000 1.000000000000
325 0.812500 1.000000000000 1.000000000000
326 0.815000 1.000000000000 1.000000000000
327 0.817500 1.000000000000 1.000000000000
328 0.820000 1.000000000000 1.000000000000
329 0.822500 1.000000000000 1.000000000000
330 0.825000 1.000000000000 1.000000000000
331 0.827500 1.000000000000 1.000000000000
332 0.830000 1.000000000000 1.000000000000
333 0.832500 1.000000000000 1.000000000000
334 0.835000 1.000000000000 1.000000000000
335 0.837500 1.000000000000 1.000000000000
336 0.840000 1.000000000000 1.000000000000
337 0.842500 1.000000000000 1.000000000000
338 0.845000 1.000000000000 1.000000000000
339 0.847500 1.000000000000 1.000000000000
340 0.850000 1.000000000000 1.000000000000
341 0.852500 1.000000000000 1.000000000000
342 0.855000 1.000000000000 1.000000000000
343 0.857500 1.000000000000 1.000000000000
344 0.860000 1.000000000000 1.000000000000
345 0.862500 1.000000000000 1.000000000000
346 0.865000 1.000000000000 1.000000000000
347 0.867500 1.000000000000 1.000000000000
348 0.870000 1.000000000000 1.000000000000
349 0.872500 1.000000000000 1.000000000000
350 0.875000 1.000000000000 1.000000000000
351 0.877500 1.000000000000 1.000000000000
352 0.880000 1.000000000000 1.000000000000
353 0.882500 1.000000000000 1.000000000000
354 0.885000 1.000000000000 1.000000000000
355 0.887500 1.000000000000 1.000000000000
356 0.890000 1.000000000000 1.000000000000
357 0.892500 1.000000000000 1.000000000000
358 0.895000 1.000000000000 1.000000000000
359 0.897500 1.000000000000 1.000000000000
360 0.900000 1.000000000000 1.000000000000
361 0.902500 1.000000000000 1.000000000000
362 0.905000 1.000000000000 1.000000000000
363 0.907500 1.000000000000 1.000000000000
364 0.910000 1.000000000000 1.000000000000
365 0.912500 1.000000000000 1.000000000000
366 0.915000 1.000000000000 1.000000000000
367 0.917500 1.000000000000 1.000000000000
368 0.920000 1.000000000000 1.000000000000
369 0.922500 1.000000000000 1.000000000000
370 0.925000 1.000000000000 1.000000000000
371 0.927500 1.000000000000 1.000000000000
372 0.930000 1.000000000000 1.000000000000
373 0.932500 1.000000000000 1.000000000000
374 0.935000 1.000000000000 1.000000000000
375 0.937500 1.000000000000 1.000000000000
376 0.940000 1.000000000000 1.000000000000
377 0.942500 1.000000000000 1.000000000000
378 0.945000 1.000000000000 1.000000000000
379 0.947500 1.000000000000 1.000000000000
380 0.950000 1.000000000000 1.000000000000
381 0.952500 1.000000000000 1.000000000000
382 0.955000 1.000000000000 1.000000000000
383 0.957500 1.000000000000 1.000000000000
384 0.960000 1.000000000000 1.000000000000
385 0.962500 1.000000000000 1.000000000000
386 0.965000 1.000000000000 1.000000000000
387 0.967500 1.000000000000 1.000000000000
388 0.970000 1.000000000000 1.000000000000
389 0.972500 1.000000000000 1.000000000000
390 0.975000 1.000000000000 1.000000000000
391 0.977500 1.000000000000 1.000000000000
392 0.980000 1.000000000000 1.000000000000
393 0.982500 1.000000000000 1.000000000000
394 0.985000 1.000000000000 1.000000000000
395 0.987500 1.000000000000 1.000000000000
396 0.990000 1.000000000000 1.000000000000
397 0.992500 1.000000000000 1.000000000000
398 0.995000 1.000000000000 1.000000000000
399 0.997500 1.000000000000 1.000000000000
400 1.000000 1.000000000000 1.000000000000
401 1.002500 1.000000000000 1.000000000000
402 1.005000 1.000000000000 1.000000000000
403 1.007500 1.000000000000 1.000000000000
404 1.010000 1.000000000000 1.000000000000
405 1.012500 1.000000000001 1.000000000001
406 1.015000 1.000000000002 1.000000000002
407 1.017500 1.000000000004 1.000000000004
408 1.020000 1.000000000008 1.000000000008
409 1.022500 1.000000000014 1.000000000014
410 1.025000 1.000000000023 1.000000000023
411 1.027500 1.000000000036 1.000000000036
412 1.030000 1.000000000054 1.000000000054
413 1.032500 1.000000000078 1.000000000078
414 1.035000 1.000000000108 1.000000000108
415 1.037500 1.000000000146 1.000000000146
416 1.040000 1.000000000194 1.000000000194
417 1.042500 1.000000000250 1.000000000250
418 1.045000 1.000000000317 1.000000000317
419 1.047500 1.000000000396 1.000000000396
420 1.050000 1.000000000485 1.000000000485
421 1.052500 1.000000000586 1.000000000586
422 1.055000 1.000000000699 1.000000000699
423 1.057500 1.000000000823 1.000000000823
424 1.060000 1.000000000959 1.000000000959
425 1.062500 1.000000001105 1.000000001105
426 1.065000 1.000000001261 1.000000001261
427 1.067500 1.000000001426 1.000000001426
428 1.070000 1.000000001599 1.000000001599
429 1.072500 1.000000001779 1.000000001779
430 1.075000 1.000000001965 1.000000001965
431 1.077500 1.000000002156 1.000000002156
432 1.080000 1.000000002350 1.000000002350
433 1.082500 1.000000002547 1.000000002547
434 1.085000 1.000000002745 1.000000002745
435 1.087500 1.000000002944 1.000000002944
436 1.090000 1.000000003142 1.000000003142
437 1.092500 1.000000003338 1.000000003338
438 1.095000 1.000000003533 1.000000003533
439 1.097500 1.000000003724 1.000000003724
440 1.100000 1.000000003913 1.000000003913
441 1.102500 1.000000004097 1.000000004097
442 1.105000 1.000000004278 1.000000004278
443 1.107500 1.000000004454 1.000000004454
444 1.110000 1.000000004626 1.000000004626
445 1.112500 1.000000004794 1.000000004794
446 1.115000 1.000000004958 1.000000004958
447 1.117500 1.000000005118 1.000000005118
448 1.120000 1.000000005275 1.000000005275
449 1.122500 1.000000005428 1.000000005428
450 1.125000 1.000000005578 1.000000005578
451 1.127500 1.000000005726 1.000000005726
452 1.130000 1.000000005871 1.000000005871
453 1.132500 1.000000006014 1.000000006014
454 1.135000 1.000000006155 1.000000006155
455 1.137500 1.000000006295 1.000000006295
456 1.140000 1.000000006434 1.000000006434
457 1.142500 1.000000006572 1.000000006572
458 1.145000 1.000000006709 1.000000006709
459 1.147500 1.000000006846 1.000000006846
460 1.150000 1.000000006983 1.000000006983
461 1.152500 1.000000007120 1.000000007120
462 1.155000 1.000000007256 1.000000007256
463 1.157500 1.000000007392 1.000000007392
464 1.160000 1.000000007529 1.000000007529
465 1.162500 1.000000007665 1.000000007665
466 1.165000 1.000000007801 1.000000007801
467 1.167500 1.000000007937 1.000000007937
468 1.170000 1.000000008073 1.000000008073
469 1.172500 1.000000008209 1.000000008209
470 1.175000 1.000000008344 1.000000008344
471 1.177500 1.000000008479 1.000000008479
472 1.180000 1.000000008614 1.000000008614
473 1.182500 1.000000008747 1.000000008747
474 1.185000 1.000000008880 1.000000008880
475 1.187500 1.000000009013 1.000000009013
476 1.190000 1.000000009144 1.000000009144
477 1.192500 1.000000009275 1.000000009275
478 1.195000 1.000000009404 1.000000009404
479 1.197500 1.000000009533 1.000000009533
480 1.200000 1.000000009660 1.000000009660
481 1.202500 1.000000009787 1.000000009787
482 1.205000 1.000000009912 1.000000009912
483 1.207500 1.000000010037 1.000000010037
484 1.210000 1.000000010160 1.000000010160
485 1.212500 1.000000010283 1.000000010283
486 1.215000 1.000000010405 1.000000010405
487 1.217500 1.000000010525 1.000000010525
488 1.220000 1.000000010645 1.000000010645
489 1.222500 1.000000010764 1.000000010764
490 1.225000 1.000000010883 1.000000010883
491 1.227500 1.000000011000 1.000000011000
492 1.230000 1.000000011117 1.000000011117
493 1.232500 1.000000011234 1.000000011234
494 1.235000 1.000000011350 1.000000011350
495 1.237500 1.000000011465 1.000000011465
496 1.240000 1.000000011580 1.000000011580
497 1.242500 1.000000011694 1.000000011694
498 1.245000 1.000000011809 1.000000011809
499 1.247500 1.000000011922 1.000000011922
500 1.250000 1.000000012036 1.000000012036
501 1.252500 1.000000012149 1.000000012149
502 1.255000 1.000000012262 1.000000012262
503 1.257500 1.000000012375 1.000000012375
504 1.260000 1.000000012487 1.000000012487
505 1.262500 1.000000012599 1.000000012599
506 1.265000 1.000000012711 1.000000012711
507 1.267500 1.000000012822 1.000000012822
508 1.270000 1.000000012933 1.000000012933
509 1.272500 1.000000013044 1.000000013044
510 1.275000 1.000000013155 1.000000013155
511 1.277500 1.000000013265 1.000000013265
512 1.280000 1.000000013375 1.000000013375
513 1.282500 1.000000013485 1.000000013485
514 1.285000 1.000000013594 1.000000013594
515 1.287500 1.000000013703 1.000000013703
516 1.290000 1.000000013811 1.000000013811
517 1.292500 1.000000013919 1.000000013919
518 1.295000 1.000000014027 1.000000014027
519 1.297500 1.000000014134 1.000000014134
520 1.300000 1.000000014241 1.000000014241
521 1.302500 1.000000014348 1.000000014348
522 1.305000 1.000000014454 1.000000014454
523 1.307500 1.000000014560 1.000000014560
524 1.310000 1.000000014665 1.000000014665
525 1.312500 1.000000014770 1.000000014770
526 1.315000 1.000000014874 1.000000014874
527 1.317500 1.000000014979 1.000000014979
528 1.320000 1.000000015082 1.000000015082
529 1.322500 1.000000015186 1.000000015186
530 1.325000 1.000000015289 1.000000015289
531 1.327500 1.000000015391 1.000000015391
532 1.330000 1.000000015494 1.000000015494
533 1.332500 1.000000015596 1.000000015596
534 1.335000 1.000000015697 1.000000015697
535 1.337500 1.000000015798 1.000000015798
536 1.340000 1.000000015899 1.000000015899
537 1.342500 1.000000016000 1.000000016000
538 1.345000 1.000000016100 1.000000016100
539 1.347500 1.000000016200 1.000000016200
540 1.350000 1.000000016300 1.000000016300
541 1.352500 1.000000016399 1.000000016399
542 1.355000 1.000000016498 1.000000016498
543 1.357500 1.000000016597 1.000000016597
544 1.360000 1.000000016696 1.000000016696
545 1.362500 1.000000016794 1.000000016794
546 1.365000 1.000000016892 1.000000016892
547 1.367500 1.000000016989 1.000000016989
548 1.370000 1.000000017087 1.000000017087
549 1.372500 1.000000017184 1.000000017184
550 1.375000 1.000000017281 1.000000017281
551 1.377500 1.000000017377 1.000000017377
552 1.380000 1.000000017473 1.000000017473
553 1.382500 1.000000017569 1.000000017569
554 1.385000 1.000000017665 1.000000017665
555 1.387500 1.000000017760 1.000000017760
556 1.390000 1.000000017855 1.000000017855
557 1.392500 1.000000017950 1.000000017950
558 1.395000 1.000000018045 1.000000018045
559 1.397500 1.000000018139 1.000000018139
560 1.400000 1.000000018233 1.000000018233
561 1.402500 1.000000018327 1.000000018327
562 1.405000 1.000000018420 1.000000018420
563 1.407500 1.000000018513 1.000000018513
564 1.410000 1.000000018606 1.000000018606
565 1.412500 1.000000018699 1.000000018699
566 1.415000 1.000000018791 1.000000018791
567 1.417500 1.000000018884 1.000000018884
568 1.420000 1.000000018975 1.000000018975
569 1.422500 1.000000019067 1.000000019067
570 1.425000 1.000000019158 1.000000019158
571 1.427500 1.000000019249 1.000000019249
572 1.430000 1.000000019340 1.000000019340
573 1.432500 1.000000019431 1.000000019431
574 1.435000 1.000000019521 1.000000019521
575 1.437500 1.000000019611 1.000000019611
576 1.440000 1.000000019701 1.000000019701
577 1.442500 1.000000019791 1.000000019791
578 1.445000 1.000000019880 1.000000019880
579 1.447500 1.000000019969 1.000000019969
580 1.450000 1.000000020058 1.000000020058
581 1.452500 1.000000020147 1.000000020147
582 1.455000 1.000000020235 1.000000020235
583 1.457500 1.000000020324 1.000000020324
584 1.460000 1.000000020412 1.000000020412
585 1.462500 1.000000020500 1.000000020500
586 1.465000 1.000000020587 1.000000020587
587 1.467500 1.000000020675 1.000000020675
588 1.470000 1.000000020762 1.000000020762
589 1.472500 1.000000020849 1.000000020849
590 1.475000 1.000000020936 1.000000020936
591 1.477500 1.000000021022 1.000000021022
592 1.480000 1.000000021109 1.000000021109
593 1.482500 1.000000021195 1.000000021195
594 1.485000 1.000000021281 1.000000021281
595 1.487500 1.000000021366 1.000000021366
596 1.490000 1.000000021452 1.000000021452
597 1.492500 1.000000021537 1.000000021537
598 1.495000 1.000000021623 1.000000021623
599 1.497500 1.000000021708 1.000000021708
600 1.500000 1.000000021793 1.000000021793
601 1.502500 1.000000021877 1.000000021877
602 1.505000 1.000000021962 1.000000021962
603 1.507500 1.000000022046 1.000000022046
604 1.510000 1.000000022130 1.000000022130
605 1.512500 1.000000022214 1.000000022214
606 1.515000 1.000000022298 1.000000022298
607 1.517500 1.000000022381 1.000000022381
608 1.520000 1.000000022465 1.000000022465
609 1.522500 1.000000022548 1.000000022548
610 1.525000 1.000000022631 1.000000022631
611 1.527500 1.000000022714 1.000000022714
612 1.530000 1.000000022797 1.000000022797
613 1.532500 1.000000022879 1.000000022879
614 1.535000 1.000000022962 1.000000022962
615 1.537500 1.000000023044 1.000000023044
616 1.540000 1.000000023126 1.000000023126
617 1.542500 1.000000023208 1.000000023208
618 1.545000 1.000000023290 1.000000023290
619 1.547500 1.000000023372 1.000000023372
620 1.550000 1.000000023453 1.000000023453
621 1.552500 1.000000023535 1.000000023535
622 1.555000 1.000000023616 1.000000023616
623 1.557500 1.000000023697 1.000000023697
624 1.560000 1.000000023778 1.000000023778
625 1.562500 1.000000023858 1.000000023858
626 1.565000 1.000000023939 1.000000023939
627 1.567500 1.000000024020 1.000000024020
628 1.570000 1.000000024100 1.000000024100
629 1.572500 1.000000024180 1.000000024180
630 1.575000 1.000000024260 1.000000024260
631 1.577500 1.000000024340 1.000000024340
632 1.580000 1.000000024420 1.000000024420
633 1.582500 1.000000024500 1.000000024500
634 1.585000 1.000000024579 1.000000024579
635 1.587500 1.000000024659 1.000000024659
636 1.590000 1.000000024738 1.000000024738
637 1.592500 1.000000024817 1.000000024817
638 1.595000 1.000000024896 1.000000024896
639 1.597500 1.000000024975 1.000000024975
640 1.600000 1.000000025054 1.000000025054
641 1.602500 1.000000025133 1.000000025133
642 1.605000 1.000000025211 1.000000025211
643 1.607500 1.000000025290 1.000000025290
644 1.610000 1.000000025368 1.000000025368
645 1.612500 1.000000025446 1.000000025446
646 1.615000 1.000000025524 1.000000025524
647 1.617500 1.000000025602 1.000000025602
648 1.620000 1.000000025680 1.000000025680
649 1.622500 1.000000025758 1.000000025758
650 1.625000 1.000000025835 1.000000025835
651 1.627500 1.000000025913 1.000000025913
652 1.630000 1.000000025990 1.000000025990
653 1.632500 1.000000026068 1.000000026068
654 1.635000 1.000000026145 1.000000026145
655 1.637500 1.000000026222 1.000000026222
656 1.640000 1.000000026299 1.000000026299
657 1.642500 1.000000026376 1.000000026376
658 1.645000 1.000000026453 1.000000026453
659 1.647500 1.000000026529 1.000000026529
660 1.650000 1.000000026606 1.000000026606
661 1.652500 1.000000026683 1.000000026683
662 1.655000 1.000000026759 1.000000026759
663 1.657500 1.000000026835 1.000000026835
664 1.660000 1.000000026912 1.000000026912
665 1.662500 1.000000026988 1.000000026988
666 1.665000 1.000000027064 1.000000027064
667 1.667500 1.000000027140 1.000000027140
668 1.670000 1.000000027216 1.000000027216
669 1.672500 1.000000027291 1.000000027291
670 1.675000 1.000000027367 1.000000027367
671 1.677500 1.000000027443 1.000000027443
672 1.680000 1.000000027518 1.000000027518
673 1.682500 1.000000027594 1.000000027594
674 1.685000 1.000000027669 1.000000027669
675 1.687500 1.000000027744 1.000000027744
676 1.690000 1.000000027819 1.000000027819
677 1.692500 1.000000027894 1.000000027894
678 1.695000 1.000000027969 1.000000027969
679 1.697500 1.000000028044 1.000000028044
680 1.700000 1.000000028119 1.000000028119
681 1.702500 1.000000028194 1.000000028194
682 1.705000 1.000000028269 1.000000028269
683 1.707500 1.000000028343 1.000000028343
684 1.710000 1.000000028418 1.000000028418
685 1.712500 1.000000028492 1.000000028492
686 1.715000 1.000000028567 1.000000028567
687 1.717500 1.000000028641 1.000000028641
688 1.720000 1.000000028715 1.000000028715
689 1.722500 1.000000028790 1.000000028790
690 1.725000 1.000000028864 1.000000028864
691 1.727500 1.000000028938 1.000000028938
692 1.730000 1.000000029012 1.000000029012
693 1.732500 1.000000029086 1.000000029086
694 1.735000 1.000000029159 1.000000029159
695 1.737500 1.000000029233 1.000000029233
696 1.740000 1.000000029307 1.000000029307
697 1.742500 1.000000029381 1.000000029381
698 1.745000 1.000000029454 1.000000029454
699 1.747500 1.000000029528 1.000000029528
700 1.750000 1.000000029601 1.000000029601
701 1.752500 1.000000029674 1.000000029674
702 1.755000 1.000000029748 1.000000029748
703 1.757500 1.000000029821 1.000000029821
704 1.760000 1.000000029894 1.000000029894
705 1.762500 1.000000029967 1.000000029967
706 1.765000 1.000000030041 1.000000030041
707 1.767500 1.000000030114 1.000000030114
708 1.770000 1.000000030187 1.000000030187
709 1.772500 1.000000030259 1.000000030259
710 1.775000 1.000000030332 1.000000030332
711 1.777500 1.000000030405 1.000000030405
712 1.780000 1.000000030478 1.000000030478
713 1.782500 1.000000030551 1.000000030551
714 1.785000 1.000000030623 1.000000030623
715 1.787500 1.000000030696 1.000000030696
716 1.790000 1.000000030768 1.000000030768
717 1.792500 1.000000030841 1.000000030841
718 1.795000 1.000000030913 1.000000030913
719 1.797500 1.000000030986 1.000000030986
720 1.800000 1.000000031058 1.000000031058
721 1.802500 1.000000031130 1.000000031130
722 1.805000 1.000000031202 1.000000031202
723 1.807500 1.000000031275 1.000000031275
724 1.810000 1.000000031347 1.000000031347
725 1.812500 1.000000031419 1.000000031419
726 1.815000 1.000000031491 1.000000031491
727 1.817500 1.000000031563 1.000000031563
728 1.820000 1.000000031635 1.000000031635
729 1.822500 1.000000031707 1.000000031707
730 1.825000 1.000000031779 1.000000031779
731 1.827500 1.000000031850 1.000000031850
732 1.830000 1.000000031922 1.000000031922
733 1.832500 1.000000031994 1.000000031994
734 1.835000 1.000000032066 1.000000032066
735 1.837500 1.000000032137 1.000000032137
736 1.840000 1.000000032209 1.000000032209
737 1.842500 1.000000032280 1.000000032280
738 1.845000 1.000000032352 1.000000032352
739 1.847500 1.000000032423 1.000000032423
740 1.850000 1.000000032495 1.000000032495
741 1.852500 1.000000032566 1.000000032566
742 1.855000 1.000000032637 1.000000032637
743 1.857500 1.000000032709 1.000000032709
744 1.860000 1.000000032780 1.000000032780
745 1.862500 1.000000032851 1.000000032851
746 1.865000 1.000000032923 1.000000032923
747 1.867500 1.000000032994 1.000000032994
748 1.870000 1.000000033065 1.000000033065
749 1.872500 1.000000033136 1.000000033136
750 1.875000 1.000000033207 1.000000033207
751 1.877500 1.000000033278 1.000000033278
752 1.880000 1.000000033349 1.000000033349
753 1.882500 1.000000033420 1.000000033420
754 1.885000 1.000000033491 1.000000033491
755 1.887500 1.000000033562 1.000000033562
756 1.890000 1.000000033633 1.000000033633
757 1.892500 1.000000033703 1.000000033703
758 1.895000 1.000000033774 1.000000033774
759 1.897500 1.000000033845 1.000000033845
760 1.900000 1.000000033916 1.000000033916
761 1.902500 1.000000033986 1.000000033986
762 1.905000 1.000000034057 1.000000034057
763 1.907500 1.000000034128 1.000000034128
764 1.910000 1.000000034198 1.000000034198
765 1.912500 1.000000034269 1.000000034269
766 1.915000 1.000000034339 1.000000034339
767 1.917500 1.000000034410 1.000000034410
768 1.920000 1.000000034480 1.000000034480
769 1.922500 1.000000034551 1.000000034551
770 1.925000 1.000000034621 1.000000034621
771 1.927500 1.000000034692 1.000000034692
772 1.930000 1.000000034762 1.000000034762
773 1.932500 1.000000034832 1.000000034832
774 1.935000 1.000000034903 1.000000034903
775 1.937500 1.000000034973 1.000000034973
776 1.940000 1.000000035043 1.000000035043
777 1.942500 1.000000035113 1.000000035113
778 1.945000 1.000000035184 1.000000035184
779 1.947500 1.000000035254 1.000000035254
780 1.950000 1.000000035324 1.000000035324
781 1.952500 1.000000035394 1.000000035394
782 1.955000 1.000000035464 1.000000035464
783 1.957500 1.000000035534 1.000000035534
784 1.960000 1.000000035604 1.000000035604
785 1.962500 1.000000035674 1.000000035674
786 1.965000 1.000000035744 1.000000035744
787 1.967500 1.000000035814 1.000000035814
788 1.970000 1.000000035884 1.000000035884
789 1.972500 1.000000035954 1.000000035954
790 1.975000 1.000000036024 1.000000036024
791 1.977500 1.000000036094 1.000000036094
792 1.980000 1.000000036164 1.000000036164
793 1.982500 1.000000036234 1.000000036234
794 1.985000 1.000000036304 1.000000036304
795 1.987500 1.000000036373 1.000000036373
796 1.990000 1.000000036443 1.000000036443
797 1.992500 1.000000036513 1.000000036513
798 1.995000 1.000000036583 1.000000036583
799 1.997500 1.000000036652 1.000000036652
800 2.000000 1.000000036722 1.000000036722
801 2.002500 1.000000036790 1.000000036790
802 2.005000 1.000000036851 1.000000036851
803 2.007500 1.000000036900 1.000000036900
804 2.010000 1.000000036929 1.000000036929
805 2.012500 1.000000036930 1.000000036930
806 2.015000 1.000000036896 1.000000036896
807 2.017500 1.000000036817 1.000000036817
808 2.020000 1.000000036689 1.000000036689
809 2.022500 1.000000036505 1.000000036505
810 2.025000 1.000000036261 1.000000036261
811 2.027500 1.000000035954 1.000000035954
812 2.030000 1.000000035584 1.000000035584
813 2.032500 1.000000035151 1.000000035151
814 2.035000 1.000000034658 1.000000034658
815 2.037500 1.000000034106 1.000000034106
816 2.040000 1.000000033502 1.000000033502
817 2.042500 1.000000032850 1.000000032850
818 2.045000 1.000000032158 1.000000032158
819 2.047500 1.000000031433 1.000000031433
820 2.050000 1.000000030681 1.000000030681
821 2.052500 1.000000029912 1.000000029912
822 2.055000 1.000000029133 1.000000029133
823 2.057500 1.000000028353 1.000000028353
824 2.060000 1.000000027577 1.000000027577
825 2.062500 1.000000026815 1.000000026815
826 2.065000 1.000000026071 1.000000026071
827 2.067500 1.000000025353 1.000000025353
828 2.070000 1.000000024664 1.000000024664
829 2.072500 1.000000024010 1.000000024010
830 2.075000 1.000000023394 1.000000023394
831 2.077500 1.000000022818 1.000000022818
832 2.080000 1.000000022285 1.000000022285
833 2.082500 1.000000021794 1.000000021794
834 2.085000 1.000000021347 1.000000021347
835 2.087500 1.000000020944 1.000000020944
836 2.090000 1.000000020582 1.000000020582
837 2.092500 1.000000020262 1.000000020262
838 2.095000 1.000000019979 1.000000019979
839 2.097500 1.000000019733 1.000000019733
840 2.100000 1.000000019521 1.000000019521
841 2.102500 1.000000019338 1.000000019338
842 2.105000 1.000000019184 1.000000019184
843 2.107500 1.000000019054 1.000000019054
844 2.110000 1.000000018945 1.000000018945
845 2.112500 1.000000018854 1.000000018854
846 2.115000 1.000000018779 1.000000018779
847 2.117500 1.000000018716 1.000000018716
848 2.120000 1.000000018663 1.000000018663
849 2.122500 1.000000018617 1.000000018617
850 2.125000 1.000000018576 1.000000018576
851 2.127500 1.000000018539 1.000000018539
852 2.130000 1.000000018503 1.000000018503
853 2.132500 1.000000018468 1.000000018468
854 2.135000 1.000000018432 1.000000018432
855 2.137500 1.000000018394 1.000000018394
856 2.140000 1.000000018353 1.000000018353
857 2.142500 1.000000018309 1.000000018309
858 2.145000 1.000000018263 1.000000018263
859 2.147500 1.000000018212 1.000000018212
860 2.150000 1.000000018159 1.000000018159
861 2.152500 1.000000018102 1.000000018102
862 2.155000 1.000000018043 1.000000018043
863 2.157500 1.000000017981 1.000000017981
864 2.160000 1.000000017917 1.000000017917
865 2.162500 1.000000017851 1.000000017851
866 2.165000 1.000000017784 1.000000017784
867 2.167500 1.000000017717 1.000000017717
868 2.170000 1.000000017649 1.000000017649
869 2.172500 1.000000017582 1.000000017582
870 2.175000 1.000000017515 1.000000017515
871 2.177500 1.000000017449 1.000000017449
872 2.180000 1.000000017384 1.000000017384
873 2.182500 1.000000017321 1.000000017321
874 2.185000 1.000000017260 1.000000017260
875 2.187500 1.000000017200 1.000000017200
876 2.190000 1.000000017143 1.000000017143
877 2.192500 1.000000017088 1.000000017088
878 2.195000 1.000000017034 1.000000017034
879 2.197500 1.000000016983 1.000000016983
880 2.200000 1.000000016935 1.000000016935
881 2.202500 1.000000016888 1.000000016888
882 2.205000 1.000000016842 1.000000016842
883 2.207500 1.000000016799 1.000000016799
884 2.210000 1.000000016757 1.000000016757
885 2.212500 1.000000016717 1.000000016717
886 2.215000 1.000000016677 1.000000016677
887 2.217500 1.000000016639 1.000000016639
888 2.220000 1.000000016602 1.000000016602
889 2.222500 1.000000016565 1.000000016565
890 2.225000 1.000000016529 1.000000016529
891 2.227500 1.000000016494 1.000000016494
892 2.230000 1.000000016459 1.000000016459
893 2.232500 1.000000016424 1.000000016424
894 2.235000 1.000000016389 1.000000016389
895 2.237500 1.000000016354 1.000000016354
896 2.240000 1.000000016320 1.000000016320
897 2.242500 1.000000016285 1.000000016285
898 2.245000 1.000000016251 1.000000016251
899 2.247500 1.000000016216 1.000000016216
900 2.250000 1.000000016181 1.000000016181
901 2.252500 1.000000016147 1.000000016147
902 2.255000 1.000000016112 1.000000016112
903 2.257500 1.000000016078 1.000000016078
904 2.260000 1.000000016043 1.000000016043
905 2.262500 1.000000016009 1.000000016009
906 2.265000 1.000000015975 1.000000015975
907 2.267500 1.000000015942 1.000000015942
908 2.270000 1.000000015908 1.000000015908
909 2.272500 1.000000015875 1.000000015875
910 2.275000 1.000000015843 1.000000015843
911 2.277500 1.000000015810 1.000000015810
912 2.280000 1.000000015779 1.000000015779
913 2.282500 1.000000015748 1.000000015748
914 2.285000 1.000000015717 1.000000015717
915 2.287500 1.000000015687 1.000000015687
916 2.290000 1.000000015658 1.000000015658
917 2.292500 1.000000015629 1.000000015629
918 2.295000 1.000000015601 1.000000015601
919 2.297500 1.000000015573 1.000000015573
920 2.300000 1.000000015546 1.000000015546
921 2.302500 1.000000015520 1.000000015520
922 2.305000 1.000000015494 1.000000015494
923 2.307500 1.000000015469 1.000000015469
924 2.310000 1.000000015445 1.000000015445
925 2.312500 1.000000015421 1.000000015421
926 2.315000 1.000000015397 1.000000015397
927 2.317500 1.000000015374 1.000000015374
928 2.320000 1.000000015352 1.000000015352
929 2.322500 1.000000015330 1.000000015330
930 2.325000 1.000000015308 1.000000015308
931 2.327500 1.000000015287 1.000000015287
932 2.330000 1.000000015266 1.000000015266
933 2.332500 1.000000015246 1.000000015246
934 2.335000 1.000000015226 1.000000015226
935 2.337500 1.000000015206 1.000000015206
936 2.340000 1.000000015186 1.000000015186
937 2.342500 1.000000015167 1.000000015167
938 2.345000 1.000000015148 1.000000015148
939 2.347500 1.000000015129 1.000000015129
940 2.350000 1.000000015111 1.000000015111
941 2.352500 1.000000015093 1.000000015093
942 2.355000 1.000000015075 1.000000015075
943 2.357500 1.000000015058 1.000000015058
