# l[18]( l_18(t) ) connection: point9-point15
# n t l_18(t)      l_differential_18(t)
0 0.000000 1.000000000000 1.000000000000
1 0.002500 1.000000000000 1.000000000000
2 0.005000 1.000000000000 1.000000000000
3 0.007500 1.000000000000 1.000000000000
4 0.010000 1.000000000000 1.000000000000
5 0.012500 1.000000000000 1.000000000000
6 0.015000 1.000000000000 1.000000000000
7 0.017500 1.000000000000 1.000000000000
8 0.020000 1.000000000000 1.000000000000
9 0.022500 1.000000000000 1.000000000000
10 0.025000 1.000000000000 1.000000000000
11 0.027500 1.000000000000 1.000000000000
12 0.030000 1.000000000000 1.000000000000
13 0.032500 1.000000000000 1.000000000000
14 0.035000 1.000000000000 1.000000000000
15 0.037500 1.000000000000 1.000000000000
16 0.040000 1.000000000000 1.000000000000
17 0.042500 1.000000000000 1.000000000000
18 0.045000 1.000000000000 1.000000000000
19 0.047500 1.000000000000 1.000000000000
20 0.050000 1.000000000000 1.000000000000
21 0.052500 1.000000000000 1.000000000000
22 0.055000 1.000000000000 1.000000000000
23 0.057500 1.000000000000 1.000000000000
24 0.060000 1.000000000000 1.000000000000
25 0.062500 1.000000000000 1.000000000000
26 0.065000 1.000000000000 1.000000000000
27 0.067500 1.000000000000 1.000000000000
28 0.070000 1.000000000000 1.000000000000
29 0.072500 1.000000000000 1.000000000000
30 0.075000 1.000000000000 1.000000000000
31 0.077500 1.000000000000 1.000000000000
32 0.080000 1.000000000000 1.000000000000
33 0.082500 1.000000000000 1.000000000000
34 0.085000 1.000000000000 1.000000000000
35 0.087500 1.000000000000 1.000000000000
36 0.090000 1.000000000000 1.000000000000
37 0.092500 1.000000000000 1.000000000000
38 0.095000 1.000000000000 1.000000000000
39 0.097500 1.000000000000 1.000000000000
40 0.100000 1.000000000000 1.000000000000
41 0.102500 1.000000000000 1.000000000000
42 0.105000 1.000000000000 1.000000000000
43 0.107500 1.000000000000 1.000000000000
44 0.110000 1.000000000000 1.000000000000
45 0.112500 1.000000000000 1.000000000000
46 0.115000 1.000000000000 1.000000000000
47 0.117500 1.000000000000 1.000000000000
48 0.120000 1.000000000000 1.000000000000
49 0.122500 1.000000000000 1.000000000000
50 0.125000 1.000000000000 1.000000000000
51 0.127500 1.000000000000 1.000000000000
52 0.130000 1.000000000000 1.000000000000
53 0.132500 1.000000000000 1.000000000000
54 0.135000 1.000000000000 1.000000000000
55 0.137500 1.000000000000 1.000000000000
56 0.140000 1.000000000000 1.000000000000
57 0.142500 1.000000000000 1.000000000000
58 0.145000 1.000000000000 1.000000000000
59 0.147500 1.000000000000 1.000000000000
60 0.150000 1.000000000000 1.000000000000
61 0.152500 1.000000000000 1.000000000000
62 0.155000 1.000000000000 1.000000000000
63 0.157500 1.000000000000 1.000000000000
64 0.160000 1.000000000000 1.000000000000
65 0.162500 1.000000000000 1.000000000000
66 0.165000 1.000000000000 1.000000000000
67 0.167500 1.000000000000 1.000000000000
68 0.170000 1.000000000000 1.000000000000
69 0.172500 1.000000000000 1.000000000000
70 0.175000 1.000000000000 1.000000000000
71 0.177500 1.000000000000 1.000000000000
72 0.180000 1.000000000000 1.000000000000
73 0.182500 1.000000000000 1.000000000000
74 0.185000 1.000000000000 1.000000000000
75 0.187500 1.000000000000 1.000000000000
76 0.190000 1.000000000000 1.000000000000
77 0.192500 1.000000000000 1.000000000000
78 0.195000 1.000000000000 1.000000000000
79 0.197500 1.000000000000 1.000000000000
80 0.200000 1.000000000000 1.000000000000
81 0.202500 1.000000000000 1.000000000000
82 0.205000 1.000000000000 1.000000000000
83 0.207500 1.000000000000 1.000000000000
84 0.210000 1.000000000000 1.000000000000
85 0.212500 1.000000000000 1.000000000000
86 0.215000 1.000000000000 1.000000000000
87 0.217500 1.000000000000 1.000000000000
88 0.220000 1.000000000000 1.000000000000
89 0.222500 1.000000000000 1.000000000000
90 0.225000 1.000000000000 1.000000000000
91 0.227500 1.000000000000 1.000000000000
92 0.230000 1.000000000000 1.000000000000
93 0.232500 1.000000000000 1.000000000000
94 0.235000 1.000000000000 1.000000000000
95 0.237500 1.000000000000 1.000000000000
96 0.240000 1.000000000000 1.000000000000
97 0.242500 1.000000000000 1.000000000000
98 0.245000 1.000000000000 1.000000000000
99 0.247500 1.000000000000 1.000000000000
100 0.250000 1.000000000000 1.000000000000
101 0.252500 1.000000000000 1.000000000000
102 0.255000 1.000000000000 1.000000000000
103 0.257500 1.000000000000 1.000000000000
104 0.260000 1.000000000000 1.000000000000
105 0.262500 1.000000000000 1.000000000000
106 0.265000 1.000000000000 1.000000000000
107 0.267500 1.000000000000 1.000000000000
108 0.270000 1.000000000000 1.000000000000
109 0.272500 1.000000000000 1.000000000000
110 0.275000 1.000000000000 1.000000000000
111 0.277500 1.000000000000 1.000000000000
112 0.280000 1.000000000000 1.000000000000
113 0.282500 1.000000000000 1.000000000000
114 0.285000 1.000000000000 1.000000000000
115 0.287500 1.000000000000 1.000000000000
116 0.290000 1.000000000000 1.000000000000
117 0.292500 1.000000000000 1.000000000000
118 0.295000 1.000000000000 1.000000000000
119 0.297500 1.000000000000 1.000000000000
120 0.300000 1.000000000000 1.000000000000
121 0.302500 1.000000000000 1.000000000000
122 0.305000 1.000000000000 1.000000000000
123 0.307500 1.000000000000 1.000000000000
124 0.310000 1.000000000000 1.000000000000
125 0.312500 1.000000000000 1.000000000000
126 0.315000 1.000000000000 1.000000000000
127 0.317500 1.000000000000 1.000000000000
128 0.320000 1.000000000000 1.000000000000
129 0.322500 1.000000000000 1.000000000000
130 0.325000 1.000000000000 1.000000000000
131 0.327500 1.000000000000 1.000000000000
132 0.330000 1.000000000000 1.000000000000
133 0.332500 1.000000000000 1.000000000000
134 0.335000 1.000000000000 1.000000000000
135 0.337500 1.000000000000 1.000000000000
136 0.340000 1.000000000000 1.000000000000
137 0.342500 1.000000000000 1.000000000000
138 0.345000 1.000000000000 1.000000000000
139 0.347500 1.000000000000 1.000000000000
140 0.350000 1.000000000000 1.000000000000
141 0.352500 1.000000000000 1.000000000000
142 0.355000 1.000000000000 1.000000000000
143 0.357500 1.000000000000 1.000000000000
144 0.360000 1.000000000000 1.000000000000
145 0.362500 1.000000000000 1.000000000000
146 0.365000 1.000000000000 1.000000000000
147 0.367500 1.000000000000 1.000000000000
148 0.370000 1.000000000000 1.000000000000
149 0.372500 1.000000000000 1.000000000000
150 0.375000 1.000000000000 1.000000000000
151 0.377500 1.000000000000 1.000000000000
152 0.380000 1.000000000000 1.000000000000
153 0.382500 1.000000000000 1.000000000000
154 0.385000 1.000000000000 1.000000000000
155 0.387500 1.000000000000 1.000000000000
156 0.390000 1.000000000000 1.000000000000
157 0.392500 1.000000000000 1.000000000000
158 0.395000 1.000000000000 1.000000000000
159 0.397500 1.000000000000 1.000000000000
160 0.400000 1.000000000000 1.000000000000
161 0.402500 1.000000000000 1.000000000000
162 0.405000 1.000000000000 1.000000000000
163 0.407500 1.000000000000 1.000000000000
164 0.410000 1.000000000000 1.000000000000
165 0.412500 1.000000000000 1.000000000000
166 0.415000 1.000000000000 1.000000000000
167 0.417500 1.000000000000 1.000000000000
168 0.420000 1.000000000000 1.000000000000
169 0.422500 1.000000000000 1.000000000000
170 0.425000 1.000000000000 1.000000000000
171 0.427500 1.000000000000 1.000000000000
172 0.430000 1.000000000000 1.000000000000
173 0.432500 1.000000000000 1.000000000000
174 0.435000 1.000000000000 1.000000000000
175 0.437500 1.000000000000 1.000000000000
176 0.440000 1.000000000000 1.000000000000
177 0.442500 1.000000000000 1.000000000000
178 0.445000 1.000000000000 1.000000000000
179 0.447500 1.000000000000 1.000000000000
180 0.450000 1.000000000000 1.000000000000
181 0.452500 1.000000000000 1.000000000000
182 0.455000 1.000000000000 1.000000000000
183 0.457500 1.000000000000 1.000000000000
184 0.460000 1.000000000000 1.000000000000
185 0.462500 1.000000000000 1.000000000000
186 0.465000 1.000000000000 1.000000000000
187 0.467500 1.000000000000 1.000000000000
188 0.470000 1.000000000000 1.000000000000
189 0.472500 1.000000000000 1.000000000000
190 0.475000 1.000000000000 1.000000000000
191 0.477500 1.000000000000 1.000000000000
192 0.480000 1.000000000000 1.000000000000
193 0.482500 1.000000000000 1.000000000000
194 0.485000 1.000000000000 1.000000000000
195 0.487500 1.000000000000 1.000000000000
196 0.490000 1.000000000000 1.000000000000
197 0.492500 1.000000000000 1.000000000000
198 0.495000 1.000000000000 1.000000000000
199 0.497500 1.000000000000 1.000000000000
200 0.500000 1.000000000000 1.000000000000
201 0.502500 1.000000000000 1.000000000000
202 0.505000 1.000000000000 1.000000000000
203 0.507500 1.000000000000 1.000000000000
204 0.510000 1.000000000000 1.000000000000
205 0.512500 1.000000000000 1.000000000000
206 0.515000 1.000000000000 1.000000000000
207 0.517500 1.000000000000 1.000000000000
208 0.520000 1.000000000000 1.000000000000
209 0.522500 1.000000000000 1.000000000000
210 0.525000 1.000000000000 1.000000000000
211 0.527500 1.000000000000 1.000000000000
212 0.530000 1.000000000000 1.000000000000
213 0.532500 1.000000000000 1.000000000000
214 0.535000 1.000000000000 1.000000000000
215 0.537500 1.000000000000 1.000000000000
216 0.540000 1.000000000000 1.000000000000
217 0.542500 1.000000000000 1.000000000000
218 0.545000 1.000000000000 1.000000000000
219 0.547500 1.000000000000 1.000000000000
220 0.550000 1.000000000000 1.000000000000
221 0.552500 1.000000000000 1.000000000000
222 0.555000 1.000000000000 1.000000000000
223 0.557500 1.000000000000 1.000000000000
224 0.560000 1.000000000000 1.000000000000
225 0.562500 1.000000000000 1.000000000000
226 0.565000 1.000000000000 1.000000000000
227 0.567500 1.000000000000 1.000000000000
228 0.570000 1.000000000000 1.000000000000
229 0.572500 1.000000000000 1.000000000000
230 0.575000 1.000000000000 1.000000000000
231 0.577500 1.000000000000 1.000000000000
232 0.580000 1.000000000000 1.000000000000
233 0.582500 1.000000000000 1.000000000000
234 0.585000 1.000000000000 1.000000000000
235 0.587500 1.000000000000 1.000000000000
236 0.590000 1.000000000000 1.000000000000
237 0.592500 1.000000000000 1.000000000000
238 0.595000 1.000000000000 1.000000000000
239 0.597500 1.000000000000 1.000000000000
240 0.600000 1.000000000000 1.000000000000
241 0.602500 1.000000000000 1.000000000000
242 0.605000 1.000000000000 1.000000000000
243 0.607500 1.000000000000 1.000000000000
244 0.610000 1.000000000000 1.000000000000
245 0.612500 1.000000000000 1.000000000000
246 0.615000 1.000000000000 1.000000000000
247 0.617500 1.000000000000 1.000000000000
248 0.620000 1.000000000000 1.000000000000
249 0.622500 1.000000000000 1.000000000000
250 0.625000 1.000000000000 1.000000000000
251 0.627500 1.000000000000 1.000000000000
252 0.630000 1.000000000000 1.000000000000
253 0.632500 1.000000000000 1.000000000000
254 0.635000 1.000000000000 1.000000000000
255 0.637500 1.000000000000 1.000000000000
256 0.640000 1.000000000000 1.000000000000
257 0.642500 1.000000000000 1.000000000000
258 0.645000 1.000000000000 1.000000000000
259 0.647500 1.000000000000 1.000000000000
260 0.650000 1.000000000000 1.000000000000
261 0.652500 1.000000000000 1.000000000000
262 0.655000 1.000000000000 1.000000000000
263 0.657500 1.000000000000 1.000000000000
264 0.660000 1.000000000000 1.000000000000
265 0.662500 1.000000000000 1.000000000000
266 0.665000 1.000000000000 1.000000000000
267 0.667500 1.000000000000 1.000000000000
268 0.670000 1.000000000000 1.000000000000
269 0.672500 1.000000000000 1.000000000000
270 0.675000 1.000000000000 1.000000000000
271 0.677500 1.000000000000 1.000000000000
272 0.680000 1.000000000000 1.000000000000
273 0.682500 1.000000000000 1.000000000000
274 0.685000 1.000000000000 1.000000000000
275 0.687500 1.000000000000 1.000000000000
276 0.690000 1.000000000000 1.000000000000
277 0.692500 1.000000000000 1.000000000000
278 0.695000 1.000000000000 1.000000000000
279 0.697500 1.000000000000 1.000000000000
280 0.700000 1.000000000000 1.000000000000
281 0.702500 1.000000000000 1.000000000000
282 0.705000 1.000000000000 1.000000000000
283 0.707500 1.000000000000 1.000000000000
284 0.710000 1.000000000000 1.000000000000
285 0.712500 1.000000000000 1.000000000000
286 0.715000 1.000000000000 1.000000000000
287 0.717500 1.000000000000 1.000000000000
288 0.720000 1.000000000000 1.000000000000
289 0.722500 1.000000000000 1.000000000000
290 0.725000 1.000000000000 1.000000000000
291 0.727500 1.000000000000 1.000000000000
292 0.730000 1.000000000000 1.000000000000
293 0.732500 1.000000000000 1.000000000000
294 0.735000 1.000000000000 1.000000000000
295 0.737500 1.000000000000 1.000000000000
296 0.740000 1.000000000000 1.000000000000
297 0.742500 1.000000000000 1.000000000000
298 0.745000 1.000000000000 1.000000000000
299 0.747500 1.000000000000 1.000000000000
300 0.750000 1.000000000000 1.000000000000
301 0.752500 1.000000000000 1.000000000000
302 0.755000 1.000000000000 1.000000000000
303 0.757500 1.000000000000 1.000000000000
304 0.760000 1.000000000000 1.000000000000
305 0.762500 1.000000000000 1.000000000000
306 0.765000 1.000000000000 1.000000000000
307 0.767500 1.000000000000 1.000000000000
308 0.770000 1.000000000000 1.000000000000
309 0.772500 1.000000000000 1.000000000000
310 0.775000 1.000000000000 1.000000000000
311 0.777500 1.000000000000 1.000000000000
312 0.780000 1.000000000000 1.000000000000
313 0.782500 1.000000000000 1.000000000000
314 0.785000 1.000000000000 1.000000000000
315 0.787500 1.000000000000 1.000000000000
316 0.790000 1.000000000000 1.000000000000
317 0.792500 1.000000000000 1.000000000000
318 0.795000 1.000000000000 1.000000000000
319 0.797500 1.000000000000 1.000000000000
320 0.800000 1.000000000000 1.000000000000
321 0.802500 1.000000000000 1.000000000000
322 0.805000 1.000000000000 1.000000000000
323 0.807500 1.000000000000 1.000000000000
324 0.810000 1.000000000000 1.000000000000
325 0.812500 1.000000000000 1.000000000000
326 0.815000 1.000000000000 1.000000000000
327 0.817500 1.000000000000 1.000000000000
328 0.820000 1.000000000000 1.000000000000
329 0.822500 1.000000000000 1.000000000000
330 0.825000 1.000000000000 1.000000000000
331 0.827500 1.000000000000 1.000000000000
332 0.830000 1.000000000000 1.000000000000
333 0.832500 1.000000000000 1.000000000000
334 0.835000 1.000000000000 1.000000000000
335 0.837500 1.000000000000 1.000000000000
336 0.840000 1.000000000000 1.000000000000
337 0.842500 1.000000000000 1.000000000000
338 0.845000 1.000000000000 1.000000000000
339 0.847500 1.000000000000 1.000000000000
340 0.850000 1.000000000000 1.000000000000
341 0.852500 1.000000000000 1.000000000000
342 0.855000 1.000000000000 1.000000000000
343 0.857500 1.000000000000 1.000000000000
344 0.860000 1.000000000000 1.000000000000
345 0.862500 1.000000000000 1.000000000000
346 0.865000 1.000000000000 1.000000000000
347 0.867500 1.000000000000 1.000000000000
348 0.870000 1.000000000000 1.000000000000
349 0.872500 1.000000000000 1.000000000000
350 0.875000 1.000000000000 1.000000000000
351 0.877500 1.000000000000 1.000000000000
352 0.880000 1.000000000000 1.000000000000
353 0.882500 1.000000000000 1.000000000000
354 0.885000 1.000000000000 1.000000000000
355 0.887500 1.000000000000 1.000000000000
356 0.890000 1.000000000000 1.000000000000
357 0.892500 1.000000000000 1.000000000000
358 0.895000 1.000000000000 1.000000000000
359 0.897500 1.000000000000 1.000000000000
360 0.900000 1.000000000000 1.000000000000
361 0.902500 1.000000000000 1.000000000000
362 0.905000 1.000000000000 1.000000000000
363 0.907500 1.000000000000 1.000000000000
364 0.910000 1.000000000000 1.000000000000
365 0.912500 1.000000000000 1.000000000000
366 0.915000 1.000000000000 1.000000000000
367 0.917500 1.000000000000 1.000000000000
368 0.920000 1.000000000000 1.000000000000
369 0.922500 1.000000000000 1.000000000000
370 0.925000 1.000000000000 1.000000000000
371 0.927500 1.000000000000 1.000000000000
372 0.930000 1.000000000000 1.000000000000
373 0.932500 1.000000000000 1.000000000000
374 0.935000 1.000000000000 1.000000000000
375 0.937500 1.000000000000 1.000000000000
376 0.940000 1.000000000000 1.000000000000
377 0.942500 1.000000000000 1.000000000000
378 0.945000 1.000000000000 1.000000000000
379 0.947500 1.000000000000 1.000000000000
380 0.950000 1.000000000000 1.000000000000
381 0.952500 1.000000000000 1.000000000000
382 0.955000 1.000000000000 1.000000000000
383 0.957500 1.000000000000 1.000000000000
384 0.960000 1.000000000000 1.000000000000
385 0.962500 1.000000000000 1.000000000000
386 0.965000 1.000000000000 1.000000000000
387 0.967500 1.000000000000 1.000000000000
388 0.970000 1.000000000000 1.000000000000
389 0.972500 1.000000000000 1.000000000000
390 0.975000 1.000000000000 1.000000000000
391 0.977500 1.000000000000 1.000000000000
392 0.980000 1.000000000000 1.000000000000
393 0.982500 1.000000000000 1.000000000000
394 0.985000 1.000000000000 1.000000000000
395 0.987500 1.000000000000 1.000000000000
396 0.990000 1.000000000000 1.000000000000
397 0.992500 1.000000000000 1.000000000000
398 0.995000 1.000000000000 1.000000000000
399 0.997500 1.000000000000 1.000000000000
400 1.000000 1.000000000000 1.000000000000
401 1.002500 1.000000000000 1.000000000000
402 1.005000 1.000000000000 1.000000000000
403 1.007500 1.000000000000 1.000000000000
404 1.010000 1.000000000000 1.000000000000
405 1.012500 1.000000000000 1.000000000000
406 1.015000 1.000000000000 1.000000000000
407 1.017500 1.000000000000 1.000000000000
408 1.020000 1.000000000000 1.000000000000
409 1.022500 1.000000000000 1.000000000000
410 1.025000 1.000000000000 1.000000000000
411 1.027500 1.000000000000 1.000000000000
412 1.030000 1.000000000000 1.000000000000
413 1.032500 1.000000000000 1.000000000000
414 1.035000 1.000000000000 1.000000000000
415 1.037500 1.000000000000 1.000000000000
416 1.040000 1.000000000000 1.000000000000
417 1.042500 1.000000000000 1.000000000000
418 1.045000 1.000000000000 1.000000000000
419 1.047500 1.000000000000 1.000000000000
420 1.050000 1.000000000000 1.000000000000
421 1.052500 1.000000000000 1.000000000000
422 1.055000 1.000000000000 1.000000000000
423 1.057500 1.000000000000 1.000000000000
424 1.060000 1.000000000000 1.000000000000
425 1.062500 1.000000000000 1.000000000000
426 1.065000 1.000000000000 1.000000000000
427 1.067500 1.000000000000 1.000000000000
428 1.070000 1.000000000000 1.000000000000
429 1.072500 1.000000000000 1.000000000000
430 1.075000 1.000000000000 1.000000000000
431 1.077500 1.000000000000 1.000000000000
432 1.080000 1.000000000000 1.000000000000
433 1.082500 1.000000000000 1.000000000000
434 1.085000 1.000000000000 1.000000000000
435 1.087500 1.000000000000 1.000000000000
436 1.090000 1.000000000000 1.000000000000
437 1.092500 1.000000000000 1.000000000000
438 1.095000 1.000000000000 1.000000000000
439 1.097500 1.000000000000 1.000000000000
440 1.100000 1.000000000000 1.000000000000
441 1.102500 1.000000000000 1.000000000000
442 1.105000 1.000000000000 1.000000000000
443 1.107500 1.000000000000 1.000000000000
444 1.110000 1.000000000000 1.000000000000
445 1.112500 1.000000000000 1.000000000000
446 1.115000 1.000000000000 1.000000000000
447 1.117500 1.000000000000 1.000000000000
448 1.120000 1.000000000001 1.000000000001
449 1.122500 1.000000000001 1.000000000001
450 1.125000 1.000000000001 1.000000000001
451 1.127500 1.000000000001 1.000000000001
452 1.130000 1.000000000001 1.000000000001
453 1.132500 1.000000000001 1.000000000001
454 1.135000 1.000000000002 1.000000000002
455 1.137500 1.000000000002 1.000000000002
456 1.140000 1.000000000003 1.000000000003
457 1.142500 1.000000000003 1.000000000003
458 1.145000 1.000000000004 1.000000000004
459 1.147500 1.000000000004 1.000000000004
460 1.150000 1.000000000005 1.000000000005
461 1.152500 1.000000000005 1.000000000005
462 1.155000 1.000000000006 1.000000000006
463 1.157500 1.000000000007 1.000000000007
464 1.160000 1.000000000008 1.000000000008
465 1.162500 1.000000000009 1.000000000009
466 1.165000 1.000000000010 1.000000000010
467 1.167500 1.000000000012 1.000000000012
468 1.170000 1.000000000013 1.000000000013
469 1.172500 1.000000000015 1.000000000015
470 1.175000 1.000000000016 1.000000000016
471 1.177500 1.000000000018 1.000000000018
472 1.180000 1.000000000020 1.000000000020
473 1.182500 1.000000000022 1.000000000022
474 1.185000 1.000000000024 1.000000000024
475 1.187500 1.000000000026 1.000000000026
476 1.190000 1.000000000029 1.000000000029
477 1.192500 1.000000000031 1.000000000031
478 1.195000 1.000000000034 1.000000000034
479 1.197500 1.000000000036 1.000000000036
480 1.200000 1.000000000039 1.000000000039
481 1.202500 1.000000000042 1.000000000042
482 1.205000 1.000000000045 1.000000000045
483 1.207500 1.000000000048 1.000000000048
484 1.210000 1.000000000051 1.000000000051
485 1.212500 1.000000000055 1.000000000055
486 1.215000 1.000000000058 1.000000000058
487 1.217500 1.000000000062 1.000000000062
488 1.220000 1.000000000065 1.000000000065
489 1.222500 1.000000000069 1.000000000069
490 1.225000 1.000000000073 1.000000000073
491 1.227500 1.000000000077 1.000000000077
492 1.230000 1.000000000081 1.000000000081
493 1.232500 1.000000000085 1.000000000085
494 1.235000 1.000000000089 1.000000000089
495 1.237500 1.000000000093 1.000000000093
496 1.240000 1.000000000098 1.000000000098
497 1.242500 1.000000000102 1.000000000102
498 1.245000 1.000000000107 1.000000000107
499 1.247500 1.000000000111 1.000000000111
500 1.250000 1.000000000116 1.000000000116
501 1.252500 1.000000000120 1.000000000120
502 1.255000 1.000000000125 1.000000000125
503 1.257500 1.000000000130 1.000000000130
504 1.260000 1.000000000135 1.000000000135
505 1.262500 1.000000000140 1.000000000140
506 1.265000 1.000000000145 1.000000000145
507 1.267500 1.000000000150 1.000000000150
508 1.270000 1.000000000155 1.000000000155
509 1.272500 1.000000000160 1.000000000160
510 1.275000 1.000000000165 1.000000000165
511 1.277500 1.000000000170 1.000000000170
512 1.280000 1.000000000175 1.000000000175
513 1.282500 1.000000000181 1.000000000181
514 1.285000 1.000000000186 1.000000000186
515 1.287500 1.000000000192 1.000000000192
516 1.290000 1.000000000197 1.000000000197
517 1.292500 1.000000000203 1.000000000203
518 1.295000 1.000000000208 1.000000000208
519 1.297500 1.000000000214 1.000000000214
520 1.300000 1.000000000220 1.000000000220
521 1.302500 1.000000000225 1.000000000225
522 1.305000 1.000000000231 1.000000000231
523 1.307500 1.000000000237 1.000000000237
524 1.310000 1.000000000243 1.000000000243
525 1.312500 1.000000000249 1.000000000249
526 1.315000 1.000000000255 1.000000000255
527 1.317500 1.000000000261 1.000000000261
528 1.320000 1.000000000267 1.000000000267
529 1.322500 1.000000000273 1.000000000273
530 1.325000 1.000000000279 1.000000000279
531 1.327500 1.000000000285 1.000000000285
532 1.330000 1.000000000292 1.000000000292
533 1.332500 1.000000000298 1.000000000298
534 1.335000 1.000000000304 1.000000000304
535 1.337500 1.000000000311 1.000000000311
536 1.340000 1.000000000317 1.000000000317
537 1.342500 1.000000000324 1.000000000324
538 1.345000 1.000000000330 1.000000000330
539 1.347500 1.000000000337 1.000000000337
540 1.350000 1.000000000344 1.000000000344
541 1.352500 1.000000000350 1.000000000350
542 1.355000 1.000000000357 1.000000000357
543 1.357500 1.000000000364 1.000000000364
544 1.360000 1.000000000371 1.000000000371
545 1.362500 1.000000000378 1.000000000378
546 1.365000 1.000000000385 1.000000000385
547 1.367500 1.000000000392 1.000000000392
548 1.370000 1.000000000398 1.000000000398
549 1.372500 1.000000000406 1.000000000406
550 1.375000 1.000000000413 1.000000000413
551 1.377500 1.000000000420 1.000000000420
552 1.380000 1.000000000427 1.000000000427
553 1.382500 1.000000000434 1.000000000434
554 1.385000 1.000000000441 1.000000000441
555 1.387500 1.000000000449 1.000000000449
556 1.390000 1.000000000456 1.000000000456
557 1.392500 1.000000000463 1.000000000463
558 1.395000 1.000000000471 1.000000000471
559 1.397500 1.000000000478 1.000000000478
560 1.400000 1.000000000485 1.000000000485
561 1.402500 1.000000000493 1.000000000493
562 1.405000 1.000000000500 1.000000000500
563 1.407500 1.000000000508 1.000000000508
564 1.410000 1.000000000515 1.000000000515
565 1.412500 1.000000000523 1.000000000523
566 1.415000 1.000000000531 1.000000000531
567 1.417500 1.000000000538 1.000000000538
568 1.420000 1.000000000546 1.000000000546
569 1.422500 1.000000000554 1.000000000554
570 1.425000 1.000000000562 1.000000000562
571 1.427500 1.000000000569 1.000000000569
572 1.430000 1.000000000577 1.000000000577
573 1.432500 1.000000000585 1.000000000585
574 1.435000 1.000000000593 1.000000000593
575 1.437500 1.000000000601 1.000000000601
576 1.440000 1.000000000609 1.000000000609
577 1.442500 1.000000000617 1.000000000617
578 1.445000 1.000000000625 1.000000000625
579 1.447500 1.000000000633 1.000000000633
580 1.450000 1.000000000641 1.000000000641
581 1.452500 1.000000000649 1.000000000649
582 1.455000 1.000000000657 1.000000000657
583 1.457500 1.000000000665 1.000000000665
584 1.460000 1.000000000674 1.000000000674
585 1.462500 1.000000000682 1.000000000682
586 1.465000 1.000000000690 1.000000000690
587 1.467500 1.000000000698 1.000000000698
588 1.470000 1.000000000707 1.000000000707
589 1.472500 1.000000000715 1.000000000715
590 1.475000 1.000000000723 1.000000000723
591 1.477500 1.000000000732 1.000000000732
592 1.480000 1.000000000740 1.000000000740
593 1.482500 1.000000000748 1.000000000748
594 1.485000 1.000000000757 1.000000000757
595 1.487500 1.000000000765 1.000000000765
596 1.490000 1.000000000774 1.000000000774
597 1.492500 1.000000000782 1.000000000782
598 1.495000 1.000000000791 1.000000000791
599 1.497500 1.000000000799 1.000000000799
600 1.500000 1.000000000808 1.000000000808
601 1.502500 1.000000000816 1.000000000816
602 1.505000 1.000000000825 1.000000000825
603 1.507500 1.000000000834 1.000000000834
604 1.510000 1.000000000842 1.000000000842
605 1.512500 1.000000000851 1.000000000851
606 1.515000 1.000000000860 1.000000000860
607 1.517500 1.000000000868 1.000000000868
608 1.520000 1.000000000877 1.000000000877
609 1.522500 1.000000000886 1.000000000886
610 1.525000 1.000000000894 1.000000000894
611 1.527500 1.000000000903 1.000000000903
612 1.530000 1.000000000912 1.000000000912
613 1.532500 1.000000000921 1.000000000921
614 1.535000 1.000000000930 1.000000000930
615 1.537500 1.000000000938 1.000000000938
616 1.540000 1.000000000947 1.000000000947
617 1.542500 1.000000000956 1.000000000956
618 1.545000 1.000000000965 1.000000000965
619 1.547500 1.000000000974 1.000000000974
620 1.550000 1.000000000983 1.000000000983
621 1.552500 1.000000000992 1.000000000992
622 1.555000 1.000000001001 1.000000001001
623 1.557500 1.000000001010 1.000000001010
624 1.560000 1.000000001019 1.000000001019
625 1.562500 1.000000001028 1.000000001028
626 1.565000 1.000000001037 1.000000001037
627 1.567500 1.000000001046 1.000000001046
628 1.570000 1.000000001055 1.000000001055
629 1.572500 1.000000001064 1.000000001064
630 1.575000 1.000000001073 1.000000001073
631 1.577500 1.000000001082 1.000000001082
632 1.580000 1.000000001091 1.000000001091
633 1.582500 1.000000001100 1.000000001100
634 1.585000 1.000000001109 1.000000001109
635 1.587500 1.000000001118 1.000000001118
636 1.590000 1.000000001127 1.000000001127
637 1.592500 1.000000001136 1.000000001136
638 1.595000 1.000000001146 1.000000001146
639 1.597500 1.000000001155 1.000000001155
640 1.600000 1.000000001164 1.000000001164
641 1.602500 1.000000001173 1.000000001173
642 1.605000 1.000000001182 1.000000001182
643 1.607500 1.000000001191 1.000000001191
644 1.610000 1.000000001201 1.000000001201
645 1.612500 1.000000001210 1.000000001210
646 1.615000 1.000000001219 1.000000001219
647 1.617500 1.000000001228 1.000000001228
648 1.620000 1.000000001238 1.000000001238
649 1.622500 1.000000001247 1.000000001247
650 1.625000 1.000000001256 1.000000001256
651 1.627500 1.000000001266 1.000000001266
652 1.630000 1.000000001275 1.000000001275
653 1.632500 1.000000001284 1.000000001284
654 1.635000 1.000000001293 1.000000001293
655 1.637500 1.000000001303 1.000000001303
656 1.640000 1.000000001312 1.000000001312
657 1.642500 1.000000001321 1.000000001321
658 1.645000 1.000000001331 1.000000001331
659 1.647500 1.000000001340 1.000000001340
660 1.650000 1.000000001350 1.000000001350
661 1.652500 1.000000001359 1.000000001359
662 1.655000 1.000000001368 1.000000001368
663 1.657500 1.000000001378 1.000000001378
664 1.660000 1.000000001387 1.000000001387
665 1.662500 1.000000001397 1.000000001397
666 1.665000 1.000000001406 1.000000001406
667 1.667500 1.000000001415 1.000000001415
668 1.670000 1.000000001425 1.000000001425
669 1.672500 1.000000001434 1.000000001434
670 1.675000 1.000000001444 1.000000001444
671 1.677500 1.000000001453 1.000000001453
672 1.680000 1.000000001463 1.000000001463
673 1.682500 1.000000001472 1.000000001472
674 1.685000 1.000000001482 1.000000001482
675 1.687500 1.000000001491 1.000000001491
676 1.690000 1.000000001501 1.000000001501
677 1.692500 1.000000001510 1.000000001510
678 1.695000 1.000000001520 1.000000001520
679 1.697500 1.000000001529 1.000000001529
680 1.700000 1.000000001539 1.000000001539
681 1.702500 1.000000001548 1.000000001548
682 1.705000 1.000000001558 1.000000001558
683 1.707500 1.000000001567 1.000000001567
684 1.710000 1.000000001577 1.000000001577
685 1.712500 1.000000001586 1.000000001586
686 1.715000 1.000000001596 1.000000001596
687 1.717500 1.000000001605 1.000000001605
688 1.720000 1.000000001615 1.000000001615
689 1.722500 1.000000001624 1.000000001624
690 1.725000 1.000000001634 1.000000001634
691 1.727500 1.000000001644 1.000000001644
692 1.730000 1.000000001653 1.000000001653
693 1.732500 1.000000001663 1.000000001663
694 1.735000 1.000000001672 1.000000001672
695 1.737500 1.000000001682 1.000000001682
696 1.740000 1.000000001691 1.000000001691
697 1.742500 1.000000001701 1.000000001701
698 1.745000 1.000000001711 1.000000001711
699 1.747500 1.000000001720 1.000000001720
700 1.750000 1.000000001730 1.000000001730
701 1.752500 1.000000001740 1.000000001740
702 1.755000 1.000000001749 1.000000001749
703 1.757500 1.000000001759 1.000000001759
704 1.760000 1.000000001768 1.000000001768
705 1.762500 1.000000001778 1.000000001778
706 1.765000 1.000000001788 1.000000001788
707 1.767500 1.000000001797 1.000000001797
708 1.770000 1.000000001807 1.000000001807
709 1.772500 1.000000001817 1.000000001817
710 1.775000 1.000000001826 1.000000001826
711 1.777500 1.000000001836 1.000000001836
712 1.780000 1.000000001846 1.000000001846
713 1.782500 1.000000001855 1.000000001855
714 1.785000 1.000000001865 1.000000001865
715 1.787500 1.000000001875 1.000000001875
716 1.790000 1.000000001884 1.000000001884
717 1.792500 1.000000001894 1.000000001894
718 1.795000 1.000000001904 1.000000001904
719 1.797500 1.000000001913 1.000000001913
720 1.800000 1.000000001923 1.000000001923
721 1.802500 1.000000001933 1.000000001933
722 1.805000 1.000000001942 1.000000001942
723 1.807500 1.000000001952 1.000000001952
724 1.810000 1.000000001962 1.000000001962
725 1.812500 1.000000001971 1.000000001971
726 1.815000 1.000000001981 1.000000001981
727 1.817500 1.000000001991 1.000000001991
728 1.820000 1.000000002000 1.000000002000
729 1.822500 1.000000002010 1.000000002010
730 1.825000 1.000000002020 1.000000002020
731 1.827500 1.000000002030 1.000000002030
732 1.830000 1.000000002039 1.000000002039
733 1.832500 1.000000002049 1.000000002049
734 1.835000 1.000000002059 1.000000002059
735 1.837500 1.000000002068 1.000000002068
736 1.840000 1.000000002078 1.000000002078
737 1.842500 1.000000002088 1.000000002088
738 1.845000 1.000000002098 1.000000002098
739 1.847500 1.000000002107 1.000000002107
740 1.850000 1.000000002117 1.000000002117
741 1.852500 1.000000002127 1.000000002127
742 1.855000 1.000000002136 1.000000002136
743 1.857500 1.000000002146 1.000000002146
744 1.860000 1.000000002156 1.000000002156
745 1.862500 1.000000002166 1.000000002166
746 1.865000 1.000000002175 1.000000002175
747 1.867500 1.000000002185 1.000000002185
748 1.870000 1.000000002195 1.000000002195
749 1.872500 1.000000002205 1.000000002205
750 1.875000 1.000000002214 1.000000002214
751 1.877500 1.000000002224 1.000000002224
752 1.880000 1.000000002234 1.000000002234
753 1.882500 1.000000002244 1.000000002244
754 1.885000 1.000000002253 1.000000002253
755 1.887500 1.000000002263 1.000000002263
756 1.890000 1.000000002273 1.000000002273
757 1.892500 1.000000002283 1.000000002283
758 1.895000 1.000000002292 1.000000002292
759 1.897500 1.000000002302 1.000000002302
760 1.900000 1.000000002312 1.000000002312
761 1.902500 1.000000002322 1.000000002322
762 1.905000 1.000000002331 1.000000002331
763 1.907500 1.000000002341 1.000000002341
764 1.910000 1.000000002351 1.000000002351
765 1.912500 1.000000002361 1.000000002361
766 1.915000 1.000000002370 1.000000002370
767 1.917500 1.000000002380 1.000000002380
768 1.920000 1.000000002390 1.000000002390
769 1.922500 1.000000002400 1.000000002400
770 1.925000 1.000000002409 1.000000002409
771 1.927500 1.000000002419 1.000000002419
772 1.930000 1.000000002429 1.000000002429
773 1.932500 1.000000002439 1.000000002439
774 1.935000 1.000000002448 1.000000002448
775 1.937500 1.000000002458 1.000000002458
776 1.940000 1.000000002468 1.000000002468
777 1.942500 1.000000002478 1.000000002478
778 1.945000 1.000000002488 1.000000002488
779 1.947500 1.000000002497 1.000000002497
780 1.950000 1.000000002507 1.000000002507
781 1.952500 1.000000002517 1.000000002517
782 1.955000 1.000000002527 1.000000002527
783 1.957500 1.000000002536 1.000000002536
784 1.960000 1.000000002546 1.000000002546
785 1.962500 1.000000002556 1.000000002556
786 1.965000 1.000000002566 1.000000002566
787 1.967500 1.000000002576 1.000000002576
788 1.970000 1.000000002585 1.000000002585
789 1.972500 1.000000002595 1.000000002595
790 1.975000 1.000000002605 1.000000002605
791 1.977500 1.000000002615 1.000000002615
792 1.980000 1.000000002624 1.000000002624
793 1.982500 1.000000002634 1.000000002634
794 1.985000 1.000000002644 1.000000002644
795 1.987500 1.000000002654 1.000000002654
796 1.990000 1.000000002664 1.000000002664
797 1.992500 1.000000002673 1.000000002673
798 1.995000 1.000000002683 1.000000002683
799 1.997500 1.000000002693 1.000000002693
800 2.000000 1.000000002703 1.000000002703
801 2.002500 1.000000002713 1.000000002713
802 2.005000 1.000000002722 1.000000002722
803 2.007500 1.000000002732 1.000000002732
804 2.010000 1.000000002742 1.000000002742
805 2.012500 1.000000002752 1.000000002752
806 2.015000 1.000000002761 1.000000002761
807 2.017500 1.000000002771 1.000000002771
808 2.020000 1.000000002781 1.000000002781
809 2.022500 1.000000002791 1.000000002791
810 2.025000 1.000000002801 1.000000002801
811 2.027500 1.000000002810 1.000000002810
812 2.030000 1.000000002820 1.000000002820
813 2.032500 1.000000002830 1.000000002830
814 2.035000 1.000000002840 1.000000002840
815 2.037500 1.000000002850 1.000000002850
816 2.040000 1.000000002859 1.000000002859
817 2.042500 1.000000002869 1.000000002869
818 2.045000 1.000000002879 1.000000002879
819 2.047500 1.000000002889 1.000000002889
820 2.050000 1.000000002898 1.000000002898
821 2.052500 1.000000002908 1.000000002908
822 2.055000 1.000000002918 1.000000002918
823 2.057500 1.000000002927 1.000000002927
824 2.060000 1.000000002937 1.000000002937
825 2.062500 1.000000002946 1.000000002946
826 2.065000 1.000000002956 1.000000002956
827 2.067500 1.000000002965 1.000000002965
828 2.070000 1.000000002974 1.000000002974
829 2.072500 1.000000002983 1.000000002983
830 2.075000 1.000000002992 1.000000002992
831 2.077500 1.000000003001 1.000000003001
832 2.080000 1.000000003009 1.000000003009
833 2.082500 1.000000003017 1.000000003017
834 2.085000 1.000000003025 1.000000003025
835 2.087500 1.000000003033 1.000000003033
836 2.090000 1.000000003040 1.000000003040
837 2.092500 1.000000003046 1.000000003046
838 2.095000 1.000000003052 1.000000003052
839 2.097500 1.000000003058 1.000000003058
840 2.100000 1.000000003063 1.000000003063
841 2.102500 1.000000003067 1.000000003067
842 2.105000 1.000000003070 1.000000003070
843 2.107500 1.000000003073 1.000000003073
844 2.110000 1.000000003075 1.000000003075
845 2.112500 1.000000003077 1.000000003077
846 2.115000 1.000000003077 1.000000003077
847 2.117500 1.000000003076 1.000000003076
848 2.120000 1.000000003075 1.000000003075
849 2.122500 1.000000003073 1.000000003073
850 2.125000 1.000000003069 1.000000003069
851 2.127500 1.000000003065 1.000000003065
852 2.130000 1.000000003059 1.000000003059
853 2.132500 1.000000003053 1.000000003053
854 2.135000 1.000000003046 1.000000003046
855 2.137500 1.000000003037 1.000000003037
856 2.140000 1.000000003028 1.000000003028
857 2.142500 1.000000003018 1.000000003018
858 2.145000 1.000000003007 1.000000003007
859 2.147500 1.000000002994 1.000000002994
860 2.150000 1.000000002982 1.000000002982
861 2.152500 1.000000002968 1.000000002968
862 2.155000 1.000000002953 1.000000002953
863 2.157500 1.000000002938 1.000000002938
864 2.160000 1.000000002922 1.000000002922
865 2.162500 1.000000002905 1.000000002905
866 2.165000 1.000000002888 1.000000002888
867 2.167500 1.000000002871 1.000000002871
868 2.170000 1.000000002853 1.000000002853
869 2.172500 1.000000002834 1.000000002834
870 2.175000 1.000000002816 1.000000002816
871 2.177500 1.000000002797 1.000000002797
872 2.180000 1.000000002778 1.000000002778
873 2.182500 1.000000002759 1.000000002759
874 2.185000 1.000000002739 1.000000002739
875 2.187500 1.000000002720 1.000000002720
876 2.190000 1.000000002701 1.000000002701
877 2.192500 1.000000002682 1.000000002682
878 2.195000 1.000000002663 1.000000002663
879 2.197500 1.000000002645 1.000000002645
880 2.200000 1.000000002626 1.000000002626
881 2.202500 1.000000002608 1.000000002608
882 2.205000 1.000000002590 1.000000002590
883 2.207500 1.000000002572 1.000000002572
884 2.210000 1.000000002555 1.000000002555
885 2.212500 1.000000002538 1.000000002538
886 2.215000 1.000000002522 1.000000002522
887 2.217500 1.000000002506 1.000000002506
888 2.220000 1.000000002490 1.000000002490
889 2.222500 1.000000002475 1.000000002475
890 2.225000 1.000000002461 1.000000002461
891 2.227500 1.000000002446 1.000000002446
892 2.230000 1.000000002432 1.000000002432
893 2.232500 1.000000002419 1.000000002419
894 2.235000 1.000000002406 1.000000002406
895 2.237500 1.000000002393 1.000000002393
896 2.240000 1.000000002381 1.000000002381
897 2.242500 1.000000002369 1.000000002369
898 2.245000 1.000000002357 1.000000002357
899 2.247500 1.000000002346 1.000000002346
900 2.250000 1.000000002335 1.000000002335
901 2.252500 1.000000002324 1.000000002324
902 2.255000 1.000000002314 1.000000002314
903 2.257500 1.000000002304 1.000000002304
904 2.260000 1.000000002294 1.000000002294
905 2.262500 1.000000002285 1.000000002285
906 2.265000 1.000000002275 1.000000002275
907 2.267500 1.000000002266 1.000000002266
908 2.270000 1.000000002258 1.000000002258
909 2.272500 1.000000002249 1.000000002249
910 2.275000 1.000000002241 1.000000002241
911 2.277500 1.000000002232 1.000000002232
912 2.280000 1.000000002224 1.000000002224
913 2.282500 1.000000002217 1.000000002217
914 2.285000 1.000000002209 1.000000002209
915 2.287500 1.000000002201 1.000000002201
916 2.290000 1.000000002194 1.000000002194
917 2.292500 1.000000002186 1.000000002186
918 2.295000 1.000000002179 1.000000002179
919 2.297500 1.000000002172 1.000000002172
920 2.300000 1.000000002165 1.000000002165
921 2.302500 1.000000002158 1.000000002158
922 2.305000 1.000000002152 1.000000002152
923 2.307500 1.000000002145 1.000000002145
924 2.310000 1.000000002138 1.000000002138
925 2.312500 1.000000002132 1.000000002132
926 2.315000 1.000000002126 1.000000002126
927 2.317500 1.000000002119 1.000000002119
928 2.320000 1.000000002113 1.000000002113
929 2.322500 1.000000002107 1.000000002107
930 2.325000 1.000000002101 1.000000002101
931 2.327500 1.000000002095 1.000000002095
932 2.330000 1.000000002090 1.000000002090
933 2.332500 1.000000002084 1.000000002084
934 2.335000 1.000000002078 1.000000002078
935 2.337500 1.000000002073 1.000000002073
936 2.340000 1.000000002067 1.000000002067
937 2.342500 1.000000002062 1.000000002062
938 2.345000 1.000000002057 1.000000002057
939 2.347500 1.000000002051 1.000000002051
940 2.350000 1.000000002046 1.000000002046
941 2.352500 1.000000002041 1.000000002041
942 2.355000 1.000000002036 1.000000002036
943 2.357500 1.000000002031 1.000000002031
