# l[32]( l_32(t) ) connection: point17-point23
# n t l_32(t)      l_differential_32(t)
0 0.000000 1.000000000000 1.000000000000
1 0.002500 1.000000000000 1.000000000000
2 0.005000 1.000000000000 1.000000000000
3 0.007500 1.000000000000 1.000000000000
4 0.010000 1.000000000000 1.000000000000
5 0.012500 1.000000000000 1.000000000000
6 0.015000 1.000000000000 1.000000000000
7 0.017500 1.000000000000 1.000000000000
8 0.020000 1.000000000000 1.000000000000
9 0.022500 1.000000000000 1.000000000000
10 0.025000 1.000000000000 1.000000000000
11 0.027500 1.000000000000 1.000000000000
12 0.030000 1.000000000000 1.000000000000
13 0.032500 1.000000000000 1.000000000000
14 0.035000 1.000000000000 1.000000000000
15 0.037500 1.000000000000 1.000000000000
16 0.040000 1.000000000000 1.000000000000
17 0.042500 1.000000000000 1.000000000000
18 0.045000 1.000000000000 1.000000000000
19 0.047500 1.000000000000 1.000000000000
20 0.050000 1.000000000000 1.000000000000
21 0.052500 1.000000000000 1.000000000000
22 0.055000 1.000000000000 1.000000000000
23 0.057500 1.000000000000 1.000000000000
24 0.060000 1.000000000000 1.000000000000
25 0.062500 1.000000000000 1.000000000000
26 0.065000 1.000000000000 1.000000000000
27 0.067500 1.000000000000 1.000000000000
28 0.070000 1.000000000000 1.000000000000
29 0.072500 1.000000000000 1.000000000000
30 0.075000 1.000000000000 1.000000000000
31 0.077500 1.000000000000 1.000000000000
32 0.080000 1.000000000000 1.000000000000
33 0.082500 1.000000000000 1.000000000000
34 0.085000 1.000000000000 1.000000000000
35 0.087500 1.000000000000 1.000000000000
36 0.090000 1.000000000000 1.000000000000
37 0.092500 1.000000000000 1.000000000000
38 0.095000 1.000000000000 1.000000000000
39 0.097500 1.000000000000 1.000000000000
40 0.100000 1.000000000000 1.000000000000
41 0.102500 1.000000000000 1.000000000000
42 0.105000 1.000000000000 1.000000000000
43 0.107500 1.000000000000 1.000000000000
44 0.110000 1.000000000000 1.000000000000
45 0.112500 1.000000000000 1.000000000000
46 0.115000 1.000000000000 1.000000000000
47 0.117500 1.000000000000 1.000000000000
48 0.120000 1.000000000000 1.000000000000
49 0.122500 1.000000000000 1.000000000000
50 0.125000 1.000000000000 1.000000000000
51 0.127500 1.000000000000 1.000000000000
52 0.130000 1.000000000000 1.000000000000
53 0.132500 1.000000000000 1.000000000000
54 0.135000 1.000000000000 1.000000000000
55 0.137500 1.000000000000 1.000000000000
56 0.140000 1.000000000000 1.000000000000
57 0.142500 1.000000000000 1.000000000000
58 0.145000 1.000000000000 1.000000000000
59 0.147500 1.000000000000 1.000000000000
60 0.150000 1.000000000000 1.000000000000
61 0.152500 1.000000000000 1.000000000000
62 0.155000 1.000000000000 1.000000000000
63 0.157500 1.000000000000 1.000000000000
64 0.160000 1.000000000000 1.000000000000
65 0.162500 1.000000000000 1.000000000000
66 0.165000 1.000000000000 1.000000000000
67 0.167500 1.000000000000 1.000000000000
68 0.170000 1.000000000000 1.000000000000
69 0.172500 1.000000000000 1.000000000000
70 0.175000 1.000000000000 1.000000000000
71 0.177500 1.000000000000 1.000000000000
72 0.180000 1.000000000000 1.000000000000
73 0.182500 1.000000000000 1.000000000000
74 0.185000 1.000000000000 1.000000000000
75 0.187500 1.000000000000 1.000000000000
76 0.190000 1.000000000000 1.000000000000
77 0.192500 1.000000000000 1.000000000000
78 0.195000 1.000000000000 1.000000000000
79 0.197500 1.000000000000 1.000000000000
80 0.200000 1.000000000000 1.000000000000
81 0.202500 1.000000000000 1.000000000000
82 0.205000 1.000000000000 1.000000000000
83 0.207500 1.000000000000 1.000000000000
84 0.210000 1.000000000000 1.000000000000
85 0.212500 1.000000000000 1.000000000000
86 0.215000 1.000000000000 1.000000000000
87 0.217500 1.000000000000 1.000000000000
88 0.220000 1.000000000000 1.000000000000
89 0.222500 1.000000000000 1.000000000000
90 0.225000 1.000000000000 1.000000000000
91 0.227500 1.000000000000 1.000000000000
92 0.230000 1.000000000000 1.000000000000
93 0.232500 1.000000000000 1.000000000000
94 0.235000 1.000000000000 1.000000000000
95 0.237500 1.000000000000 1.000000000000
96 0.240000 1.000000000000 1.000000000000
97 0.242500 1.000000000000 1.000000000000
98 0.245000 1.000000000000 1.000000000000
99 0.247500 1.000000000000 1.000000000000
100 0.250000 1.000000000000 1.000000000000
101 0.252500 1.000000000000 1.000000000000
102 0.255000 1.000000000000 1.000000000000
103 0.257500 1.000000000000 1.000000000000
104 0.260000 1.000000000000 1.000000000000
105 0.262500 1.000000000000 1.000000000000
106 0.265000 1.000000000000 1.000000000000
107 0.267500 1.000000000000 1.000000000000
108 0.270000 1.000000000000 1.000000000000
109 0.272500 1.000000000000 1.000000000000
110 0.275000 1.000000000000 1.000000000000
111 0.277500 1.000000000000 1.000000000000
112 0.280000 1.000000000000 1.000000000000
113 0.282500 1.000000000000 1.000000000000
114 0.285000 1.000000000000 1.000000000000
115 0.287500 1.000000000000 1.000000000000
116 0.290000 1.000000000000 1.000000000000
117 0.292500 1.000000000000 1.000000000000
118 0.295000 1.000000000000 1.000000000000
119 0.297500 1.000000000000 1.000000000000
120 0.300000 1.000000000000 1.000000000000
121 0.302500 1.000000000000 1.000000000000
122 0.305000 1.000000000000 1.000000000000
123 0.307500 1.000000000000 1.000000000000
124 0.310000 1.000000000000 1.000000000000
125 0.312500 1.000000000000 1.000000000000
126 0.315000 1.000000000000 1.000000000000
127 0.317500 1.000000000000 1.000000000000
128 0.320000 1.000000000000 1.000000000000
129 0.322500 1.000000000000 1.000000000000
130 0.325000 1.000000000000 1.000000000000
131 0.327500 1.000000000000 1.000000000000
132 0.330000 1.000000000000 1.000000000000
133 0.332500 1.000000000000 1.000000000000
134 0.335000 1.000000000000 1.000000000000
135 0.337500 1.000000000000 1.000000000000
136 0.340000 1.000000000000 1.000000000000
137 0.342500 1.000000000000 1.000000000000
138 0.345000 1.000000000000 1.000000000000
139 0.347500 1.000000000000 1.000000000000
140 0.350000 1.000000000000 1.000000000000
141 0.352500 1.000000000000 1.000000000000
142 0.355000 1.000000000000 1.000000000000
143 0.357500 1.000000000000 1.000000000000
144 0.360000 1.000000000000 1.000000000000
145 0.362500 1.000000000000 1.000000000000
146 0.365000 1.000000000000 1.000000000000
147 0.367500 1.000000000000 1.000000000000
148 0.370000 1.000000000000 1.000000000000
149 0.372500 1.000000000000 1.000000000000
150 0.375000 1.000000000000 1.000000000000
151 0.377500 1.000000000000 1.000000000000
152 0.380000 1.000000000000 1.000000000000
153 0.382500 1.000000000000 1.000000000000
154 0.385000 1.000000000000 1.000000000000
155 0.387500 1.000000000000 1.000000000000
156 0.390000 1.000000000000 1.000000000000
157 0.392500 1.000000000000 1.000000000000
158 0.395000 1.000000000000 1.000000000000
159 0.397500 1.000000000000 1.000000000000
160 0.400000 1.000000000000 1.000000000000
161 0.402500 1.000000000000 1.000000000000
162 0.405000 1.000000000000 1.000000000000
163 0.407500 1.000000000000 1.000000000000
164 0.410000 1.000000000000 1.000000000000
165 0.412500 1.000000000000 1.000000000000
166 0.415000 1.000000000000 1.000000000000
167 0.417500 1.000000000000 1.000000000000
168 0.420000 1.000000000000 1.000000000000
169 0.422500 1.000000000000 1.000000000000
170 0.425000 1.000000000000 1.000000000000
171 0.427500 1.000000000000 1.000000000000
172 0.430000 1.000000000000 1.000000000000
173 0.432500 1.000000000000 1.000000000000
174 0.435000 1.000000000000 1.000000000000
175 0.437500 1.000000000000 1.000000000000
176 0.440000 1.000000000000 1.000000000000
177 0.442500 1.000000000000 1.000000000000
178 0.445000 1.000000000000 1.000000000000
179 0.447500 1.000000000000 1.000000000000
180 0.450000 1.000000000000 1.000000000000
181 0.452500 1.000000000000 1.000000000000
182 0.455000 1.000000000000 1.000000000000
183 0.457500 1.000000000000 1.000000000000
184 0.460000 1.000000000000 1.000000000000
185 0.462500 1.000000000000 1.000000000000
186 0.465000 1.000000000000 1.000000000000
187 0.467500 1.000000000000 1.000000000000
188 0.470000 1.000000000000 1.000000000000
189 0.472500 1.000000000000 1.000000000000
190 0.475000 1.000000000000 1.000000000000
191 0.477500 1.000000000000 1.000000000000
192 0.480000 1.000000000000 1.000000000000
193 0.482500 1.000000000000 1.000000000000
194 0.485000 1.000000000000 1.000000000000
195 0.487500 1.000000000000 1.000000000000
196 0.490000 1.000000000000 1.000000000000
197 0.492500 1.000000000000 1.000000000000
198 0.495000 1.000000000000 1.000000000000
199 0.497500 1.000000000000 1.000000000000
200 0.500000 1.000000000000 1.000000000000
201 0.502500 1.000000000000 1.000000000000
202 0.505000 1.000000000000 1.000000000000
203 0.507500 1.000000000000 1.000000000000
204 0.510000 1.000000000000 1.000000000000
205 0.512500 1.000000000000 1.000000000000
206 0.515000 1.000000000000 1.000000000000
207 0.517500 1.000000000000 1.000000000000
208 0.520000 1.000000000000 1.000000000000
209 0.522500 1.000000000000 1.000000000000
210 0.525000 1.000000000000 1.000000000000
211 0.527500 1.000000000000 1.000000000000
212 0.530000 1.000000000000 1.000000000000
213 0.532500 1.000000000000 1.000000000000
214 0.535000 1.000000000000 1.000000000000
215 0.537500 1.000000000000 1.000000000000
216 0.540000 1.000000000000 1.000000000000
217 0.542500 1.000000000000 1.000000000000
218 0.545000 1.000000000000 1.000000000000
219 0.547500 1.000000000000 1.000000000000
220 0.550000 1.000000000000 1.000000000000
221 0.552500 1.000000000000 1.000000000000
222 0.555000 1.000000000000 1.000000000000
223 0.557500 1.000000000000 1.000000000000
224 0.560000 1.000000000000 1.000000000000
225 0.562500 1.000000000000 1.000000000000
226 0.565000 1.000000000000 1.000000000000
227 0.567500 1.000000000000 1.000000000000
228 0.570000 1.000000000000 1.000000000000
229 0.572500 1.000000000000 1.000000000000
230 0.575000 1.000000000000 1.000000000000
231 0.577500 1.000000000000 1.000000000000
232 0.580000 1.000000000000 1.000000000000
233 0.582500 1.000000000000 1.000000000000
234 0.585000 1.000000000000 1.000000000000
235 0.587500 1.000000000000 1.000000000000
236 0.590000 1.000000000000 1.000000000000
237 0.592500 1.000000000000 1.000000000000
238 0.595000 1.000000000000 1.000000000000
239 0.597500 1.000000000000 1.000000000000
240 0.600000 1.000000000000 1.000000000000
241 0.602500 1.000000000000 1.000000000000
242 0.605000 1.000000000000 1.000000000000
243 0.607500 1.000000000000 1.000000000000
244 0.610000 1.000000000000 1.000000000000
245 0.612500 1.000000000000 1.000000000000
246 0.615000 1.000000000000 1.000000000000
247 0.617500 1.000000000000 1.000000000000
248 0.620000 1.000000000000 1.000000000000
249 0.622500 1.000000000000 1.000000000000
250 0.625000 1.000000000000 1.000000000000
251 0.627500 1.000000000000 1.000000000000
252 0.630000 1.000000000000 1.000000000000
253 0.632500 1.000000000000 1.000000000000
254 0.635000 1.000000000000 1.000000000000
255 0.637500 1.000000000000 1.000000000000
256 0.640000 1.000000000000 1.000000000000
257 0.642500 1.000000000000 1.000000000000
258 0.645000 1.000000000000 1.000000000000
259 0.647500 1.000000000000 1.000000000000
260 0.650000 1.000000000000 1.000000000000
261 0.652500 1.000000000000 1.000000000000
262 0.655000 1.000000000000 1.000000000000
263 0.657500 1.000000000000 1.000000000000
264 0.660000 1.000000000000 1.000000000000
265 0.662500 1.000000000000 1.000000000000
266 0.665000 1.000000000000 1.000000000000
267 0.667500 1.000000000000 1.000000000000
268 0.670000 1.000000000000 1.000000000000
269 0.672500 1.000000000000 1.000000000000
270 0.675000 1.000000000000 1.000000000000
271 0.677500 1.000000000000 1.000000000000
272 0.680000 1.000000000000 1.000000000000
273 0.682500 1.000000000000 1.000000000000
274 0.685000 1.000000000000 1.000000000000
275 0.687500 1.000000000000 1.000000000000
276 0.690000 1.000000000000 1.000000000000
277 0.692500 1.000000000000 1.000000000000
278 0.695000 1.000000000000 1.000000000000
279 0.697500 1.000000000000 1.000000000000
280 0.700000 1.000000000000 1.000000000000
281 0.702500 1.000000000000 1.000000000000
282 0.705000 1.000000000000 1.000000000000
283 0.707500 1.000000000000 1.000000000000
284 0.710000 1.000000000000 1.000000000000
285 0.712500 1.000000000000 1.000000000000
286 0.715000 1.000000000000 1.000000000000
287 0.717500 1.000000000000 1.000000000000
288 0.720000 1.000000000000 1.000000000000
289 0.722500 1.000000000000 1.000000000000
290 0.725000 1.000000000000 1.000000000000
291 0.727500 1.000000000000 1.000000000000
292 0.730000 1.000000000000 1.000000000000
293 0.732500 1.000000000000 1.000000000000
294 0.735000 1.000000000000 1.000000000000
295 0.737500 1.000000000000 1.000000000000
296 0.740000 1.000000000000 1.000000000000
297 0.742500 1.000000000000 1.000000000000
298 0.745000 1.000000000000 1.000000000000
299 0.747500 1.000000000000 1.000000000000
300 0.750000 1.000000000000 1.000000000000
301 0.752500 1.000000000000 1.000000000000
302 0.755000 1.000000000000 1.000000000000
303 0.757500 1.000000000000 1.000000000000
304 0.760000 1.000000000000 1.000000000000
305 0.762500 1.000000000000 1.000000000000
306 0.765000 1.000000000000 1.000000000000
307 0.767500 1.000000000000 1.000000000000
308 0.770000 1.000000000000 1.000000000000
309 0.772500 1.000000000000 1.000000000000
310 0.775000 1.000000000000 1.000000000000
311 0.777500 1.000000000000 1.000000000000
312 0.780000 1.000000000000 1.000000000000
313 0.782500 1.000000000000 1.000000000000
314 0.785000 1.000000000000 1.000000000000
315 0.787500 1.000000000000 1.000000000000
316 0.790000 1.000000000000 1.000000000000
317 0.792500 1.000000000000 1.000000000000
318 0.795000 1.000000000000 1.000000000000
319 0.797500 1.000000000000 1.000000000000
320 0.800000 1.000000000000 1.000000000000
321 0.802500 1.000000000000 1.000000000000
322 0.805000 1.000000000000 1.000000000000
323 0.807500 1.000000000000 1.000000000000
324 0.810000 1.000000000000 1.000000000000
325 0.812500 1.000000000000 1.000000000000
326 0.815000 1.000000000000 1.000000000000
327 0.817500 1.000000000000 1.000000000000
328 0.820000 1.000000000000 1.000000000000
329 0.822500 1.000000000000 1.000000000000
330 0.825000 1.000000000000 1.000000000000
331 0.827500 1.000000000000 1.000000000000
332 0.830000 1.000000000000 1.000000000000
333 0.832500 1.000000000000 1.000000000000
334 0.835000 1.000000000000 1.000000000000
335 0.837500 1.000000000000 1.000000000000
336 0.840000 1.000000000000 1.000000000000
337 0.842500 1.000000000000 1.000000000000
338 0.845000 1.000000000000 1.000000000000
339 0.847500 1.000000000000 1.000000000000
340 0.850000 1.000000000000 1.000000000000
341 0.852500 1.000000000000 1.000000000000
342 0.855000 1.000000000000 1.000000000000
343 0.857500 1.000000000000 1.000000000000
344 0.860000 1.000000000000 1.000000000000
345 0.862500 1.000000000000 1.000000000000
346 0.865000 1.000000000000 1.000000000000
347 0.867500 1.000000000000 1.000000000000
348 0.870000 1.000000000000 1.000000000000
349 0.872500 1.000000000000 1.000000000000
350 0.875000 1.000000000000 1.000000000000
351 0.877500 1.000000000000 1.000000000000
352 0.880000 1.000000000000 1.000000000000
353 0.882500 1.000000000000 1.000000000000
354 0.885000 1.000000000000 1.000000000000
355 0.887500 1.000000000000 1.000000000000
356 0.890000 1.000000000000 1.000000000000
357 0.892500 1.000000000000 1.000000000000
358 0.895000 1.000000000000 1.000000000000
359 0.897500 1.000000000000 1.000000000000
360 0.900000 1.000000000000 1.000000000000
361 0.902500 1.000000000000 1.000000000000
362 0.905000 1.000000000000 1.000000000000
363 0.907500 1.000000000000 1.000000000000
364 0.910000 1.000000000000 1.000000000000
365 0.912500 1.000000000000 1.000000000000
366 0.915000 1.000000000000 1.000000000000
367 0.917500 1.000000000000 1.000000000000
368 0.920000 1.000000000000 1.000000000000
369 0.922500 1.000000000000 1.000000000000
370 0.925000 1.000000000000 1.000000000000
371 0.927500 1.000000000000 1.000000000000
372 0.930000 1.000000000000 1.000000000000
373 0.932500 1.000000000000 1.000000000000
374 0.935000 1.000000000000 1.000000000000
375 0.937500 1.000000000000 1.000000000000
376 0.940000 1.000000000000 1.000000000000
377 0.942500 1.000000000000 1.000000000000
378 0.945000 1.000000000000 1.000000000000
379 0.947500 1.000000000000 1.000000000000
380 0.950000 1.000000000000 1.000000000000
381 0.952500 1.000000000000 1.000000000000
382 0.955000 1.000000000000 1.000000000000
383 0.957500 1.000000000000 1.000000000000
384 0.960000 1.000000000000 1.000000000000
385 0.962500 1.000000000000 1.000000000000
386 0.965000 1.000000000000 1.000000000000
387 0.967500 1.000000000000 1.000000000000
388 0.970000 1.000000000000 1.000000000000
389 0.972500 1.000000000000 1.000000000000
390 0.975000 1.000000000000 1.000000000000
391 0.977500 1.000000000000 1.000000000000
392 0.980000 1.000000000000 1.000000000000
393 0.982500 1.000000000000 1.000000000000
394 0.985000 1.000000000000 1.000000000000
395 0.987500 1.000000000000 1.000000000000
396 0.990000 1.000000000000 1.000000000000
397 0.992500 1.000000000000 1.000000000000
398 0.995000 1.000000000000 1.000000000000
399 0.997500 1.000000000000 1.000000000000
400 1.000000 1.000000000000 1.000000000000
401 1.002500 1.000000000000 1.000000000000
402 1.005000 1.000000000000 1.000000000000
403 1.007500 1.000000000000 1.000000000000
404 1.010000 1.000000000000 1.000000000000
405 1.012500 1.000000000000 1.000000000000
406 1.015000 1.000000000000 1.000000000000
407 1.017500 1.000000000000 1.000000000000
408 1.020000 1.000000000000 1.000000000000
409 1.022500 1.000000000000 1.000000000000
410 1.025000 1.000000000000 1.000000000000
411 1.027500 1.000000000000 1.000000000000
412 1.030000 1.000000000000 1.000000000000
413 1.032500 1.000000000000 1.000000000000
414 1.035000 1.000000000000 1.000000000000
415 1.037500 1.000000000000 1.000000000000
416 1.040000 1.000000000000 1.000000000000
417 1.042500 1.000000000000 1.000000000000
418 1.045000 1.000000000000 1.000000000000
419 1.047500 1.000000000000 1.000000000000
420 1.050000 1.000000000000 1.000000000000
421 1.052500 1.000000000000 1.000000000000
422 1.055000 1.000000000000 1.000000000000
423 1.057500 1.000000000000 1.000000000000
424 1.060000 1.000000000000 1.000000000000
425 1.062500 1.000000000000 1.000000000000
426 1.065000 1.000000000000 1.000000000000
427 1.067500 1.000000000000 1.000000000000
428 1.070000 1.000000000000 1.000000000000
429 1.072500 1.000000000000 1.000000000000
430 1.075000 1.000000000000 1.000000000000
431 1.077500 1.000000000000 1.000000000000
432 1.080000 1.000000000000 1.000000000000
433 1.082500 1.000000000000 1.000000000000
434 1.085000 1.000000000000 1.000000000000
435 1.087500 1.000000000000 1.000000000000
436 1.090000 1.000000000000 1.000000000000
437 1.092500 1.000000000000 1.000000000000
438 1.095000 1.000000000000 1.000000000000
439 1.097500 1.000000000000 1.000000000000
440 1.100000 1.000000000000 1.000000000000
441 1.102500 1.000000000000 1.000000000000
442 1.105000 1.000000000000 1.000000000000
443 1.107500 1.000000000000 1.000000000000
444 1.110000 1.000000000000 1.000000000000
445 1.112500 1.000000000000 1.000000000000
446 1.115000 1.000000000000 1.000000000000
447 1.117500 1.000000000000 1.000000000000
448 1.120000 1.000000000000 1.000000000000
449 1.122500 1.000000000000 1.000000000000
450 1.125000 1.000000000000 1.000000000000
451 1.127500 1.000000000000 1.000000000000
452 1.130000 1.000000000000 1.000000000000
453 1.132500 1.000000000000 1.000000000000
454 1.135000 1.000000000000 1.000000000000
455 1.137500 1.000000000000 1.000000000000
456 1.140000 1.000000000000 1.000000000000
457 1.142500 1.000000000000 1.000000000000
458 1.145000 1.000000000000 1.000000000000
459 1.147500 1.000000000000 1.000000000000
460 1.150000 1.000000000000 1.000000000000
461 1.152500 1.000000000000 1.000000000000
462 1.155000 1.000000000000 1.000000000000
463 1.157500 1.000000000000 1.000000000000
464 1.160000 1.000000000000 1.000000000000
465 1.162500 1.000000000000 1.000000000000
466 1.165000 1.000000000000 1.000000000000
467 1.167500 1.000000000000 1.000000000000
468 1.170000 1.000000000000 1.000000000000
469 1.172500 1.000000000000 1.000000000000
470 1.175000 1.000000000000 1.000000000000
471 1.177500 1.000000000000 1.000000000000
472 1.180000 1.000000000000 1.000000000000
473 1.182500 1.000000000000 1.000000000000
474 1.185000 1.000000000000 1.000000000000
475 1.187500 1.000000000000 1.000000000000
476 1.190000 1.000000000000 1.000000000000
477 1.192500 1.000000000000 1.000000000000
478 1.195000 1.000000000000 1.000000000000
479 1.197500 1.000000000000 1.000000000000
480 1.200000 1.000000000000 1.000000000000
481 1.202500 1.000000000000 1.000000000000
482 1.205000 1.000000000000 1.000000000000
483 1.207500 1.000000000000 1.000000000000
484 1.210000 1.000000000000 1.000000000000
485 1.212500 1.000000000000 1.000000000000
486 1.215000 1.000000000000 1.000000000000
487 1.217500 1.000000000000 1.000000000000
488 1.220000 1.000000000000 1.000000000000
489 1.222500 1.000000000000 1.000000000000
490 1.225000 1.000000000000 1.000000000000
491 1.227500 1.000000000000 1.000000000000
492 1.230000 1.000000000000 1.000000000000
493 1.232500 1.000000000000 1.000000000000
494 1.235000 1.000000000000 1.000000000000
495 1.237500 1.000000000000 1.000000000000
496 1.240000 1.000000000000 1.000000000000
497 1.242500 1.000000000000 1.000000000000
498 1.245000 1.000000000001 1.000000000001
499 1.247500 1.000000000001 1.000000000001
500 1.250000 1.000000000001 1.000000000001
501 1.252500 1.000000000001 1.000000000001
502 1.255000 1.000000000001 1.000000000001
503 1.257500 1.000000000001 1.000000000001
504 1.260000 1.000000000001 1.000000000001
505 1.262500 1.000000000001 1.000000000001
506 1.265000 1.000000000001 1.000000000001
507 1.267500 1.000000000002 1.000000000002
508 1.270000 1.000000000002 1.000000000002
509 1.272500 1.000000000002 1.000000000002
510 1.275000 1.000000000002 1.000000000002
511 1.277500 1.000000000002 1.000000000002
512 1.280000 1.000000000003 1.000000000003
513 1.282500 1.000000000003 1.000000000003
514 1.285000 1.000000000003 1.000000000003
515 1.287500 1.000000000003 1.000000000003
516 1.290000 1.000000000004 1.000000000004
517 1.292500 1.000000000004 1.000000000004
518 1.295000 1.000000000004 1.000000000004
519 1.297500 1.000000000005 1.000000000005
520 1.300000 1.000000000005 1.000000000005
521 1.302500 1.000000000006 1.000000000006
522 1.305000 1.000000000006 1.000000000006
523 1.307500 1.000000000007 1.000000000007
524 1.310000 1.000000000007 1.000000000007
525 1.312500 1.000000000008 1.000000000008
526 1.315000 1.000000000008 1.000000000008
527 1.317500 1.000000000009 1.000000000009
528 1.320000 1.000000000010 1.000000000010
529 1.322500 1.000000000010 1.000000000010
530 1.325000 1.000000000011 1.000000000011
531 1.327500 1.000000000012 1.000000000012
532 1.330000 1.000000000013 1.000000000013
533 1.332500 1.000000000014 1.000000000014
534 1.335000 1.000000000014 1.000000000014
535 1.337500 1.000000000015 1.000000000015
536 1.340000 1.000000000016 1.000000000016
537 1.342500 1.000000000017 1.000000000017
538 1.345000 1.000000000018 1.000000000018
539 1.347500 1.000000000019 1.000000000019
540 1.350000 1.000000000021 1.000000000021
541 1.352500 1.000000000022 1.000000000022
542 1.355000 1.000000000023 1.000000000023
543 1.357500 1.000000000024 1.000000000024
544 1.360000 1.000000000025 1.000000000025
545 1.362500 1.000000000027 1.000000000027
546 1.365000 1.000000000028 1.000000000028
547 1.367500 1.000000000030 1.000000000030
548 1.370000 1.000000000031 1.000000000031
549 1.372500 1.000000000032 1.000000000032
550 1.375000 1.000000000034 1.000000000034
551 1.377500 1.000000000036 1.000000000036
552 1.380000 1.000000000037 1.000000000037
553 1.382500 1.000000000039 1.000000000039
554 1.385000 1.000000000041 1.000000000041
555 1.387500 1.000000000042 1.000000000042
556 1.390000 1.000000000044 1.000000000044
557 1.392500 1.000000000046 1.000000000046
558 1.395000 1.000000000048 1.000000000048
559 1.397500 1.000000000050 1.000000000050
560 1.400000 1.000000000052 1.000000000052
561 1.402500 1.000000000054 1.000000000054
562 1.405000 1.000000000056 1.000000000056
563 1.407500 1.000000000058 1.000000000058
564 1.410000 1.000000000061 1.000000000061
565 1.412500 1.000000000063 1.000000000063
566 1.415000 1.000000000065 1.000000000065
567 1.417500 1.000000000067 1.000000000067
568 1.420000 1.000000000070 1.000000000070
569 1.422500 1.000000000072 1.000000000072
570 1.425000 1.000000000075 1.000000000075
571 1.427500 1.000000000077 1.000000000077
572 1.430000 1.000000000080 1.000000000080
573 1.432500 1.000000000082 1.000000000082
574 1.435000 1.000000000085 1.000000000085
575 1.437500 1.000000000088 1.000000000088
576 1.440000 1.000000000091 1.000000000091
577 1.442500 1.000000000093 1.000000000093
578 1.445000 1.000000000096 1.000000000096
579 1.447500 1.000000000099 1.000000000099
580 1.450000 1.000000000102 1.000000000102
581 1.452500 1.000000000105 1.000000000105
582 1.455000 1.000000000108 1.000000000108
583 1.457500 1.000000000111 1.000000000111
584 1.460000 1.000000000114 1.000000000114
585 1.462500 1.000000000118 1.000000000118
586 1.465000 1.000000000121 1.000000000121
587 1.467500 1.000000000124 1.000000000124
588 1.470000 1.000000000127 1.000000000127
589 1.472500 1.000000000131 1.000000000131
590 1.475000 1.000000000134 1.000000000134
591 1.477500 1.000000000138 1.000000000138
592 1.480000 1.000000000141 1.000000000141
593 1.482500 1.000000000145 1.000000000145
594 1.485000 1.000000000148 1.000000000148
595 1.487500 1.000000000152 1.000000000152
596 1.490000 1.000000000156 1.000000000156
597 1.492500 1.000000000159 1.000000000159
598 1.495000 1.000000000163 1.000000000163
599 1.497500 1.000000000167 1.000000000167
600 1.500000 1.000000000171 1.000000000171
601 1.502500 1.000000000175 1.000000000175
602 1.505000 1.000000000179 1.000000000179
603 1.507500 1.000000000183 1.000000000183
604 1.510000 1.000000000187 1.000000000187
605 1.512500 1.000000000191 1.000000000191
606 1.515000 1.000000000195 1.000000000195
607 1.517500 1.000000000199 1.000000000199
608 1.520000 1.000000000203 1.000000000203
609 1.522500 1.000000000208 1.000000000208
610 1.525000 1.000000000212 1.000000000212
611 1.527500 1.000000000216 1.000000000216
612 1.530000 1.000000000221 1.000000000221
613 1.532500 1.000000000225 1.000000000225
614 1.535000 1.000000000230 1.000000000230
615 1.537500 1.000000000234 1.000000000234
616 1.540000 1.000000000239 1.000000000239
617 1.542500 1.000000000243 1.000000000243
618 1.545000 1.000000000248 1.000000000248
619 1.547500 1.000000000252 1.000000000252
620 1.550000 1.000000000257 1.000000000257
621 1.552500 1.000000000262 1.000000000262
622 1.555000 1.000000000267 1.000000000267
623 1.557500 1.000000000271 1.000000000271
624 1.560000 1.000000000276 1.000000000276
625 1.562500 1.000000000281 1.000000000281
626 1.565000 1.000000000286 1.000000000286
627 1.567500 1.000000000291 1.000000000291
628 1.570000 1.000000000296 1.000000000296
629 1.572500 1.000000000301 1.000000000301
630 1.575000 1.000000000306 1.000000000306
631 1.577500 1.000000000311 1.000000000311
632 1.580000 1.000000000316 1.000000000316
633 1.582500 1.000000000322 1.000000000322
634 1.585000 1.000000000327 1.000000000327
635 1.587500 1.000000000332 1.000000000332
636 1.590000 1.000000000337 1.000000000337
637 1.592500 1.000000000343 1.000000000343
638 1.595000 1.000000000348 1.000000000348
639 1.597500 1.000000000353 1.000000000353
640 1.600000 1.000000000359 1.000000000359
641 1.602500 1.000000000364 1.000000000364
642 1.605000 1.000000000370 1.000000000370
643 1.607500 1.000000000375 1.000000000375
644 1.610000 1.000000000381 1.000000000381
645 1.612500 1.000000000386 1.000000000386
646 1.615000 1.000000000392 1.000000000392
647 1.617500 1.000000000398 1.000000000398
648 1.620000 1.000000000403 1.000000000403
649 1.622500 1.000000000409 1.000000000409
650 1.625000 1.000000000415 1.000000000415
651 1.627500 1.000000000420 1.000000000420
652 1.630000 1.000000000426 1.000000000426
653 1.632500 1.000000000432 1.000000000432
654 1.635000 1.000000000438 1.000000000438
655 1.637500 1.000000000444 1.000000000444
656 1.640000 1.000000000450 1.000000000450
657 1.642500 1.000000000456 1.000000000456
658 1.645000 1.000000000462 1.000000000462
659 1.647500 1.000000000468 1.000000000468
660 1.650000 1.000000000474 1.000000000474
661 1.652500 1.000000000480 1.000000000480
662 1.655000 1.000000000486 1.000000000486
663 1.657500 1.000000000492 1.000000000492
664 1.660000 1.000000000498 1.000000000498
665 1.662500 1.000000000504 1.000000000504
666 1.665000 1.000000000510 1.000000000510
667 1.667500 1.000000000516 1.000000000516
668 1.670000 1.000000000523 1.000000000523
669 1.672500 1.000000000529 1.000000000529
670 1.675000 1.000000000535 1.000000000535
671 1.677500 1.000000000541 1.000000000541
672 1.680000 1.000000000548 1.000000000548
673 1.682500 1.000000000554 1.000000000554
674 1.685000 1.000000000560 1.000000000560
675 1.687500 1.000000000567 1.000000000567
676 1.690000 1.000000000573 1.000000000573
677 1.692500 1.000000000580 1.000000000580
678 1.695000 1.000000000586 1.000000000586
679 1.697500 1.000000000592 1.000000000592
680 1.700000 1.000000000599 1.000000000599
681 1.702500 1.000000000605 1.000000000605
682 1.705000 1.000000000612 1.000000000612
683 1.707500 1.000000000619 1.000000000619
684 1.710000 1.000000000625 1.000000000625
685 1.712500 1.000000000632 1.000000000632
686 1.715000 1.000000000638 1.000000000638
687 1.717500 1.000000000645 1.000000000645
688 1.720000 1.000000000652 1.000000000652
689 1.722500 1.000000000658 1.000000000658
690 1.725000 1.000000000665 1.000000000665
691 1.727500 1.000000000672 1.000000000672
692 1.730000 1.000000000678 1.000000000678
693 1.732500 1.000000000685 1.000000000685
694 1.735000 1.000000000692 1.000000000692
695 1.737500 1.000000000699 1.000000000699
696 1.740000 1.000000000705 1.000000000705
697 1.742500 1.000000000712 1.000000000712
698 1.745000 1.000000000719 1.000000000719
699 1.747500 1.000000000726 1.000000000726
700 1.750000 1.000000000733 1.000000000733
701 1.752500 1.000000000740 1.000000000740
702 1.755000 1.000000000747 1.000000000747
703 1.757500 1.000000000754 1.000000000754
704 1.760000 1.000000000760 1.000000000760
705 1.762500 1.000000000767 1.000000000767
706 1.765000 1.000000000774 1.000000000774
707 1.767500 1.000000000781 1.000000000781
708 1.770000 1.000000000788 1.000000000788
709 1.772500 1.000000000795 1.000000000795
710 1.775000 1.000000000802 1.000000000802
711 1.777500 1.000000000809 1.000000000809
712 1.780000 1.000000000816 1.000000000816
713 1.782500 1.000000000823 1.000000000823
714 1.785000 1.000000000831 1.000000000831
715 1.787500 1.000000000838 1.000000000838
716 1.790000 1.000000000845 1.000000000845
717 1.792500 1.000000000852 1.000000000852
718 1.795000 1.000000000859 1.000000000859
719 1.797500 1.000000000866 1.000000000866
720 1.800000 1.000000000873 1.000000000873
721 1.802500 1.000000000881 1.000000000881
722 1.805000 1.000000000888 1.000000000888
723 1.807500 1.000000000895 1.000000000895
724 1.810000 1.000000000902 1.000000000902
725 1.812500 1.000000000909 1.000000000909
726 1.815000 1.000000000917 1.000000000917
727 1.817500 1.000000000924 1.000000000924
728 1.820000 1.000000000931 1.000000000931
729 1.822500 1.000000000938 1.000000000938
730 1.825000 1.000000000946 1.000000000946
731 1.827500 1.000000000953 1.000000000953
732 1.830000 1.000000000960 1.000000000960
733 1.832500 1.000000000967 1.000000000967
734 1.835000 1.000000000975 1.000000000975
735 1.837500 1.000000000982 1.000000000982
736 1.840000 1.000000000989 1.000000000989
737 1.842500 1.000000000997 1.000000000997
738 1.845000 1.000000001004 1.000000001004
739 1.847500 1.000000001012 1.000000001012
740 1.850000 1.000000001019 1.000000001019
741 1.852500 1.000000001026 1.000000001026
742 1.855000 1.000000001034 1.000000001034
743 1.857500 1.000000001041 1.000000001041
744 1.860000 1.000000001049 1.000000001049
745 1.862500 1.000000001056 1.000000001056
746 1.865000 1.000000001063 1.000000001063
747 1.867500 1.000000001071 1.000000001071
748 1.870000 1.000000001078 1.000000001078
749 1.872500 1.000000001086 1.000000001086
750 1.875000 1.000000001093 1.000000001093
751 1.877500 1.000000001101 1.000000001101
752 1.880000 1.000000001108 1.000000001108
753 1.882500 1.000000001116 1.000000001116
754 1.885000 1.000000001123 1.000000001123
755 1.887500 1.000000001131 1.000000001131
756 1.890000 1.000000001138 1.000000001138
757 1.892500 1.000000001146 1.000000001146
758 1.895000 1.000000001153 1.000000001153
759 1.897500 1.000000001161 1.000000001161
760 1.900000 1.000000001168 1.000000001168
761 1.902500 1.000000001176 1.000000001176
762 1.905000 1.000000001183 1.000000001183
763 1.907500 1.000000001191 1.000000001191
764 1.910000 1.000000001198 1.000000001198
765 1.912500 1.000000001206 1.000000001206
766 1.915000 1.000000001214 1.000000001214
767 1.917500 1.000000001221 1.000000001221
768 1.920000 1.000000001229 1.000000001229
769 1.922500 1.000000001236 1.000000001236
770 1.925000 1.000000001244 1.000000001244
771 1.927500 1.000000001252 1.000000001252
772 1.930000 1.000000001259 1.000000001259
773 1.932500 1.000000001267 1.000000001267
774 1.935000 1.000000001274 1.000000001274
775 1.937500 1.000000001282 1.000000001282
776 1.940000 1.000000001290 1.000000001290
777 1.942500 1.000000001297 1.000000001297
778 1.945000 1.000000001305 1.000000001305
779 1.947500 1.000000001313 1.000000001313
780 1.950000 1.000000001320 1.000000001320
781 1.952500 1.000000001328 1.000000001328
782 1.955000 1.000000001336 1.000000001336
783 1.957500 1.000000001343 1.000000001343
784 1.960000 1.000000001351 1.000000001351
785 1.962500 1.000000001359 1.000000001359
786 1.965000 1.000000001366 1.000000001366
787 1.967500 1.000000001374 1.000000001374
788 1.970000 1.000000001382 1.000000001382
789 1.972500 1.000000001390 1.000000001390
790 1.975000 1.000000001397 1.000000001397
791 1.977500 1.000000001405 1.000000001405
792 1.980000 1.000000001413 1.000000001413
793 1.982500 1.000000001420 1.000000001420
794 1.985000 1.000000001428 1.000000001428
795 1.987500 1.000000001436 1.000000001436
796 1.990000 1.000000001444 1.000000001444
797 1.992500 1.000000001451 1.000000001451
798 1.995000 1.000000001459 1.000000001459
799 1.997500 1.000000001467 1.000000001467
800 2.000000 1.000000001474 1.000000001474
801 2.002500 1.000000001482 1.000000001482
802 2.005000 1.000000001490 1.000000001490
803 2.007500 1.000000001498 1.000000001498
804 2.010000 1.000000001505 1.000000001505
805 2.012500 1.000000001513 1.000000001513
806 2.015000 1.000000001521 1.000000001521
807 2.017500 1.000000001529 1.000000001529
808 2.020000 1.000000001537 1.000000001537
809 2.022500 1.000000001544 1.000000001544
810 2.025000 1.000000001552 1.000000001552
811 2.027500 1.000000001560 1.000000001560
812 2.030000 1.000000001568 1.000000001568
813 2.032500 1.000000001575 1.000000001575
814 2.035000 1.000000001583 1.000000001583
815 2.037500 1.000000001591 1.000000001591
816 2.040000 1.000000001599 1.000000001599
817 2.042500 1.000000001607 1.000000001607
818 2.045000 1.000000001614 1.000000001614
819 2.047500 1.000000001622 1.000000001622
820 2.050000 1.000000001630 1.000000001630
821 2.052500 1.000000001638 1.000000001638
822 2.055000 1.000000001646 1.000000001646
823 2.057500 1.000000001653 1.000000001653
824 2.060000 1.000000001661 1.000000001661
825 2.062500 1.000000001669 1.000000001669
826 2.065000 1.000000001677 1.000000001677
827 2.067500 1.000000001685 1.000000001685
828 2.070000 1.000000001692 1.000000001692
829 2.072500 1.000000001700 1.000000001700
830 2.075000 1.000000001708 1.000000001708
831 2.077500 1.000000001716 1.000000001716
832 2.080000 1.000000001724 1.000000001724
833 2.082500 1.000000001732 1.000000001732
834 2.085000 1.000000001739 1.000000001739
835 2.087500 1.000000001747 1.000000001747
836 2.090000 1.000000001755 1.000000001755
837 2.092500 1.000000001763 1.000000001763
838 2.095000 1.000000001771 1.000000001771
839 2.097500 1.000000001779 1.000000001779
840 2.100000 1.000000001786 1.000000001786
841 2.102500 1.000000001794 1.000000001794
842 2.105000 1.000000001802 1.000000001802
843 2.107500 1.000000001810 1.000000001810
844 2.110000 1.000000001818 1.000000001818
845 2.112500 1.000000001826 1.000000001826
846 2.115000 1.000000001833 1.000000001833
847 2.117500 1.000000001841 1.000000001841
848 2.120000 1.000000001849 1.000000001849
849 2.122500 1.000000001857 1.000000001857
850 2.125000 1.000000001865 1.000000001865
851 2.127500 1.000000001873 1.000000001873
852 2.130000 1.000000001880 1.000000001880
853 2.132500 1.000000001888 1.000000001888
854 2.135000 1.000000001896 1.000000001896
855 2.137500 1.000000001904 1.000000001904
856 2.140000 1.000000001912 1.000000001912
857 2.142500 1.000000001919 1.000000001919
858 2.145000 1.000000001927 1.000000001927
859 2.147500 1.000000001935 1.000000001935
860 2.150000 1.000000001943 1.000000001943
861 2.152500 1.000000001950 1.000000001950
862 2.155000 1.000000001958 1.000000001958
863 2.157500 1.000000001966 1.000000001966
864 2.160000 1.000000001973 1.000000001973
865 2.162500 1.000000001981 1.000000001981
866 2.165000 1.000000001989 1.000000001989
867 2.167500 1.000000001996 1.000000001996
868 2.170000 1.000000002004 1.000000002004
869 2.172500 1.000000002011 1.000000002011
870 2.175000 1.000000002018 1.000000002018
871 2.177500 1.000000002026 1.000000002026
872 2.180000 1.000000002033 1.000000002033
873 2.182500 1.000000002040 1.000000002040
874 2.185000 1.000000002047 1.000000002047
875 2.187500 1.000000002054 1.000000002054
876 2.190000 1.000000002061 1.000000002061
877 2.192500 1.000000002068 1.000000002068
878 2.195000 1.000000002075 1.000000002075
879 2.197500 1.000000002082 1.000000002082
880 2.200000 1.000000002088 1.000000002088
881 2.202500 1.000000002094 1.000000002094
882 2.205000 1.000000002101 1.000000002101
883 2.207500 1.000000002107 1.000000002107
884 2.210000 1.000000002113 1.000000002113
885 2.212500 1.000000002119 1.000000002119
886 2.215000 1.000000002124 1.000000002124
887 2.217500 1.000000002130 1.000000002130
888 2.220000 1.000000002135 1.000000002135
889 2.222500 1.000000002140 1.000000002140
890 2.225000 1.000000002145 1.000000002145
891 2.227500 1.000000002150 1.000000002150
892 2.230000 1.000000002154 1.000000002154
893 2.232500 1.000000002159 1.000000002159
894 2.235000 1.000000002163 1.000000002163
895 2.237500 1.000000002167 1.000000002167
896 2.240000 1.000000002170 1.000000002170
897 2.242500 1.000000002174 1.000000002174
898 2.245000 1.000000002177 1.000000002177
899 2.247500 1.000000002180 1.000000002180
900 2.250000 1.000000002183 1.000000002183
901 2.252500 1.000000002185 1.000000002185
902 2.255000 1.000000002188 1.000000002188
903 2.257500 1.000000002190 1.000000002190
904 2.260000 1.000000002191 1.000000002191
905 2.262500 1.000000002193 1.000000002193
906 2.265000 1.000000002194 1.000000002194
907 2.267500 1.000000002195 1.000000002195
908 2.270000 1.000000002196 1.000000002196
909 2.272500 1.000000002197 1.000000002197
910 2.275000 1.000000002197 1.000000002197
911 2.277500 1.000000002198 1.000000002198
912 2.280000 1.000000002198 1.000000002198
913 2.282500 1.000000002197 1.000000002197
914 2.285000 1.000000002197 1.000000002197
915 2.287500 1.000000002196 1.000000002196
916 2.290000 1.000000002195 1.000000002195
917 2.292500 1.000000002194 1.000000002194
918 2.295000 1.000000002193 1.000000002193
919 2.297500 1.000000002191 1.000000002191
920 2.300000 1.000000002190 1.000000002190
921 2.302500 1.000000002188 1.000000002188
922 2.305000 1.000000002186 1.000000002186
923 2.307500 1.000000002184 1.000000002184
924 2.310000 1.000000002182 1.000000002182
925 2.312500 1.000000002179 1.000000002179
926 2.315000 1.000000002176 1.000000002176
927 2.317500 1.000000002174 1.000000002174
928 2.320000 1.000000002171 1.000000002171
929 2.322500 1.000000002168 1.000000002168
930 2.325000 1.000000002165 1.000000002165
931 2.327500 1.000000002161 1.000000002161
932 2.330000 1.000000002158 1.000000002158
933 2.332500 1.000000002155 1.000000002155
934 2.335000 1.000000002151 1.000000002151
935 2.337500 1.000000002147 1.000000002147
936 2.340000 1.000000002144 1.000000002144
937 2.342500 1.000000002140 1.000000002140
938 2.345000 1.000000002136 1.000000002136
939 2.347500 1.000000002132 1.000000002132
940 2.350000 1.000000002128 1.000000002128
941 2.352500 1.000000002124 1.000000002124
942 2.355000 1.000000002119 1.000000002119
943 2.357500 1.000000002115 1.000000002115
