# l[12]( l_12(t) ) connection: point6-point12
# n t l_12(t)      l_differential_12(t)
0 0.000000 1.000000000000 1.000000000000
1 0.002500 1.000000000000 1.000000000000
2 0.005000 1.000000000000 1.000000000000
3 0.007500 1.000000000000 1.000000000000
4 0.010000 1.000000000000 1.000000000000
5 0.012500 1.000000000000 1.000000000000
6 0.015000 1.000000000000 1.000000000000
7 0.017500 1.000000000000 1.000000000000
8 0.020000 1.000000000000 1.000000000000
9 0.022500 1.000000000000 1.000000000000
10 0.025000 1.000000000000 1.000000000000
11 0.027500 1.000000000000 1.000000000000
12 0.030000 1.000000000000 1.000000000000
13 0.032500 1.000000000000 1.000000000000
14 0.035000 1.000000000000 1.000000000000
15 0.037500 1.000000000000 1.000000000000
16 0.040000 1.000000000000 1.000000000000
17 0.042500 1.000000000000 1.000000000000
18 0.045000 1.000000000000 1.000000000000
19 0.047500 1.000000000000 1.000000000000
20 0.050000 1.000000000000 1.000000000000
21 0.052500 1.000000000000 1.000000000000
22 0.055000 1.000000000000 1.000000000000
23 0.057500 1.000000000000 1.000000000000
24 0.060000 1.000000000000 1.000000000000
25 0.062500 1.000000000000 1.000000000000
26 0.065000 1.000000000000 1.000000000000
27 0.067500 1.000000000000 1.000000000000
28 0.070000 1.000000000000 1.000000000000
29 0.072500 1.000000000000 1.000000000000
30 0.075000 1.000000000000 1.000000000000
31 0.077500 1.000000000000 1.000000000000
32 0.080000 1.000000000000 1.000000000000
33 0.082500 1.000000000000 1.000000000000
34 0.085000 1.000000000000 1.000000000000
35 0.087500 1.000000000000 1.000000000000
36 0.090000 1.000000000000 1.000000000000
37 0.092500 1.000000000000 1.000000000000
38 0.095000 1.000000000000 1.000000000000
39 0.097500 1.000000000000 1.000000000000
40 0.100000 1.000000000000 1.000000000000
41 0.102500 1.000000000000 1.000000000000
42 0.105000 1.000000000000 1.000000000000
43 0.107500 1.000000000000 1.000000000000
44 0.110000 1.000000000000 1.000000000000
45 0.112500 1.000000000000 1.000000000000
46 0.115000 1.000000000000 1.000000000000
47 0.117500 1.000000000000 1.000000000000
48 0.120000 1.000000000000 1.000000000000
49 0.122500 1.000000000000 1.000000000000
50 0.125000 1.000000000000 1.000000000000
51 0.127500 1.000000000000 1.000000000000
52 0.130000 1.000000000000 1.000000000000
53 0.132500 1.000000000000 1.000000000000
54 0.135000 1.000000000000 1.000000000000
55 0.137500 1.000000000000 1.000000000000
56 0.140000 1.000000000000 1.000000000000
57 0.142500 1.000000000000 1.000000000000
58 0.145000 1.000000000000 1.000000000000
59 0.147500 1.000000000000 1.000000000000
60 0.150000 1.000000000000 1.000000000000
61 0.152500 1.000000000000 1.000000000000
62 0.155000 1.000000000000 1.000000000000
63 0.157500 1.000000000000 1.000000000000
64 0.160000 1.000000000000 1.000000000000
65 0.162500 1.000000000000 1.000000000000
66 0.165000 1.000000000000 1.000000000000
67 0.167500 1.000000000000 1.000000000000
68 0.170000 1.000000000000 1.000000000000
69 0.172500 1.000000000000 1.000000000000
70 0.175000 1.000000000000 1.000000000000
71 0.177500 1.000000000000 1.000000000000
72 0.180000 1.000000000000 1.000000000000
73 0.182500 1.000000000000 1.000000000000
74 0.185000 1.000000000000 1.000000000000
75 0.187500 1.000000000000 1.000000000000
76 0.190000 1.000000000000 1.000000000000
77 0.192500 1.000000000000 1.000000000000
78 0.195000 1.000000000000 1.000000000000
79 0.197500 1.000000000000 1.000000000000
80 0.200000 1.000000000000 1.000000000000
81 0.202500 1.000000000000 1.000000000000
82 0.205000 1.000000000000 1.000000000000
83 0.207500 1.000000000000 1.000000000000
84 0.210000 1.000000000000 1.000000000000
85 0.212500 1.000000000000 1.000000000000
86 0.215000 1.000000000000 1.000000000000
87 0.217500 1.000000000000 1.000000000000
88 0.220000 1.000000000000 1.000000000000
89 0.222500 1.000000000000 1.000000000000
90 0.225000 1.000000000000 1.000000000000
91 0.227500 1.000000000000 1.000000000000
92 0.230000 1.000000000000 1.000000000000
93 0.232500 1.000000000000 1.000000000000
94 0.235000 1.000000000000 1.000000000000
95 0.237500 1.000000000000 1.000000000000
96 0.240000 1.000000000000 1.000000000000
97 0.242500 1.000000000000 1.000000000000
98 0.245000 1.000000000000 1.000000000000
99 0.247500 1.000000000000 1.000000000000
100 0.250000 1.000000000000 1.000000000000
101 0.252500 1.000000000000 1.000000000000
102 0.255000 1.000000000000 1.000000000000
103 0.257500 1.000000000000 1.000000000000
104 0.260000 1.000000000000 1.000000000000
105 0.262500 1.000000000000 1.000000000000
106 0.265000 1.000000000000 1.000000000000
107 0.267500 1.000000000000 1.000000000000
108 0.270000 1.000000000000 1.000000000000
109 0.272500 1.000000000000 1.000000000000
110 0.275000 1.000000000000 1.000000000000
111 0.277500 1.000000000000 1.000000000000
112 0.280000 1.000000000000 1.000000000000
113 0.282500 1.000000000000 1.000000000000
114 0.285000 1.000000000000 1.000000000000
115 0.287500 1.000000000000 1.000000000000
116 0.290000 1.000000000000 1.000000000000
117 0.292500 1.000000000000 1.000000000000
118 0.295000 1.000000000000 1.000000000000
119 0.297500 1.000000000000 1.000000000000
120 0.300000 1.000000000000 1.000000000000
121 0.302500 1.000000000000 1.000000000000
122 0.305000 1.000000000000 1.000000000000
123 0.307500 1.000000000000 1.000000000000
124 0.310000 1.000000000000 1.000000000000
125 0.312500 1.000000000000 1.000000000000
126 0.315000 1.000000000000 1.000000000000
127 0.317500 1.000000000000 1.000000000000
128 0.320000 1.000000000000 1.000000000000
129 0.322500 1.000000000000 1.000000000000
130 0.325000 1.000000000000 1.000000000000
131 0.327500 1.000000000000 1.000000000000
132 0.330000 1.000000000000 1.000000000000
133 0.332500 1.000000000000 1.000000000000
134 0.335000 1.000000000000 1.000000000000
135 0.337500 1.000000000000 1.000000000000
136 0.340000 1.000000000000 1.000000000000
137 0.342500 1.000000000000 1.000000000000
138 0.345000 1.000000000000 1.000000000000
139 0.347500 1.000000000000 1.000000000000
140 0.350000 1.000000000000 1.000000000000
141 0.352500 1.000000000000 1.000000000000
142 0.355000 1.000000000000 1.000000000000
143 0.357500 1.000000000000 1.000000000000
144 0.360000 1.000000000000 1.000000000000
145 0.362500 1.000000000000 1.000000000000
146 0.365000 1.000000000000 1.000000000000
147 0.367500 1.000000000000 1.000000000000
148 0.370000 1.000000000000 1.000000000000
149 0.372500 1.000000000000 1.000000000000
150 0.375000 1.000000000000 1.000000000000
151 0.377500 1.000000000000 1.000000000000
152 0.380000 1.000000000000 1.000000000000
153 0.382500 1.000000000000 1.000000000000
154 0.385000 1.000000000000 1.000000000000
155 0.387500 1.000000000000 1.000000000000
156 0.390000 1.000000000000 1.000000000000
157 0.392500 1.000000000000 1.000000000000
158 0.395000 1.000000000000 1.000000000000
159 0.397500 1.000000000000 1.000000000000
160 0.400000 1.000000000000 1.000000000000
161 0.402500 1.000000000000 1.000000000000
162 0.405000 1.000000000000 1.000000000000
163 0.407500 1.000000000000 1.000000000000
164 0.410000 1.000000000000 1.000000000000
165 0.412500 1.000000000000 1.000000000000
166 0.415000 1.000000000000 1.000000000000
167 0.417500 1.000000000000 1.000000000000
168 0.420000 1.000000000000 1.000000000000
169 0.422500 1.000000000000 1.000000000000
170 0.425000 1.000000000000 1.000000000000
171 0.427500 1.000000000000 1.000000000000
172 0.430000 1.000000000000 1.000000000000
173 0.432500 1.000000000000 1.000000000000
174 0.435000 1.000000000000 1.000000000000
175 0.437500 1.000000000000 1.000000000000
176 0.440000 1.000000000000 1.000000000000
177 0.442500 1.000000000000 1.000000000000
178 0.445000 1.000000000000 1.000000000000
179 0.447500 1.000000000000 1.000000000000
180 0.450000 1.000000000000 1.000000000000
181 0.452500 1.000000000000 1.000000000000
182 0.455000 1.000000000000 1.000000000000
183 0.457500 1.000000000000 1.000000000000
184 0.460000 1.000000000000 1.000000000000
185 0.462500 1.000000000000 1.000000000000
186 0.465000 1.000000000000 1.000000000000
187 0.467500 1.000000000000 1.000000000000
188 0.470000 1.000000000000 1.000000000000
189 0.472500 1.000000000000 1.000000000000
190 0.475000 1.000000000000 1.000000000000
191 0.477500 1.000000000000 1.000000000000
192 0.480000 1.000000000000 1.000000000000
193 0.482500 1.000000000000 1.000000000000
194 0.485000 1.000000000000 1.000000000000
195 0.487500 1.000000000000 1.000000000000
196 0.490000 1.000000000000 1.000000000000
197 0.492500 1.000000000000 1.000000000000
198 0.495000 1.000000000000 1.000000000000
199 0.497500 1.000000000000 1.000000000000
200 0.500000 1.000000000000 1.000000000000
201 0.502500 1.000000000000 1.000000000000
202 0.505000 1.000000000000 1.000000000000
203 0.507500 1.000000000000 1.000000000000
204 0.510000 1.000000000000 1.000000000000
205 0.512500 1.000000000000 1.000000000000
206 0.515000 1.000000000000 1.000000000000
207 0.517500 1.000000000000 1.000000000000
208 0.520000 1.000000000000 1.000000000000
209 0.522500 1.000000000000 1.000000000000
210 0.525000 1.000000000000 1.000000000000
211 0.527500 1.000000000000 1.000000000000
212 0.530000 1.000000000000 1.000000000000
213 0.532500 1.000000000000 1.000000000000
214 0.535000 1.000000000000 1.000000000000
215 0.537500 1.000000000000 1.000000000000
216 0.540000 1.000000000000 1.000000000000
217 0.542500 1.000000000000 1.000000000000
218 0.545000 1.000000000000 1.000000000000
219 0.547500 1.000000000000 1.000000000000
220 0.550000 1.000000000000 1.000000000000
221 0.552500 1.000000000000 1.000000000000
222 0.555000 1.000000000000 1.000000000000
223 0.557500 1.000000000000 1.000000000000
224 0.560000 1.000000000000 1.000000000000
225 0.562500 1.000000000000 1.000000000000
226 0.565000 1.000000000000 1.000000000000
227 0.567500 1.000000000000 1.000000000000
228 0.570000 1.000000000000 1.000000000000
229 0.572500 1.000000000000 1.000000000000
230 0.575000 1.000000000000 1.000000000000
231 0.577500 1.000000000000 1.000000000000
232 0.580000 1.000000000000 1.000000000000
233 0.582500 1.000000000000 1.000000000000
234 0.585000 1.000000000000 1.000000000000
235 0.587500 1.000000000000 1.000000000000
236 0.590000 1.000000000000 1.000000000000
237 0.592500 1.000000000000 1.000000000000
238 0.595000 1.000000000000 1.000000000000
239 0.597500 1.000000000000 1.000000000000
240 0.600000 1.000000000000 1.000000000000
241 0.602500 1.000000000000 1.000000000000
242 0.605000 1.000000000000 1.000000000000
243 0.607500 1.000000000000 1.000000000000
244 0.610000 1.000000000000 1.000000000000
245 0.612500 1.000000000000 1.000000000000
246 0.615000 1.000000000000 1.000000000000
247 0.617500 1.000000000000 1.000000000000
248 0.620000 1.000000000000 1.000000000000
249 0.622500 1.000000000000 1.000000000000
250 0.625000 1.000000000000 1.000000000000
251 0.627500 1.000000000000 1.000000000000
252 0.630000 1.000000000000 1.000000000000
253 0.632500 1.000000000000 1.000000000000
254 0.635000 1.000000000000 1.000000000000
255 0.637500 1.000000000000 1.000000000000
256 0.640000 1.000000000000 1.000000000000
257 0.642500 1.000000000000 1.000000000000
258 0.645000 1.000000000000 1.000000000000
259 0.647500 1.000000000000 1.000000000000
260 0.650000 1.000000000000 1.000000000000
261 0.652500 1.000000000000 1.000000000000
262 0.655000 1.000000000000 1.000000000000
263 0.657500 1.000000000000 1.000000000000
264 0.660000 1.000000000000 1.000000000000
265 0.662500 1.000000000000 1.000000000000
266 0.665000 1.000000000000 1.000000000000
267 0.667500 1.000000000000 1.000000000000
268 0.670000 1.000000000000 1.000000000000
269 0.672500 1.000000000000 1.000000000000
270 0.675000 1.000000000000 1.000000000000
271 0.677500 1.000000000000 1.000000000000
272 0.680000 1.000000000000 1.000000000000
273 0.682500 1.000000000000 1.000000000000
274 0.685000 1.000000000000 1.000000000000
275 0.687500 1.000000000000 1.000000000000
276 0.690000 1.000000000000 1.000000000000
277 0.692500 1.000000000000 1.000000000000
278 0.695000 1.000000000000 1.000000000000
279 0.697500 1.000000000000 1.000000000000
280 0.700000 1.000000000000 1.000000000000
281 0.702500 1.000000000000 1.000000000000
282 0.705000 1.000000000000 1.000000000000
283 0.707500 1.000000000000 1.000000000000
284 0.710000 1.000000000000 1.000000000000
285 0.712500 1.000000000000 1.000000000000
286 0.715000 1.000000000000 1.000000000000
287 0.717500 1.000000000000 1.000000000000
288 0.720000 1.000000000000 1.000000000000
289 0.722500 1.000000000000 1.000000000000
290 0.725000 1.000000000000 1.000000000000
291 0.727500 1.000000000000 1.000000000000
292 0.730000 1.000000000000 1.000000000000
293 0.732500 1.000000000000 1.000000000000
294 0.735000 1.000000000000 1.000000000000
295 0.737500 1.000000000000 1.000000000000
296 0.740000 1.000000000000 1.000000000000
297 0.742500 1.000000000000 1.000000000000
298 0.745000 1.000000000000 1.000000000000
299 0.747500 1.000000000000 1.000000000000
300 0.750000 1.000000000000 1.000000000000
301 0.752500 1.000000000000 1.000000000000
302 0.755000 1.000000000000 1.000000000000
303 0.757500 1.000000000000 1.000000000000
304 0.760000 1.000000000000 1.000000000000
305 0.762500 1.000000000000 1.000000000000
306 0.765000 1.000000000000 1.000000000000
307 0.767500 1.000000000000 1.000000000000
308 0.770000 1.000000000000 1.000000000000
309 0.772500 1.000000000000 1.000000000000
310 0.775000 1.000000000000 1.000000000000
311 0.777500 1.000000000000 1.000000000000
312 0.780000 1.000000000000 1.000000000000
313 0.782500 1.000000000000 1.000000000000
314 0.785000 1.000000000000 1.000000000000
315 0.787500 1.000000000000 1.000000000000
316 0.790000 1.000000000000 1.000000000000
317 0.792500 1.000000000000 1.000000000000
318 0.795000 1.000000000000 1.000000000000
319 0.797500 1.000000000000 1.000000000000
320 0.800000 1.000000000000 1.000000000000
321 0.802500 1.000000000000 1.000000000000
322 0.805000 1.000000000000 1.000000000000
323 0.807500 1.000000000000 1.000000000000
324 0.810000 1.000000000000 1.000000000000
325 0.812500 1.000000000000 1.000000000000
326 0.815000 1.000000000000 1.000000000000
327 0.817500 1.000000000000 1.000000000000
328 0.820000 1.000000000000 1.000000000000
329 0.822500 1.000000000000 1.000000000000
330 0.825000 1.000000000000 1.000000000000
331 0.827500 1.000000000000 1.000000000000
332 0.830000 1.000000000000 1.000000000000
333 0.832500 1.000000000000 1.000000000000
334 0.835000 1.000000000000 1.000000000000
335 0.837500 1.000000000000 1.000000000000
336 0.840000 1.000000000000 1.000000000000
337 0.842500 1.000000000000 1.000000000000
338 0.845000 1.000000000000 1.000000000000
339 0.847500 1.000000000000 1.000000000000
340 0.850000 1.000000000000 1.000000000000
341 0.852500 1.000000000000 1.000000000000
342 0.855000 1.000000000000 1.000000000000
343 0.857500 1.000000000000 1.000000000000
344 0.860000 1.000000000000 1.000000000000
345 0.862500 1.000000000000 1.000000000000
346 0.865000 1.000000000000 1.000000000000
347 0.867500 1.000000000000 1.000000000000
348 0.870000 1.000000000000 1.000000000000
349 0.872500 1.000000000000 1.000000000000
350 0.875000 1.000000000000 1.000000000000
351 0.877500 1.000000000000 1.000000000000
352 0.880000 1.000000000000 1.000000000000
353 0.882500 1.000000000000 1.000000000000
354 0.885000 1.000000000000 1.000000000000
355 0.887500 1.000000000000 1.000000000000
356 0.890000 1.000000000000 1.000000000000
357 0.892500 1.000000000000 1.000000000000
358 0.895000 1.000000000000 1.000000000000
359 0.897500 1.000000000000 1.000000000000
360 0.900000 1.000000000000 1.000000000000
361 0.902500 1.000000000000 1.000000000000
362 0.905000 1.000000000000 1.000000000000
363 0.907500 1.000000000000 1.000000000000
364 0.910000 1.000000000000 1.000000000000
365 0.912500 1.000000000000 1.000000000000
366 0.915000 1.000000000000 1.000000000000
367 0.917500 1.000000000000 1.000000000000
368 0.920000 1.000000000000 1.000000000000
369 0.922500 1.000000000000 1.000000000000
370 0.925000 1.000000000000 1.000000000000
371 0.927500 1.000000000000 1.000000000000
372 0.930000 1.000000000000 1.000000000000
373 0.932500 1.000000000000 1.000000000000
374 0.935000 1.000000000000 1.000000000000
375 0.937500 1.000000000000 1.000000000000
376 0.940000 1.000000000000 1.000000000000
377 0.942500 1.000000000000 1.000000000000
378 0.945000 1.000000000000 1.000000000000
379 0.947500 1.000000000000 1.000000000000
380 0.950000 1.000000000000 1.000000000000
381 0.952500 1.000000000000 1.000000000000
382 0.955000 1.000000000000 1.000000000000
383 0.957500 1.000000000000 1.000000000000
384 0.960000 1.000000000000 1.000000000000
385 0.962500 1.000000000000 1.000000000000
386 0.965000 1.000000000000 1.000000000000
387 0.967500 1.000000000000 1.000000000000
388 0.970000 1.000000000000 1.000000000000
389 0.972500 1.000000000000 1.000000000000
390 0.975000 1.000000000000 1.000000000000
391 0.977500 1.000000000000 1.000000000000
392 0.980000 1.000000000000 1.000000000000
393 0.982500 1.000000000000 1.000000000000
394 0.985000 1.000000000000 1.000000000000
395 0.987500 1.000000000000 1.000000000000
396 0.990000 1.000000000000 1.000000000000
397 0.992500 1.000000000000 1.000000000000
398 0.995000 1.000000000000 1.000000000000
399 0.997500 1.000000000000 1.000000000000
400 1.000000 0.999999999777 0.999999999777
401 1.002500 0.999999996761 0.999999996761
402 1.005000 0.999999984521 0.999999984521
403 1.007500 0.999999953719 0.999999953719
404 1.010000 0.999999893162 0.999999893162
405 1.012500 0.999999790731 0.999999790731
406 1.015000 0.999999634179 0.999999634179
407 1.017500 0.999999411800 0.999999411800
408 1.020000 0.999999112975 0.999999112975
409 1.022500 0.999998728590 0.999998728590
410 1.025000 0.999998251353 0.999998251353
411 1.027500 0.999997675990 0.999997675990
412 1.030000 0.999996999358 0.999996999358
413 1.032500 0.999996220469 0.999996220469
414 1.035000 0.999995340443 0.999995340443
415 1.037500 0.999994362394 0.999994362394
416 1.040000 0.999993291271 0.999993291271
417 1.042500 0.999992133657 0.999992133657
418 1.045000 0.999990897543 0.999990897543
419 1.047500 0.999989592073 0.999989592073
420 1.050000 0.999988227291 0.999988227291
421 1.052500 0.999986813879 0.999986813879
422 1.055000 0.999985362900 0.999985362900
423 1.057500 0.999983885558 0.999983885558
424 1.060000 0.999982392964 0.999982392964
425 1.062500 0.999980895935 0.999980895935
426 1.065000 0.999979404805 0.999979404805
427 1.067500 0.999977929269 0.999977929269
428 1.070000 0.999976478253 0.999976478253
429 1.072500 0.999975059804 0.999975059804
430 1.075000 0.999973681017 0.999973681017
431 1.077500 0.999972347984 0.999972347984
432 1.080000 0.999971065763 0.999971065763
433 1.082500 0.999969838378 0.999969838378
434 1.085000 0.999968668835 0.999968668835
435 1.087500 0.999967559158 0.999967559158
436 1.090000 0.999966510439 0.999966510439
437 1.092500 0.999965522901 0.999965522901
438 1.095000 0.999964595976 0.999964595976
439 1.097500 0.999963728388 0.999963728388
440 1.100000 0.999962918238 0.999962918238
441 1.102500 0.999962163097 0.999962163097
442 1.105000 0.999961460100 0.999961460100
443 1.107500 0.999960806032 0.999960806032
444 1.110000 0.999960197424 0.999960197424
445 1.112500 0.999959630629 0.999959630629
446 1.115000 0.999959101907 0.999959101907
447 1.117500 0.999958607493 0.999958607493
448 1.120000 0.999958143663 0.999958143663
449 1.122500 0.999957706792 0.999957706792
450 1.125000 0.999957293402 0.999957293402
451 1.127500 0.999956900202 0.999956900202
452 1.130000 0.999956524124 0.999956524124
453 1.132500 0.999956162342 0.999956162342
454 1.135000 0.999955812298 0.999955812298
455 1.137500 0.999955471704 0.999955471704
456 1.140000 0.999955138553 0.999955138553
457 1.142500 0.999954811112 0.999954811112
458 1.145000 0.999954487920 0.999954487920
459 1.147500 0.999954167774 0.999954167774
460 1.150000 0.999953849718 0.999953849718
461 1.152500 0.999953533019 0.999953533019
462 1.155000 0.999953217155 0.999953217155
463 1.157500 0.999952901790 0.999952901790
464 1.160000 0.999952586752 0.999952586752
465 1.162500 0.999952272012 0.999952272012
466 1.165000 0.999951957659 0.999951957659
467 1.167500 0.999951643880 0.999951643880
468 1.170000 0.999951330940 0.999951330940
469 1.172500 0.999951019162 0.999951019162
470 1.175000 0.999950708907 0.999950708907
471 1.177500 0.999950400559 0.999950400559
472 1.180000 0.999950094510 0.999950094510
473 1.182500 0.999949791148 0.999949791148
474 1.185000 0.999949490845 0.999949490845
475 1.187500 0.999949193949 0.999949193949
476 1.190000 0.999948900778 0.999948900778
477 1.192500 0.999948611609 0.999948611609
478 1.195000 0.999948326683 0.999948326683
479 1.197500 0.999948046196 0.999948046196
480 1.200000 0.999947770300 0.999947770300
481 1.202500 0.999947499106 0.999947499106
482 1.205000 0.999947232679 0.999947232679
483 1.207500 0.999946971048 0.999946971048
484 1.210000 0.999946714204 0.999946714204
485 1.212500 0.999946462105 0.999946462105
486 1.215000 0.999946214678 0.999946214678
487 1.217500 0.999945971827 0.999945971827
488 1.220000 0.999945733432 0.999945733432
489 1.222500 0.999945499360 0.999945499360
490 1.225000 0.999945269461 0.999945269461
491 1.227500 0.999945043579 0.999945043579
492 1.230000 0.999944821552 0.999944821552
493 1.232500 0.999944603217 0.999944603217
494 1.235000 0.999944388410 0.999944388410
495 1.237500 0.999944176974 0.999944176974
496 1.240000 0.999943968757 0.999943968757
497 1.242500 0.999943763615 0.999943763615
498 1.245000 0.999943561415 0.999943561415
499 1.247500 0.999943362032 0.999943362032
500 1.250000 0.999943165356 0.999943165356
501 1.252500 0.999942971287 0.999942971287
502 1.255000 0.999942779737 0.999942779737
503 1.257500 0.999942590633 0.999942590633
504 1.260000 0.999942403909 0.999942403909
505 1.262500 0.999942219512 0.999942219512
506 1.265000 0.999942037402 0.999942037402
507 1.267500 0.999941857544 0.999941857544
508 1.270000 0.999941679914 0.999941679914
509 1.272500 0.999941504494 0.999941504494
510 1.275000 0.999941331274 0.999941331274
511 1.277500 0.999941160247 0.999941160247
512 1.280000 0.999940991413 0.999940991413
513 1.282500 0.999940824772 0.999940824772
514 1.285000 0.999940660327 0.999940660327
515 1.287500 0.999940498085 0.999940498085
516 1.290000 0.999940338050 0.999940338050
517 1.292500 0.999940180227 0.999940180227
518 1.295000 0.999940024620 0.999940024620
519 1.297500 0.999939871232 0.999939871232
520 1.300000 0.999939720064 0.999939720064
521 1.302500 0.999939571114 0.999939571114
522 1.305000 0.999939424379 0.999939424379
523 1.307500 0.999939279851 0.999939279851
524 1.310000 0.999939137523 0.999939137523
525 1.312500 0.999938997381 0.999938997381
526 1.315000 0.999938859412 0.999938859412
527 1.317500 0.999938723597 0.999938723597
528 1.320000 0.999938589917 0.999938589917
529 1.322500 0.999938458350 0.999938458350
530 1.325000 0.999938328871 0.999938328871
531 1.327500 0.999938201456 0.999938201456
532 1.330000 0.999938076075 0.999938076075
533 1.332500 0.999937952700 0.999937952700
534 1.335000 0.999937831300 0.999937831300
535 1.337500 0.999937711845 0.999937711845
536 1.340000 0.999937594303 0.999937594303
537 1.342500 0.999937478642 0.999937478642
538 1.345000 0.999937364829 0.999937364829
539 1.347500 0.999937252832 0.999937252832
540 1.350000 0.999937142618 0.999937142618
541 1.352500 0.999937034156 0.999937034156
542 1.355000 0.999936927415 0.999936927415
543 1.357500 0.999936822362 0.999936822362
544 1.360000 0.999936718968 0.999936718968
545 1.362500 0.999936617203 0.999936617203
546 1.365000 0.999936517038 0.999936517038
547 1.367500 0.999936418445 0.999936418445
548 1.370000 0.999936321395 0.999936321395
549 1.372500 0.999936225864 0.999936225864
550 1.375000 0.999936131824 0.999936131824
551 1.377500 0.999936039250 0.999936039250
552 1.380000 0.999935948119 0.999935948119
553 1.382500 0.999935858406 0.999935858406
554 1.385000 0.999935770089 0.999935770089
555 1.387500 0.999935683144 0.999935683144
556 1.390000 0.999935597551 0.999935597551
557 1.392500 0.999935513287 0.999935513287
558 1.395000 0.999935430333 0.999935430333
559 1.397500 0.999935348667 0.999935348667
560 1.400000 0.999935268270 0.999935268270
561 1.402500 0.999935189123 0.999935189123
562 1.405000 0.999935111205 0.999935111205
563 1.407500 0.999935034499 0.999935034499
564 1.410000 0.999934958986 0.999934958986
565 1.412500 0.999934884647 0.999934884647
566 1.415000 0.999934811465 0.999934811465
567 1.417500 0.999934739421 0.999934739421
568 1.420000 0.999934668499 0.999934668499
569 1.422500 0.999934598680 0.999934598680
570 1.425000 0.999934529948 0.999934529948
571 1.427500 0.999934462285 0.999934462285
572 1.430000 0.999934395676 0.999934395676
573 1.432500 0.999934330103 0.999934330103
574 1.435000 0.999934265550 0.999934265550
575 1.437500 0.999934202001 0.999934202001
576 1.440000 0.999934139440 0.999934139440
577 1.442500 0.999934077852 0.999934077852
578 1.445000 0.999934017220 0.999934017220
579 1.447500 0.999933957531 0.999933957531
580 1.450000 0.999933898768 0.999933898768
581 1.452500 0.999933840918 0.999933840918
582 1.455000 0.999933783965 0.999933783965
583 1.457500 0.999933727895 0.999933727895
584 1.460000 0.999933672695 0.999933672695
585 1.462500 0.999933618349 0.999933618349
586 1.465000 0.999933564846 0.999933564846
587 1.467500 0.999933512171 0.999933512171
588 1.470000 0.999933460311 0.999933460311
589 1.472500 0.999933409254 0.999933409254
590 1.475000 0.999933358987 0.999933358987
591 1.477500 0.999933309497 0.999933309497
592 1.480000 0.999933260772 0.999933260772
593 1.482500 0.999933212800 0.999933212800
594 1.485000 0.999933165570 0.999933165570
595 1.487500 0.999933119070 0.999933119070
596 1.490000 0.999933073289 0.999933073289
597 1.492500 0.999933028215 0.999933028215
598 1.495000 0.999932983837 0.999932983837
599 1.497500 0.999932940145 0.999932940145
600 1.500000 0.999932897128 0.999932897128
601 1.502500 0.999932854776 0.999932854776
602 1.505000 0.999932813079 0.999932813079
603 1.507500 0.999932772025 0.999932772025
604 1.510000 0.999932731607 0.999932731607
605 1.512500 0.999932691813 0.999932691813
606 1.515000 0.999932652634 0.999932652634
607 1.517500 0.999932614060 0.999932614060
608 1.520000 0.999932576083 0.999932576083
609 1.522500 0.999932538693 0.999932538693
610 1.525000 0.999932501882 0.999932501882
611 1.527500 0.999932465639 0.999932465639
612 1.530000 0.999932429957 0.999932429957
613 1.532500 0.999932394827 0.999932394827
614 1.535000 0.999932360240 0.999932360240
615 1.537500 0.999932326188 0.999932326188
616 1.540000 0.999932292662 0.999932292662
617 1.542500 0.999932259656 0.999932259656
618 1.545000 0.999932227159 0.999932227159
619 1.547500 0.999932195166 0.999932195166
620 1.550000 0.999932163667 0.999932163667
621 1.552500 0.999932132656 0.999932132656
622 1.555000 0.999932102124 0.999932102124
623 1.557500 0.999932072065 0.999932072065
624 1.560000 0.999932042470 0.999932042470
625 1.562500 0.999932013333 0.999932013333
626 1.565000 0.999931984647 0.999931984647
627 1.567500 0.999931956405 0.999931956405
628 1.570000 0.999931928599 0.999931928599
629 1.572500 0.999931901224 0.999931901224
630 1.575000 0.999931874272 0.999931874272
631 1.577500 0.999931847736 0.999931847736
632 1.580000 0.999931821611 0.999931821611
633 1.582500 0.999931795891 0.999931795891
634 1.585000 0.999931770567 0.999931770567
635 1.587500 0.999931745636 0.999931745636
636 1.590000 0.999931721090 0.999931721090
637 1.592500 0.999931696923 0.999931696923
638 1.595000 0.999931673130 0.999931673130
639 1.597500 0.999931649705 0.999931649705
640 1.600000 0.999931626642 0.999931626642
641 1.602500 0.999931603936 0.999931603936
642 1.605000 0.999931581581 0.999931581581
643 1.607500 0.999931559572 0.999931559572
644 1.610000 0.999931537902 0.999931537902
645 1.612500 0.999931516568 0.999931516568
646 1.615000 0.999931495564 0.999931495564
647 1.617500 0.999931474884 0.999931474884
648 1.620000 0.999931454524 0.999931454524
649 1.622500 0.999931434479 0.999931434479
650 1.625000 0.999931414743 0.999931414743
651 1.627500 0.999931395313 0.999931395313
652 1.630000 0.999931376183 0.999931376183
653 1.632500 0.999931357349 0.999931357349
654 1.635000 0.999931338806 0.999931338806
655 1.637500 0.999931320549 0.999931320549
656 1.640000 0.999931302575 0.999931302575
657 1.642500 0.999931284878 0.999931284878
658 1.645000 0.999931267455 0.999931267455
659 1.647500 0.999931250302 0.999931250302
660 1.650000 0.999931233413 0.999931233413
661 1.652500 0.999931216785 0.999931216785
662 1.655000 0.999931200414 0.999931200414
663 1.657500 0.999931184297 0.999931184297
664 1.660000 0.999931168428 0.999931168428
665 1.662500 0.999931152804 0.999931152804
666 1.665000 0.999931137422 0.999931137422
667 1.667500 0.999931122277 0.999931122277
668 1.670000 0.999931107367 0.999931107367
669 1.672500 0.999931092687 0.999931092687
670 1.675000 0.999931078233 0.999931078233
671 1.677500 0.999931064003 0.999931064003
672 1.680000 0.999931049992 0.999931049992
673 1.682500 0.999931036198 0.999931036198
674 1.685000 0.999931022617 0.999931022617
675 1.687500 0.999931009246 0.999931009246
676 1.690000 0.999930996081 0.999930996081
677 1.692500 0.999930983120 0.999930983120
678 1.695000 0.999930970358 0.999930970358
679 1.697500 0.999930957794 0.999930957794
680 1.700000 0.999930945423 0.999930945423
681 1.702500 0.999930933244 0.999930933244
682 1.705000 0.999930921253 0.999930921253
683 1.707500 0.999930909446 0.999930909446
684 1.710000 0.999930897822 0.999930897822
685 1.712500 0.999930886377 0.999930886377
686 1.715000 0.999930875109 0.999930875109
687 1.717500 0.999930864015 0.999930864015
688 1.720000 0.999930853092 0.999930853092
689 1.722500 0.999930842338 0.999930842338
690 1.725000 0.999930831749 0.999930831749
691 1.727500 0.999930821324 0.999930821324
692 1.730000 0.999930811060 0.999930811060
693 1.732500 0.999930800954 0.999930800954
694 1.735000 0.999930791004 0.999930791004
695 1.737500 0.999930781207 0.999930781207
696 1.740000 0.999930771562 0.999930771562
697 1.742500 0.999930762065 0.999930762065
698 1.745000 0.999930752715 0.999930752715
699 1.747500 0.999930743509 0.999930743509
700 1.750000 0.999930734445 0.999930734445
701 1.752500 0.999930725520 0.999930725520
702 1.755000 0.999930716733 0.999930716733
703 1.757500 0.999930708082 0.999930708082
704 1.760000 0.999930699564 0.999930699564
705 1.762500 0.999930691177 0.999930691177
706 1.765000 0.999930682920 0.999930682920
707 1.767500 0.999930674790 0.999930674790
708 1.770000 0.999930666785 0.999930666785
709 1.772500 0.999930658903 0.999930658903
710 1.775000 0.999930651143 0.999930651143
711 1.777500 0.999930643502 0.999930643502
712 1.780000 0.999930635979 0.999930635979
713 1.782500 0.999930628572 0.999930628572
714 1.785000 0.999930621279 0.999930621279
715 1.787500 0.999930614098 0.999930614098
716 1.790000 0.999930607028 0.999930607028
717 1.792500 0.999930600067 0.999930600067
718 1.795000 0.999930593213 0.999930593213
719 1.797500 0.999930586464 0.999930586464
720 1.800000 0.999930579819 0.999930579819
721 1.802500 0.999930573277 0.999930573277
722 1.805000 0.999930566835 0.999930566835
723 1.807500 0.999930560493 0.999930560493
724 1.810000 0.999930554247 0.999930554247
725 1.812500 0.999930548098 0.999930548098
726 1.815000 0.999930542044 0.999930542044
727 1.817500 0.999930536083 0.999930536083
728 1.820000 0.999930530213 0.999930530213
729 1.822500 0.999930524434 0.999930524434
730 1.825000 0.999930518743 0.999930518743
731 1.827500 0.999930513140 0.999930513140
732 1.830000 0.999930507623 0.999930507623
733 1.832500 0.999930502191 0.999930502191
734 1.835000 0.999930496842 0.999930496842
735 1.837500 0.999930491576 0.999930491576
736 1.840000 0.999930486391 0.999930486391
737 1.842500 0.999930481285 0.999930481285
738 1.845000 0.999930476257 0.999930476257
739 1.847500 0.999930471307 0.999930471307
740 1.850000 0.999930466433 0.999930466433
741 1.852500 0.999930461633 0.999930461633
742 1.855000 0.999930456908 0.999930456908
743 1.857500 0.999930452254 0.999930452254
744 1.860000 0.999930447673 0.999930447673
745 1.862500 0.999930443161 0.999930443161
746 1.865000 0.999930438719 0.999930438719
747 1.867500 0.999930434345 0.999930434345
748 1.870000 0.999930430038 0.999930430038
749 1.872500 0.999930425797 0.999930425797
750 1.875000 0.999930421621 0.999930421621
751 1.877500 0.999930417509 0.999930417509
752 1.880000 0.999930413460 0.999930413460
753 1.882500 0.999930409473 0.999930409473
754 1.885000 0.999930405548 0.999930405548
755 1.887500 0.999930401682 0.999930401682
756 1.890000 0.999930397876 0.999930397876
757 1.892500 0.999930394128 0.999930394128
758 1.895000 0.999930390437 0.999930390437
759 1.897500 0.999930386803 0.999930386803
760 1.900000 0.999930383224 0.999930383224
761 1.902500 0.999930379700 0.999930379700
762 1.905000 0.999930376231 0.999930376231
763 1.907500 0.999930372814 0.999930372814
764 1.910000 0.999930369449 0.999930369449
765 1.912500 0.999930366136 0.999930366136
766 1.915000 0.999930362874 0.999930362874
767 1.917500 0.999930359661 0.999930359661
768 1.920000 0.999930356498 0.999930356498
769 1.922500 0.999930353383 0.999930353383
770 1.925000 0.999930350315 0.999930350315
771 1.927500 0.999930347294 0.999930347294
772 1.930000 0.999930344320 0.999930344320
773 1.932500 0.999930341391 0.999930341391
774 1.935000 0.999930338506 0.999930338506
775 1.937500 0.999930335666 0.999930335666
776 1.940000 0.999930332869 0.999930332869
777 1.942500 0.999930330114 0.999930330114
778 1.945000 0.999930327402 0.999930327402
779 1.947500 0.999930324731 0.999930324730
780 1.950000 0.999930322100 0.999930322100
781 1.952500 0.999930319510 0.999930319510
782 1.955000 0.999930316959 0.999930316959
783 1.957500 0.999930314447 0.999930314447
784 1.960000 0.999930311973 0.999930311973
785 1.962500 0.999930309537 0.999930309537
786 1.965000 0.999930307138 0.999930307138
787 1.967500 0.999930304775 0.999930304775
788 1.970000 0.999930302449 0.999930302449
789 1.972500 0.999930300158 0.999930300158
790 1.975000 0.999930297901 0.999930297901
791 1.977500 0.999930295679 0.999930295679
792 1.980000 0.999930293491 0.999930293491
793 1.982500 0.999930291335 0.999930291335
794 1.985000 0.999930289213 0.999930289213
795 1.987500 0.999930287123 0.999930287123
796 1.990000 0.999930285064 0.999930285064
797 1.992500 0.999930283037 0.999930283037
798 1.995000 0.999930281040 0.999930281040
799 1.997500 0.999930279074 0.999930279074
800 2.000000 0.999930277277 0.999930277277
801 2.002500 0.999930277263 0.999930277263
802 2.005000 0.999930283064 0.999930283064
803 2.007500 0.999930300542 0.999930300542
804 2.010000 0.999930336718 0.999930336718
805 2.012500 0.999930399196 0.999930399196
806 2.015000 0.999930495661 0.999930495661
807 2.017500 0.999930633459 0.999930633459
808 2.020000 0.999930819253 0.999930819253
809 2.022500 0.999931058761 0.999931058761
810 2.025000 0.999931356561 0.999931356561
811 2.027500 0.999931715962 0.999931715962
812 2.030000 0.999932138938 0.999932138938
813 2.032500 0.999932626109 0.999932626109
814 2.035000 0.999933176776 0.999933176776
815 2.037500 0.999933788985 0.999933788985
816 2.040000 0.999934459633 0.999934459633
817 2.042500 0.999935184589 0.999935184589
818 2.045000 0.999935958843 0.999935958843
819 2.047500 0.999936776657 0.999936776657
820 2.050000 0.999937631730 0.999937631730
821 2.052500 0.999938517361 0.999938517361
822 2.055000 0.999939426608 0.999939426608
823 2.057500 0.999940352443 0.999940352443
824 2.060000 0.999941287893 0.999941287893
825 2.062500 0.999942226171 0.999942226171
826 2.065000 0.999943160793 0.999943160793
827 2.067500 0.999944085674 0.999944085674
828 2.070000 0.999944995213 0.999944995213
829 2.072500 0.999945884360 0.999945884360
830 2.075000 0.999946748661 0.999946748661
831 2.077500 0.999947584292 0.999947584292
832 2.080000 0.999948388077 0.999948388077
833 2.082500 0.999949157489 0.999949157489
834 2.085000 0.999949890640 0.999949890640
835 2.087500 0.999950586259 0.999950586259
836 2.090000 0.999951243657 0.999951243657
837 2.092500 0.999951862692 0.999951862692
838 2.095000 0.999952443717 0.999952443717
839 2.097500 0.999952987532 0.999952987532
840 2.100000 0.999953495325 0.999953495325
841 2.102500 0.999953968619 0.999953968619
842 2.105000 0.999954409209 0.999954409209
843 2.107500 0.999954819110 0.999954819110
844 2.110000 0.999955200497 0.999955200497
845 2.112500 0.999955555657 0.999955555657
846 2.115000 0.999955886935 0.999955886935
847 2.117500 0.999956196691 0.999956196691
848 2.120000 0.999956487262 0.999956487262
849 2.122500 0.999956760920 0.999956760920
850 2.125000 0.999957019848 0.999957019848
851 2.127500 0.999957266109 0.999957266109
852 2.130000 0.999957501628 0.999957501628
853 2.132500 0.999957728177 0.999957728177
854 2.135000 0.999957947362 0.999957947362
855 2.137500 0.999958160617 0.999958160617
856 2.140000 0.999958369202 0.999958369202
857 2.142500 0.999958574205 0.999958574205
858 2.145000 0.999958776542 0.999958776542
859 2.147500 0.999958976968 0.999958976968
860 2.150000 0.999959176084 0.999959176084
861 2.152500 0.999959374349 0.999959374349
862 2.155000 0.999959572092 0.999959572092
863 2.157500 0.999959769523 0.999959769523
864 2.160000 0.999959966750 0.999959966750
865 2.162500 0.999960163794 0.999960163794
866 2.165000 0.999960360598 0.999960360598
867 2.167500 0.999960557045 0.999960557045
868 2.170000 0.999960752968 0.999960752968
869 2.172500 0.999960948167 0.999960948167
870 2.175000 0.999961142414 0.999961142414
871 2.177500 0.999961335469 0.999961335469
872 2.180000 0.999961527087 0.999961527087
873 2.182500 0.999961717023 0.999961717023
874 2.185000 0.999961905045 0.999961905045
875 2.187500 0.999962090935 0.999962090935
876 2.190000 0.999962274493 0.999962274493
877 2.192500 0.999962455545 0.999962455545
878 2.195000 0.999962633941 0.999962633941
879 2.197500 0.999962809557 0.999962809557
880 2.200000 0.999962982298 0.999962982298
881 2.202500 0.999963152095 0.999963152095
882 2.205000 0.999963318906 0.999963318906
883 2.207500 0.999963482714 0.999963482714
884 2.210000 0.999963643523 0.999963643523
885 2.212500 0.999963801361 0.999963801361
886 2.215000 0.999963956272 0.999963956272
887 2.217500 0.999964108317 0.999964108317
888 2.220000 0.999964257572 0.999964257572
889 2.222500 0.999964404119 0.999964404119
890 2.225000 0.999964548053 0.999964548053
891 2.227500 0.999964689471 0.999964689471
892 2.230000 0.999964828475 0.999964828475
893 2.232500 0.999964965168 0.999964965168
894 2.235000 0.999965099651 0.999965099651
895 2.237500 0.999965232023 0.999965232023
896 2.240000 0.999965362380 0.999965362380
897 2.242500 0.999965490812 0.999965490812
898 2.245000 0.999965617403 0.999965617403
899 2.247500 0.999965742229 0.999965742229
900 2.250000 0.999965865362 0.999965865362
901 2.252500 0.999965986862 0.999965986862
902 2.255000 0.999966106786 0.999966106786
903 2.257500 0.999966225179 0.999966225179
904 2.260000 0.999966342082 0.999966342082
905 2.262500 0.999966457529 0.999966457529
906 2.265000 0.999966571545 0.999966571545
907 2.267500 0.999966684151 0.999966684151
908 2.270000 0.999966795363 0.999966795363
909 2.272500 0.999966905192 0.999966905192
910 2.275000 0.999967013644 0.999967013644
911 2.277500 0.999967120723 0.999967120723
912 2.280000 0.999967226430 0.999967226430
913 2.282500 0.999967330764 0.999967330764
914 2.285000 0.999967433723 0.999967433723
915 2.287500 0.999967535304 0.999967535304
916 2.290000 0.999967635503 0.999967635503
917 2.292500 0.999967734317 0.999967734317
918 2.295000 0.999967831743 0.999967831743
919 2.297500 0.999967927781 0.999967927781
920 2.300000 0.999968022428 0.999968022428
921 2.302500 0.999968115687 0.999968115687
922 2.305000 0.999968207559 0.999968207559
923 2.307500 0.999968298049 0.999968298049
924 2.310000 0.999968387162 0.999968387162
925 2.312500 0.999968474905 0.999968474905
926 2.315000 0.999968561288 0.999968561288
927 2.317500 0.999968646322 0.999968646322
928 2.320000 0.999968730019 0.999968730019
929 2.322500 0.999968812393 0.999968812393
930 2.325000 0.999968893459 0.999968893459
931 2.327500 0.999968973233 0.999968973233
932 2.330000 0.999969051733 0.999969051733
933 2.332500 0.999969128977 0.999969128977
934 2.335000 0.999969204983 0.999969204983
935 2.337500 0.999969279771 0.999969279771
936 2.340000 0.999969353362 0.999969353362
937 2.342500 0.999969425775 0.999969425775
938 2.345000 0.999969497030 0.999969497030
939 2.347500 0.999969567148 0.999969567148
940 2.350000 0.999969636148 0.999969636148
941 2.352500 0.999969704052 0.999969704052
942 2.355000 0.999969770879 0.999969770879
943 2.357500 0.999969836647 0.999969836647
