# l[33]( l_33(t) ) connection: point18-point19
# n t l_33(t)      l_differential_33(t)
0 0.000000 1.000000000000 1.000000000000
1 0.002500 1.000000000000 1.000000000000
2 0.005000 1.000000000000 1.000000000000
3 0.007500 1.000000000000 1.000000000000
4 0.010000 1.000000000000 1.000000000000
5 0.012500 1.000000000000 1.000000000000
6 0.015000 1.000000000000 1.000000000000
7 0.017500 1.000000000000 1.000000000000
8 0.020000 1.000000000000 1.000000000000
9 0.022500 1.000000000000 1.000000000000
10 0.025000 1.000000000000 1.000000000000
11 0.027500 1.000000000000 1.000000000000
12 0.030000 1.000000000000 1.000000000000
13 0.032500 1.000000000000 1.000000000000
14 0.035000 1.000000000000 1.000000000000
15 0.037500 1.000000000000 1.000000000000
16 0.040000 1.000000000000 1.000000000000
17 0.042500 1.000000000000 1.000000000000
18 0.045000 1.000000000000 1.000000000000
19 0.047500 1.000000000000 1.000000000000
20 0.050000 1.000000000000 1.000000000000
21 0.052500 1.000000000000 1.000000000000
22 0.055000 1.000000000000 1.000000000000
23 0.057500 1.000000000000 1.000000000000
24 0.060000 1.000000000000 1.000000000000
25 0.062500 1.000000000000 1.000000000000
26 0.065000 1.000000000000 1.000000000000
27 0.067500 1.000000000000 1.000000000000
28 0.070000 1.000000000000 1.000000000000
29 0.072500 1.000000000000 1.000000000000
30 0.075000 1.000000000000 1.000000000000
31 0.077500 1.000000000000 1.000000000000
32 0.080000 1.000000000000 1.000000000000
33 0.082500 1.000000000000 1.000000000000
34 0.085000 1.000000000000 1.000000000000
35 0.087500 1.000000000000 1.000000000000
36 0.090000 1.000000000000 1.000000000000
37 0.092500 1.000000000000 1.000000000000
38 0.095000 1.000000000000 1.000000000000
39 0.097500 1.000000000000 1.000000000000
40 0.100000 1.000000000000 1.000000000000
41 0.102500 1.000000000000 1.000000000000
42 0.105000 1.000000000000 1.000000000000
43 0.107500 1.000000000000 1.000000000000
44 0.110000 1.000000000000 1.000000000000
45 0.112500 1.000000000000 1.000000000000
46 0.115000 1.000000000000 1.000000000000
47 0.117500 1.000000000000 1.000000000000
48 0.120000 1.000000000000 1.000000000000
49 0.122500 1.000000000000 1.000000000000
50 0.125000 1.000000000000 1.000000000000
51 0.127500 1.000000000000 1.000000000000
52 0.130000 1.000000000000 1.000000000000
53 0.132500 1.000000000000 1.000000000000
54 0.135000 1.000000000000 1.000000000000
55 0.137500 1.000000000000 1.000000000000
56 0.140000 1.000000000000 1.000000000000
57 0.142500 1.000000000000 1.000000000000
58 0.145000 1.000000000000 1.000000000000
59 0.147500 1.000000000000 1.000000000000
60 0.150000 1.000000000000 1.000000000000
61 0.152500 1.000000000000 1.000000000000
62 0.155000 1.000000000000 1.000000000000
63 0.157500 1.000000000000 1.000000000000
64 0.160000 1.000000000000 1.000000000000
65 0.162500 1.000000000000 1.000000000000
66 0.165000 1.000000000000 1.000000000000
67 0.167500 1.000000000000 1.000000000000
68 0.170000 1.000000000000 1.000000000000
69 0.172500 1.000000000000 1.000000000000
70 0.175000 1.000000000000 1.000000000000
71 0.177500 1.000000000000 1.000000000000
72 0.180000 1.000000000000 1.000000000000
73 0.182500 1.000000000000 1.000000000000
74 0.185000 1.000000000000 1.000000000000
75 0.187500 1.000000000000 1.000000000000
76 0.190000 1.000000000000 1.000000000000
77 0.192500 1.000000000000 1.000000000000
78 0.195000 1.000000000000 1.000000000000
79 0.197500 1.000000000000 1.000000000000
80 0.200000 1.000000000000 1.000000000000
81 0.202500 1.000000000000 1.000000000000
82 0.205000 1.000000000000 1.000000000000
83 0.207500 1.000000000000 1.000000000000
84 0.210000 1.000000000000 1.000000000000
85 0.212500 1.000000000000 1.000000000000
86 0.215000 1.000000000000 1.000000000000
87 0.217500 1.000000000000 1.000000000000
88 0.220000 1.000000000000 1.000000000000
89 0.222500 1.000000000000 1.000000000000
90 0.225000 1.000000000000 1.000000000000
91 0.227500 1.000000000000 1.000000000000
92 0.230000 1.000000000000 1.000000000000
93 0.232500 1.000000000000 1.000000000000
94 0.235000 1.000000000000 1.000000000000
95 0.237500 1.000000000000 1.000000000000
96 0.240000 1.000000000000 1.000000000000
97 0.242500 1.000000000000 1.000000000000
98 0.245000 1.000000000000 1.000000000000
99 0.247500 1.000000000000 1.000000000000
100 0.250000 1.000000000000 1.000000000000
101 0.252500 1.000000000000 1.000000000000
102 0.255000 1.000000000000 1.000000000000
103 0.257500 1.000000000000 1.000000000000
104 0.260000 1.000000000000 1.000000000000
105 0.262500 1.000000000000 1.000000000000
106 0.265000 1.000000000000 1.000000000000
107 0.267500 1.000000000000 1.000000000000
108 0.270000 1.000000000000 1.000000000000
109 0.272500 1.000000000000 1.000000000000
110 0.275000 1.000000000000 1.000000000000
111 0.277500 1.000000000000 1.000000000000
112 0.280000 1.000000000000 1.000000000000
113 0.282500 1.000000000000 1.000000000000
114 0.285000 1.000000000000 1.000000000000
115 0.287500 1.000000000000 1.000000000000
116 0.290000 1.000000000000 1.000000000000
117 0.292500 1.000000000000 1.000000000000
118 0.295000 1.000000000000 1.000000000000
119 0.297500 1.000000000000 1.000000000000
120 0.300000 1.000000000000 1.000000000000
121 0.302500 1.000000000000 1.000000000000
122 0.305000 1.000000000000 1.000000000000
123 0.307500 1.000000000000 1.000000000000
124 0.310000 1.000000000000 1.000000000000
125 0.312500 1.000000000000 1.000000000000
126 0.315000 1.000000000000 1.000000000000
127 0.317500 1.000000000000 1.000000000000
128 0.320000 1.000000000000 1.000000000000
129 0.322500 1.000000000000 1.000000000000
130 0.325000 1.000000000000 1.000000000000
131 0.327500 1.000000000000 1.000000000000
132 0.330000 1.000000000000 1.000000000000
133 0.332500 1.000000000000 1.000000000000
134 0.335000 1.000000000000 1.000000000000
135 0.337500 1.000000000000 1.000000000000
136 0.340000 1.000000000000 1.000000000000
137 0.342500 1.000000000000 1.000000000000
138 0.345000 1.000000000000 1.000000000000
139 0.347500 1.000000000000 1.000000000000
140 0.350000 1.000000000000 1.000000000000
141 0.352500 1.000000000000 1.000000000000
142 0.355000 1.000000000000 1.000000000000
143 0.357500 1.000000000000 1.000000000000
144 0.360000 1.000000000000 1.000000000000
145 0.362500 1.000000000000 1.000000000000
146 0.365000 1.000000000000 1.000000000000
147 0.367500 1.000000000000 1.000000000000
148 0.370000 1.000000000000 1.000000000000
149 0.372500 1.000000000000 1.000000000000
150 0.375000 1.000000000000 1.000000000000
151 0.377500 1.000000000000 1.000000000000
152 0.380000 1.000000000000 1.000000000000
153 0.382500 1.000000000000 1.000000000000
154 0.385000 1.000000000000 1.000000000000
155 0.387500 1.000000000000 1.000000000000
156 0.390000 1.000000000000 1.000000000000
157 0.392500 1.000000000000 1.000000000000
158 0.395000 1.000000000000 1.000000000000
159 0.397500 1.000000000000 1.000000000000
160 0.400000 1.000000000000 1.000000000000
161 0.402500 1.000000000000 1.000000000000
162 0.405000 1.000000000000 1.000000000000
163 0.407500 1.000000000000 1.000000000000
164 0.410000 1.000000000000 1.000000000000
165 0.412500 1.000000000000 1.000000000000
166 0.415000 1.000000000000 1.000000000000
167 0.417500 1.000000000000 1.000000000000
168 0.420000 1.000000000000 1.000000000000
169 0.422500 1.000000000000 1.000000000000
170 0.425000 1.000000000000 1.000000000000
171 0.427500 1.000000000000 1.000000000000
172 0.430000 1.000000000000 1.000000000000
173 0.432500 1.000000000000 1.000000000000
174 0.435000 1.000000000000 1.000000000000
175 0.437500 1.000000000000 1.000000000000
176 0.440000 1.000000000000 1.000000000000
177 0.442500 1.000000000000 1.000000000000
178 0.445000 1.000000000000 1.000000000000
179 0.447500 1.000000000000 1.000000000000
180 0.450000 1.000000000000 1.000000000000
181 0.452500 1.000000000000 1.000000000000
182 0.455000 1.000000000000 1.000000000000
183 0.457500 1.000000000000 1.000000000000
184 0.460000 1.000000000000 1.000000000000
185 0.462500 1.000000000000 1.000000000000
186 0.465000 1.000000000000 1.000000000000
187 0.467500 1.000000000000 1.000000000000
188 0.470000 1.000000000000 1.000000000000
189 0.472500 1.000000000000 1.000000000000
190 0.475000 1.000000000000 1.000000000000
191 0.477500 1.000000000000 1.000000000000
192 0.480000 1.000000000000 1.000000000000
193 0.482500 1.000000000000 1.000000000000
194 0.485000 1.000000000000 1.000000000000
195 0.487500 1.000000000000 1.000000000000
196 0.490000 1.000000000000 1.000000000000
197 0.492500 1.000000000000 1.000000000000
198 0.495000 1.000000000000 1.000000000000
199 0.497500 1.000000000000 1.000000000000
200 0.500000 1.000000000000 1.000000000000
201 0.502500 1.000000000000 1.000000000000
202 0.505000 1.000000000000 1.000000000000
203 0.507500 1.000000000000 1.000000000000
204 0.510000 1.000000000000 1.000000000000
205 0.512500 1.000000000000 1.000000000000
206 0.515000 1.000000000000 1.000000000000
207 0.517500 1.000000000000 1.000000000000
208 0.520000 1.000000000000 1.000000000000
209 0.522500 1.000000000000 1.000000000000
210 0.525000 1.000000000000 1.000000000000
211 0.527500 1.000000000000 1.000000000000
212 0.530000 1.000000000000 1.000000000000
213 0.532500 1.000000000000 1.000000000000
214 0.535000 1.000000000000 1.000000000000
215 0.537500 1.000000000000 1.000000000000
216 0.540000 1.000000000000 1.000000000000
217 0.542500 1.000000000000 1.000000000000
218 0.545000 1.000000000000 1.000000000000
219 0.547500 1.000000000000 1.000000000000
220 0.550000 1.000000000000 1.000000000000
221 0.552500 1.000000000000 1.000000000000
222 0.555000 1.000000000000 1.000000000000
223 0.557500 1.000000000000 1.000000000000
224 0.560000 1.000000000000 1.000000000000
225 0.562500 1.000000000000 1.000000000000
226 0.565000 1.000000000000 1.000000000000
227 0.567500 1.000000000000 1.000000000000
228 0.570000 1.000000000000 1.000000000000
229 0.572500 1.000000000000 1.000000000000
230 0.575000 1.000000000000 1.000000000000
231 0.577500 1.000000000000 1.000000000000
232 0.580000 1.000000000000 1.000000000000
233 0.582500 1.000000000000 1.000000000000
234 0.585000 1.000000000000 1.000000000000
235 0.587500 1.000000000000 1.000000000000
236 0.590000 1.000000000000 1.000000000000
237 0.592500 1.000000000000 1.000000000000
238 0.595000 1.000000000000 1.000000000000
239 0.597500 1.000000000000 1.000000000000
240 0.600000 1.000000000000 1.000000000000
241 0.602500 1.000000000000 1.000000000000
242 0.605000 1.000000000000 1.000000000000
243 0.607500 1.000000000000 1.000000000000
244 0.610000 1.000000000000 1.000000000000
245 0.612500 1.000000000000 1.000000000000
246 0.615000 1.000000000000 1.000000000000
247 0.617500 1.000000000000 1.000000000000
248 0.620000 1.000000000000 1.000000000000
249 0.622500 1.000000000000 1.000000000000
250 0.625000 1.000000000000 1.000000000000
251 0.627500 1.000000000000 1.000000000000
252 0.630000 1.000000000000 1.000000000000
253 0.632500 1.000000000000 1.000000000000
254 0.635000 1.000000000000 1.000000000000
255 0.637500 1.000000000000 1.000000000000
256 0.640000 1.000000000000 1.000000000000
257 0.642500 1.000000000000 1.000000000000
258 0.645000 1.000000000000 1.000000000000
259 0.647500 1.000000000000 1.000000000000
260 0.650000 1.000000000000 1.000000000000
261 0.652500 1.000000000000 1.000000000000
262 0.655000 1.000000000000 1.000000000000
263 0.657500 1.000000000000 1.000000000000
264 0.660000 1.000000000000 1.000000000000
265 0.662500 1.000000000000 1.000000000000
266 0.665000 1.000000000000 1.000000000000
267 0.667500 1.000000000000 1.000000000000
268 0.670000 1.000000000000 1.000000000000
269 0.672500 1.000000000000 1.000000000000
270 0.675000 1.000000000000 1.000000000000
271 0.677500 1.000000000000 1.000000000000
272 0.680000 1.000000000000 1.000000000000
273 0.682500 1.000000000000 1.000000000000
274 0.685000 1.000000000000 1.000000000000
275 0.687500 1.000000000000 1.000000000000
276 0.690000 1.000000000000 1.000000000000
277 0.692500 1.000000000000 1.000000000000
278 0.695000 1.000000000000 1.000000000000
279 0.697500 1.000000000000 1.000000000000
280 0.700000 1.000000000000 1.000000000000
281 0.702500 1.000000000000 1.000000000000
282 0.705000 1.000000000000 1.000000000000
283 0.707500 1.000000000000 1.000000000000
284 0.710000 1.000000000000 1.000000000000
285 0.712500 1.000000000000 1.000000000000
286 0.715000 1.000000000000 1.000000000000
287 0.717500 1.000000000000 1.000000000000
288 0.720000 1.000000000000 1.000000000000
289 0.722500 1.000000000000 1.000000000000
290 0.725000 1.000000000000 1.000000000000
291 0.727500 1.000000000000 1.000000000000
292 0.730000 1.000000000000 1.000000000000
293 0.732500 1.000000000000 1.000000000000
294 0.735000 1.000000000000 1.000000000000
295 0.737500 1.000000000000 1.000000000000
296 0.740000 1.000000000000 1.000000000000
297 0.742500 1.000000000000 1.000000000000
298 0.745000 1.000000000000 1.000000000000
299 0.747500 1.000000000000 1.000000000000
300 0.750000 1.000000000000 1.000000000000
301 0.752500 1.000000000000 1.000000000000
302 0.755000 1.000000000000 1.000000000000
303 0.757500 1.000000000000 1.000000000000
304 0.760000 1.000000000000 1.000000000000
305 0.762500 1.000000000000 1.000000000000
306 0.765000 1.000000000000 1.000000000000
307 0.767500 1.000000000000 1.000000000000
308 0.770000 1.000000000000 1.000000000000
309 0.772500 1.000000000000 1.000000000000
310 0.775000 1.000000000000 1.000000000000
311 0.777500 1.000000000000 1.000000000000
312 0.780000 1.000000000000 1.000000000000
313 0.782500 1.000000000000 1.000000000000
314 0.785000 1.000000000000 1.000000000000
315 0.787500 1.000000000000 1.000000000000
316 0.790000 1.000000000000 1.000000000000
317 0.792500 1.000000000000 1.000000000000
318 0.795000 1.000000000000 1.000000000000
319 0.797500 1.000000000000 1.000000000000
320 0.800000 1.000000000000 1.000000000000
321 0.802500 1.000000000000 1.000000000000
322 0.805000 1.000000000000 1.000000000000
323 0.807500 1.000000000000 1.000000000000
324 0.810000 1.000000000000 1.000000000000
325 0.812500 1.000000000000 1.000000000000
326 0.815000 1.000000000000 1.000000000000
327 0.817500 1.000000000000 1.000000000000
328 0.820000 1.000000000000 1.000000000000
329 0.822500 1.000000000000 1.000000000000
330 0.825000 1.000000000000 1.000000000000
331 0.827500 1.000000000000 1.000000000000
332 0.830000 1.000000000000 1.000000000000
333 0.832500 1.000000000000 1.000000000000
334 0.835000 1.000000000000 1.000000000000
335 0.837500 1.000000000000 1.000000000000
336 0.840000 1.000000000000 1.000000000000
337 0.842500 1.000000000000 1.000000000000
338 0.845000 1.000000000000 1.000000000000
339 0.847500 1.000000000000 1.000000000000
340 0.850000 1.000000000000 1.000000000000
341 0.852500 1.000000000000 1.000000000000
342 0.855000 1.000000000000 1.000000000000
343 0.857500 1.000000000000 1.000000000000
344 0.860000 1.000000000000 1.000000000000
345 0.862500 1.000000000000 1.000000000000
346 0.865000 1.000000000000 1.000000000000
347 0.867500 1.000000000000 1.000000000000
348 0.870000 1.000000000000 1.000000000000
349 0.872500 1.000000000000 1.000000000000
350 0.875000 1.000000000000 1.000000000000
351 0.877500 1.000000000000 1.000000000000
352 0.880000 1.000000000000 1.000000000000
353 0.882500 1.000000000000 1.000000000000
354 0.885000 1.000000000000 1.000000000000
355 0.887500 1.000000000000 1.000000000000
356 0.890000 1.000000000000 1.000000000000
357 0.892500 1.000000000000 1.000000000000
358 0.895000 1.000000000000 1.000000000000
359 0.897500 1.000000000000 1.000000000000
360 0.900000 1.000000000000 1.000000000000
361 0.902500 1.000000000000 1.000000000000
362 0.905000 1.000000000000 1.000000000000
363 0.907500 1.000000000000 1.000000000000
364 0.910000 1.000000000000 1.000000000000
365 0.912500 1.000000000000 1.000000000000
366 0.915000 1.000000000000 1.000000000000
367 0.917500 1.000000000000 1.000000000000
368 0.920000 1.000000000000 1.000000000000
369 0.922500 1.000000000000 1.000000000000
370 0.925000 1.000000000000 1.000000000000
371 0.927500 1.000000000000 1.000000000000
372 0.930000 1.000000000000 1.000000000000
373 0.932500 1.000000000000 1.000000000000
374 0.935000 1.000000000000 1.000000000000
375 0.937500 1.000000000000 1.000000000000
376 0.940000 1.000000000000 1.000000000000
377 0.942500 1.000000000000 1.000000000000
378 0.945000 1.000000000000 1.000000000000
379 0.947500 1.000000000000 1.000000000000
380 0.950000 1.000000000000 1.000000000000
381 0.952500 1.000000000000 1.000000000000
382 0.955000 1.000000000000 1.000000000000
383 0.957500 1.000000000000 1.000000000000
384 0.960000 1.000000000000 1.000000000000
385 0.962500 1.000000000000 1.000000000000
386 0.965000 1.000000000000 1.000000000000
387 0.967500 1.000000000000 1.000000000000
388 0.970000 1.000000000000 1.000000000000
389 0.972500 1.000000000000 1.000000000000
390 0.975000 1.000000000000 1.000000000000
391 0.977500 1.000000000000 1.000000000000
392 0.980000 1.000000000000 1.000000000000
393 0.982500 1.000000000000 1.000000000000
394 0.985000 1.000000000000 1.000000000000
395 0.987500 1.000000000000 1.000000000000
396 0.990000 1.000000000000 1.000000000000
397 0.992500 1.000000000000 1.000000000000
398 0.995000 1.000000000000 1.000000000000
399 0.997500 1.000000000000 1.000000000000
400 1.000000 1.000000000000 1.000000000000
401 1.002500 1.000000000000 1.000000000000
402 1.005000 1.000000000000 1.000000000000
403 1.007500 1.000000000000 1.000000000000
404 1.010000 1.000000000000 1.000000000000
405 1.012500 1.000000000000 1.000000000000
406 1.015000 1.000000000000 1.000000000000
407 1.017500 1.000000000000 1.000000000000
408 1.020000 1.000000000000 1.000000000000
409 1.022500 1.000000000000 1.000000000000
410 1.025000 1.000000000000 1.000000000000
411 1.027500 1.000000000000 1.000000000000
412 1.030000 1.000000000000 1.000000000000
413 1.032500 1.000000000000 1.000000000000
414 1.035000 1.000000000000 1.000000000000
415 1.037500 1.000000000000 1.000000000000
416 1.040000 1.000000000000 1.000000000000
417 1.042500 1.000000000000 1.000000000000
418 1.045000 1.000000000000 1.000000000000
419 1.047500 1.000000000000 1.000000000000
420 1.050000 1.000000000000 1.000000000000
421 1.052500 1.000000000000 1.000000000000
422 1.055000 1.000000000000 1.000000000000
423 1.057500 1.000000000000 1.000000000000
424 1.060000 1.000000000000 1.000000000000
425 1.062500 1.000000000000 1.000000000000
426 1.065000 1.000000000000 1.000000000000
427 1.067500 1.000000000000 1.000000000000
428 1.070000 1.000000000000 1.000000000000
429 1.072500 1.000000000000 1.000000000000
430 1.075000 1.000000000000 1.000000000000
431 1.077500 1.000000000000 1.000000000000
432 1.080000 1.000000000000 1.000000000000
433 1.082500 1.000000000000 1.000000000000
434 1.085000 1.000000000001 1.000000000001
435 1.087500 1.000000000001 1.000000000001
436 1.090000 1.000000000001 1.000000000001
437 1.092500 1.000000000001 1.000000000001
438 1.095000 1.000000000002 1.000000000002
439 1.097500 1.000000000002 1.000000000002
440 1.100000 1.000000000003 1.000000000003
441 1.102500 1.000000000004 1.000000000004
442 1.105000 1.000000000005 1.000000000005
443 1.107500 1.000000000006 1.000000000006
444 1.110000 1.000000000007 1.000000000007
445 1.112500 1.000000000008 1.000000000008
446 1.115000 1.000000000010 1.000000000010
447 1.117500 1.000000000012 1.000000000012
448 1.120000 1.000000000014 1.000000000014
449 1.122500 1.000000000017 1.000000000017
450 1.125000 1.000000000019 1.000000000019
451 1.127500 1.000000000022 1.000000000022
452 1.130000 1.000000000026 1.000000000026
453 1.132500 1.000000000029 1.000000000029
454 1.135000 1.000000000033 1.000000000033
455 1.137500 1.000000000037 1.000000000037
456 1.140000 1.000000000042 1.000000000042
457 1.142500 1.000000000047 1.000000000047
458 1.145000 1.000000000052 1.000000000052
459 1.147500 1.000000000057 1.000000000057
460 1.150000 1.000000000063 1.000000000063
461 1.152500 1.000000000069 1.000000000069
462 1.155000 1.000000000075 1.000000000075
463 1.157500 1.000000000082 1.000000000082
464 1.160000 1.000000000088 1.000000000088
465 1.162500 1.000000000095 1.000000000095
466 1.165000 1.000000000102 1.000000000102
467 1.167500 1.000000000109 1.000000000109
468 1.170000 1.000000000117 1.000000000117
469 1.172500 1.000000000124 1.000000000124
470 1.175000 1.000000000132 1.000000000132
471 1.177500 1.000000000140 1.000000000140
472 1.180000 1.000000000148 1.000000000148
473 1.182500 1.000000000155 1.000000000155
474 1.185000 1.000000000163 1.000000000163
475 1.187500 1.000000000171 1.000000000171
476 1.190000 1.000000000179 1.000000000179
477 1.192500 1.000000000187 1.000000000187
478 1.195000 1.000000000196 1.000000000196
479 1.197500 1.000000000204 1.000000000204
480 1.200000 1.000000000212 1.000000000212
481 1.202500 1.000000000220 1.000000000220
482 1.205000 1.000000000228 1.000000000228
483 1.207500 1.000000000236 1.000000000236
484 1.210000 1.000000000244 1.000000000244
485 1.212500 1.000000000252 1.000000000252
486 1.215000 1.000000000261 1.000000000261
487 1.217500 1.000000000269 1.000000000269
488 1.220000 1.000000000277 1.000000000277
489 1.222500 1.000000000285 1.000000000285
490 1.225000 1.000000000294 1.000000000294
491 1.227500 1.000000000302 1.000000000302
492 1.230000 1.000000000310 1.000000000310
493 1.232500 1.000000000319 1.000000000319
494 1.235000 1.000000000327 1.000000000327
495 1.237500 1.000000000336 1.000000000336
496 1.240000 1.000000000345 1.000000000345
497 1.242500 1.000000000353 1.000000000353
498 1.245000 1.000000000362 1.000000000362
499 1.247500 1.000000000371 1.000000000371
500 1.250000 1.000000000380 1.000000000380
501 1.252500 1.000000000389 1.000000000389
502 1.255000 1.000000000398 1.000000000398
503 1.257500 1.000000000407 1.000000000407
504 1.260000 1.000000000416 1.000000000416
505 1.262500 1.000000000426 1.000000000426
506 1.265000 1.000000000435 1.000000000435
507 1.267500 1.000000000445 1.000000000445
508 1.270000 1.000000000454 1.000000000454
509 1.272500 1.000000000464 1.000000000464
510 1.275000 1.000000000474 1.000000000474
511 1.277500 1.000000000483 1.000000000483
512 1.280000 1.000000000493 1.000000000493
513 1.282500 1.000000000503 1.000000000503
514 1.285000 1.000000000513 1.000000000513
515 1.287500 1.000000000523 1.000000000523
516 1.290000 1.000000000533 1.000000000533
517 1.292500 1.000000000544 1.000000000544
518 1.295000 1.000000000554 1.000000000554
519 1.297500 1.000000000564 1.000000000564
520 1.300000 1.000000000575 1.000000000575
521 1.302500 1.000000000585 1.000000000585
522 1.305000 1.000000000596 1.000000000596
523 1.307500 1.000000000606 1.000000000606
524 1.310000 1.000000000617 1.000000000617
525 1.312500 1.000000000628 1.000000000628
526 1.315000 1.000000000638 1.000000000638
527 1.317500 1.000000000649 1.000000000649
528 1.320000 1.000000000660 1.000000000660
529 1.322500 1.000000000671 1.000000000671
530 1.325000 1.000000000682 1.000000000682
531 1.327500 1.000000000693 1.000000000693
532 1.330000 1.000000000704 1.000000000704
533 1.332500 1.000000000715 1.000000000715
534 1.335000 1.000000000726 1.000000000726
535 1.337500 1.000000000737 1.000000000737
536 1.340000 1.000000000748 1.000000000748
537 1.342500 1.000000000760 1.000000000760
538 1.345000 1.000000000771 1.000000000771
539 1.347500 1.000000000782 1.000000000782
540 1.350000 1.000000000794 1.000000000794
541 1.352500 1.000000000805 1.000000000805
542 1.355000 1.000000000817 1.000000000817
543 1.357500 1.000000000828 1.000000000828
544 1.360000 1.000000000840 1.000000000840
545 1.362500 1.000000000852 1.000000000852
546 1.365000 1.000000000863 1.000000000863
547 1.367500 1.000000000875 1.000000000875
548 1.370000 1.000000000887 1.000000000887
549 1.372500 1.000000000898 1.000000000898
550 1.375000 1.000000000910 1.000000000910
551 1.377500 1.000000000922 1.000000000922
552 1.380000 1.000000000934 1.000000000934
553 1.382500 1.000000000946 1.000000000946
554 1.385000 1.000000000958 1.000000000958
555 1.387500 1.000000000970 1.000000000970
556 1.390000 1.000000000982 1.000000000982
557 1.392500 1.000000000994 1.000000000994
558 1.395000 1.000000001006 1.000000001006
559 1.397500 1.000000001018 1.000000001018
560 1.400000 1.000000001030 1.000000001030
561 1.402500 1.000000001042 1.000000001042
562 1.405000 1.000000001054 1.000000001054
563 1.407500 1.000000001067 1.000000001067
564 1.410000 1.000000001079 1.000000001079
565 1.412500 1.000000001091 1.000000001091
566 1.415000 1.000000001103 1.000000001103
567 1.417500 1.000000001116 1.000000001116
568 1.420000 1.000000001128 1.000000001128
569 1.422500 1.000000001140 1.000000001140
570 1.425000 1.000000001153 1.000000001153
571 1.427500 1.000000001165 1.000000001165
572 1.430000 1.000000001177 1.000000001177
573 1.432500 1.000000001190 1.000000001190
574 1.435000 1.000000001202 1.000000001202
575 1.437500 1.000000001215 1.000000001215
576 1.440000 1.000000001227 1.000000001227
577 1.442500 1.000000001240 1.000000001240
578 1.445000 1.000000001253 1.000000001253
579 1.447500 1.000000001265 1.000000001265
580 1.450000 1.000000001278 1.000000001278
581 1.452500 1.000000001290 1.000000001290
582 1.455000 1.000000001303 1.000000001303
583 1.457500 1.000000001316 1.000000001316
584 1.460000 1.000000001328 1.000000001328
585 1.462500 1.000000001341 1.000000001341
586 1.465000 1.000000001354 1.000000001354
587 1.467500 1.000000001367 1.000000001367
588 1.470000 1.000000001379 1.000000001379
589 1.472500 1.000000001392 1.000000001392
590 1.475000 1.000000001405 1.000000001405
591 1.477500 1.000000001418 1.000000001418
592 1.480000 1.000000001431 1.000000001431
593 1.482500 1.000000001443 1.000000001443
594 1.485000 1.000000001456 1.000000001456
595 1.487500 1.000000001469 1.000000001469
596 1.490000 1.000000001482 1.000000001482
597 1.492500 1.000000001495 1.000000001495
598 1.495000 1.000000001508 1.000000001508
599 1.497500 1.000000001521 1.000000001521
600 1.500000 1.000000001534 1.000000001534
601 1.502500 1.000000001547 1.000000001547
602 1.505000 1.000000001560 1.000000001560
603 1.507500 1.000000001573 1.000000001573
604 1.510000 1.000000001586 1.000000001586
605 1.512500 1.000000001599 1.000000001599
606 1.515000 1.000000001612 1.000000001612
607 1.517500 1.000000001625 1.000000001625
608 1.520000 1.000000001638 1.000000001638
609 1.522500 1.000000001651 1.000000001651
610 1.525000 1.000000001664 1.000000001664
611 1.527500 1.000000001677 1.000000001677
612 1.530000 1.000000001691 1.000000001691
613 1.532500 1.000000001704 1.000000001704
614 1.535000 1.000000001717 1.000000001717
615 1.537500 1.000000001730 1.000000001730
616 1.540000 1.000000001743 1.000000001743
617 1.542500 1.000000001756 1.000000001756
618 1.545000 1.000000001770 1.000000001770
619 1.547500 1.000000001783 1.000000001783
620 1.550000 1.000000001796 1.000000001796
621 1.552500 1.000000001809 1.000000001809
622 1.555000 1.000000001822 1.000000001822
623 1.557500 1.000000001836 1.000000001836
624 1.560000 1.000000001849 1.000000001849
625 1.562500 1.000000001862 1.000000001862
626 1.565000 1.000000001875 1.000000001875
627 1.567500 1.000000001889 1.000000001889
628 1.570000 1.000000001902 1.000000001902
629 1.572500 1.000000001915 1.000000001915
630 1.575000 1.000000001929 1.000000001929
631 1.577500 1.000000001942 1.000000001942
632 1.580000 1.000000001955 1.000000001955
633 1.582500 1.000000001969 1.000000001969
634 1.585000 1.000000001982 1.000000001982
635 1.587500 1.000000001995 1.000000001995
636 1.590000 1.000000002009 1.000000002009
637 1.592500 1.000000002022 1.000000002022
638 1.595000 1.000000002035 1.000000002035
639 1.597500 1.000000002049 1.000000002049
640 1.600000 1.000000002062 1.000000002062
641 1.602500 1.000000002076 1.000000002076
642 1.605000 1.000000002089 1.000000002089
643 1.607500 1.000000002102 1.000000002102
644 1.610000 1.000000002116 1.000000002116
645 1.612500 1.000000002129 1.000000002129
646 1.615000 1.000000002143 1.000000002143
647 1.617500 1.000000002156 1.000000002156
648 1.620000 1.000000002169 1.000000002169
649 1.622500 1.000000002183 1.000000002183
650 1.625000 1.000000002196 1.000000002196
651 1.627500 1.000000002210 1.000000002210
652 1.630000 1.000000002223 1.000000002223
653 1.632500 1.000000002237 1.000000002237
654 1.635000 1.000000002250 1.000000002250
655 1.637500 1.000000002264 1.000000002264
656 1.640000 1.000000002277 1.000000002277
657 1.642500 1.000000002291 1.000000002291
658 1.645000 1.000000002304 1.000000002304
659 1.647500 1.000000002318 1.000000002318
660 1.650000 1.000000002331 1.000000002331
661 1.652500 1.000000002345 1.000000002345
662 1.655000 1.000000002358 1.000000002358
663 1.657500 1.000000002372 1.000000002372
664 1.660000 1.000000002385 1.000000002385
665 1.662500 1.000000002399 1.000000002399
666 1.665000 1.000000002412 1.000000002412
667 1.667500 1.000000002426 1.000000002426
668 1.670000 1.000000002439 1.000000002439
669 1.672500 1.000000002453 1.000000002453
670 1.675000 1.000000002466 1.000000002466
671 1.677500 1.000000002480 1.000000002480
672 1.680000 1.000000002493 1.000000002493
673 1.682500 1.000000002507 1.000000002507
674 1.685000 1.000000002521 1.000000002521
675 1.687500 1.000000002534 1.000000002534
676 1.690000 1.000000002548 1.000000002548
677 1.692500 1.000000002561 1.000000002561
678 1.695000 1.000000002575 1.000000002575
679 1.697500 1.000000002588 1.000000002588
680 1.700000 1.000000002602 1.000000002602
681 1.702500 1.000000002616 1.000000002616
682 1.705000 1.000000002629 1.000000002629
683 1.707500 1.000000002643 1.000000002643
684 1.710000 1.000000002656 1.000000002656
685 1.712500 1.000000002670 1.000000002670
686 1.715000 1.000000002683 1.000000002683
687 1.717500 1.000000002697 1.000000002697
688 1.720000 1.000000002711 1.000000002711
689 1.722500 1.000000002724 1.000000002724
690 1.725000 1.000000002738 1.000000002738
691 1.727500 1.000000002751 1.000000002751
692 1.730000 1.000000002765 1.000000002765
693 1.732500 1.000000002779 1.000000002779
694 1.735000 1.000000002792 1.000000002792
695 1.737500 1.000000002806 1.000000002806
696 1.740000 1.000000002820 1.000000002820
697 1.742500 1.000000002833 1.000000002833
698 1.745000 1.000000002847 1.000000002847
699 1.747500 1.000000002860 1.000000002860
700 1.750000 1.000000002874 1.000000002874
701 1.752500 1.000000002888 1.000000002888
702 1.755000 1.000000002901 1.000000002901
703 1.757500 1.000000002915 1.000000002915
704 1.760000 1.000000002928 1.000000002928
705 1.762500 1.000000002942 1.000000002942
706 1.765000 1.000000002956 1.000000002956
707 1.767500 1.000000002969 1.000000002969
708 1.770000 1.000000002983 1.000000002983
709 1.772500 1.000000002997 1.000000002997
710 1.775000 1.000000003010 1.000000003010
711 1.777500 1.000000003024 1.000000003024
712 1.780000 1.000000003038 1.000000003038
713 1.782500 1.000000003051 1.000000003051
714 1.785000 1.000000003065 1.000000003065
715 1.787500 1.000000003078 1.000000003078
716 1.790000 1.000000003092 1.000000003092
717 1.792500 1.000000003106 1.000000003106
718 1.795000 1.000000003119 1.000000003119
719 1.797500 1.000000003133 1.000000003133
720 1.800000 1.000000003147 1.000000003147
721 1.802500 1.000000003160 1.000000003160
722 1.805000 1.000000003174 1.000000003174
723 1.807500 1.000000003188 1.000000003188
724 1.810000 1.000000003201 1.000000003201
725 1.812500 1.000000003215 1.000000003215
726 1.815000 1.000000003229 1.000000003229
727 1.817500 1.000000003242 1.000000003242
728 1.820000 1.000000003256 1.000000003256
729 1.822500 1.000000003270 1.000000003270
730 1.825000 1.000000003283 1.000000003283
731 1.827500 1.000000003297 1.000000003297
732 1.830000 1.000000003311 1.000000003311
733 1.832500 1.000000003324 1.000000003324
734 1.835000 1.000000003338 1.000000003338
735 1.837500 1.000000003352 1.000000003352
736 1.840000 1.000000003365 1.000000003365
737 1.842500 1.000000003379 1.000000003379
738 1.845000 1.000000003393 1.000000003393
739 1.847500 1.000000003406 1.000000003406
740 1.850000 1.000000003420 1.000000003420
741 1.852500 1.000000003433 1.000000003433
742 1.855000 1.000000003447 1.000000003447
743 1.857500 1.000000003461 1.000000003461
744 1.860000 1.000000003474 1.000000003474
745 1.862500 1.000000003488 1.000000003488
746 1.865000 1.000000003502 1.000000003502
747 1.867500 1.000000003515 1.000000003515
748 1.870000 1.000000003529 1.000000003529
749 1.872500 1.000000003543 1.000000003543
750 1.875000 1.000000003556 1.000000003556
751 1.877500 1.000000003570 1.000000003570
752 1.880000 1.000000003584 1.000000003584
753 1.882500 1.000000003597 1.000000003597
754 1.885000 1.000000003611 1.000000003611
755 1.887500 1.000000003625 1.000000003625
756 1.890000 1.000000003638 1.000000003638
757 1.892500 1.000000003652 1.000000003652
758 1.895000 1.000000003666 1.000000003666
759 1.897500 1.000000003679 1.000000003679
760 1.900000 1.000000003693 1.000000003693
761 1.902500 1.000000003707 1.000000003707
762 1.905000 1.000000003720 1.000000003720
763 1.907500 1.000000003734 1.000000003734
764 1.910000 1.000000003748 1.000000003748
765 1.912500 1.000000003761 1.000000003761
766 1.915000 1.000000003775 1.000000003775
767 1.917500 1.000000003789 1.000000003789
768 1.920000 1.000000003803 1.000000003803
769 1.922500 1.000000003816 1.000000003816
770 1.925000 1.000000003830 1.000000003830
771 1.927500 1.000000003844 1.000000003844
772 1.930000 1.000000003857 1.000000003857
773 1.932500 1.000000003871 1.000000003871
774 1.935000 1.000000003885 1.000000003885
775 1.937500 1.000000003898 1.000000003898
776 1.940000 1.000000003912 1.000000003912
777 1.942500 1.000000003926 1.000000003926
778 1.945000 1.000000003939 1.000000003939
779 1.947500 1.000000003953 1.000000003953
780 1.950000 1.000000003967 1.000000003967
781 1.952500 1.000000003980 1.000000003980
782 1.955000 1.000000003994 1.000000003994
783 1.957500 1.000000004008 1.000000004008
784 1.960000 1.000000004021 1.000000004021
785 1.962500 1.000000004035 1.000000004035
786 1.965000 1.000000004049 1.000000004049
787 1.967500 1.000000004062 1.000000004062
788 1.970000 1.000000004076 1.000000004076
789 1.972500 1.000000004090 1.000000004090
790 1.975000 1.000000004103 1.000000004103
791 1.977500 1.000000004117 1.000000004117
792 1.980000 1.000000004131 1.000000004131
793 1.982500 1.000000004144 1.000000004144
794 1.985000 1.000000004158 1.000000004158
795 1.987500 1.000000004172 1.000000004172
796 1.990000 1.000000004185 1.000000004185
797 1.992500 1.000000004199 1.000000004199
798 1.995000 1.000000004213 1.000000004213
799 1.997500 1.000000004226 1.000000004226
800 2.000000 1.000000004240 1.000000004240
801 2.002500 1.000000004254 1.000000004254
802 2.005000 1.000000004267 1.000000004267
803 2.007500 1.000000004281 1.000000004281
804 2.010000 1.000000004295 1.000000004295
805 2.012500 1.000000004308 1.000000004308
806 2.015000 1.000000004322 1.000000004322
807 2.017500 1.000000004336 1.000000004336
808 2.020000 1.000000004349 1.000000004349
809 2.022500 1.000000004363 1.000000004363
810 2.025000 1.000000004376 1.000000004376
811 2.027500 1.000000004390 1.000000004390
812 2.030000 1.000000004404 1.000000004404
813 2.032500 1.000000004417 1.000000004417
814 2.035000 1.000000004430 1.000000004430
815 2.037500 1.000000004443 1.000000004443
816 2.040000 1.000000004456 1.000000004456
817 2.042500 1.000000004469 1.000000004469
818 2.045000 1.000000004481 1.000000004481
819 2.047500 1.000000004492 1.000000004492
820 2.050000 1.000000004503 1.000000004503
821 2.052500 1.000000004513 1.000000004513
822 2.055000 1.000000004522 1.000000004522
823 2.057500 1.000000004530 1.000000004530
824 2.060000 1.000000004537 1.000000004537
825 2.062500 1.000000004542 1.000000004542
826 2.065000 1.000000004546 1.000000004546
827 2.067500 1.000000004548 1.000000004548
828 2.070000 1.000000004548 1.000000004548
829 2.072500 1.000000004546 1.000000004546
830 2.075000 1.000000004541 1.000000004541
831 2.077500 1.000000004535 1.000000004535
832 2.080000 1.000000004525 1.000000004525
833 2.082500 1.000000004513 1.000000004513
834 2.085000 1.000000004498 1.000000004498
835 2.087500 1.000000004480 1.000000004480
836 2.090000 1.000000004459 1.000000004459
837 2.092500 1.000000004435 1.000000004435
838 2.095000 1.000000004409 1.000000004409
839 2.097500 1.000000004379 1.000000004379
840 2.100000 1.000000004347 1.000000004347
841 2.102500 1.000000004312 1.000000004312
842 2.105000 1.000000004274 1.000000004274
843 2.107500 1.000000004234 1.000000004234
844 2.110000 1.000000004191 1.000000004191
845 2.112500 1.000000004147 1.000000004147
846 2.115000 1.000000004101 1.000000004101
847 2.117500 1.000000004053 1.000000004053
848 2.120000 1.000000004004 1.000000004004
849 2.122500 1.000000003953 1.000000003953
850 2.125000 1.000000003902 1.000000003902
851 2.127500 1.000000003851 1.000000003851
852 2.130000 1.000000003799 1.000000003799
853 2.132500 1.000000003747 1.000000003747
854 2.135000 1.000000003696 1.000000003696
855 2.137500 1.000000003645 1.000000003645
856 2.140000 1.000000003595 1.000000003595
857 2.142500 1.000000003546 1.000000003546
858 2.145000 1.000000003498 1.000000003498
859 2.147500 1.000000003451 1.000000003451
860 2.150000 1.000000003406 1.000000003406
861 2.152500 1.000000003363 1.000000003363
862 2.155000 1.000000003322 1.000000003322
863 2.157500 1.000000003283 1.000000003283
864 2.160000 1.000000003245 1.000000003245
865 2.162500 1.000000003210 1.000000003210
866 2.165000 1.000000003177 1.000000003177
867 2.167500 1.000000003146 1.000000003146
868 2.170000 1.000000003118 1.000000003118
869 2.172500 1.000000003091 1.000000003091
870 2.175000 1.000000003066 1.000000003066
871 2.177500 1.000000003044 1.000000003044
872 2.180000 1.000000003023 1.000000003023
873 2.182500 1.000000003004 1.000000003004
874 2.185000 1.000000002987 1.000000002987
875 2.187500 1.000000002972 1.000000002972
876 2.190000 1.000000002958 1.000000002958
877 2.192500 1.000000002946 1.000000002946
878 2.195000 1.000000002935 1.000000002935
879 2.197500 1.000000002925 1.000000002925
880 2.200000 1.000000002916 1.000000002916
881 2.202500 1.000000002908 1.000000002908
882 2.205000 1.000000002901 1.000000002901
883 2.207500 1.000000002894 1.000000002894
884 2.210000 1.000000002889 1.000000002889
885 2.212500 1.000000002883 1.000000002883
886 2.215000 1.000000002879 1.000000002879
887 2.217500 1.000000002874 1.000000002874
888 2.220000 1.000000002870 1.000000002870
889 2.222500 1.000000002866 1.000000002866
890 2.225000 1.000000002862 1.000000002862
891 2.227500 1.000000002858 1.000000002858
892 2.230000 1.000000002855 1.000000002855
893 2.232500 1.000000002851 1.000000002851
894 2.235000 1.000000002847 1.000000002847
895 2.237500 1.000000002843 1.000000002843
896 2.240000 1.000000002839 1.000000002839
897 2.242500 1.000000002835 1.000000002835
898 2.245000 1.000000002831 1.000000002831
899 2.247500 1.000000002827 1.000000002827
900 2.250000 1.000000002822 1.000000002822
901 2.252500 1.000000002818 1.000000002818
902 2.255000 1.000000002813 1.000000002813
903 2.257500 1.000000002808 1.000000002808
904 2.260000 1.000000002803 1.000000002803
905 2.262500 1.000000002798 1.000000002798
906 2.265000 1.000000002793 1.000000002793
907 2.267500 1.000000002788 1.000000002788
908 2.270000 1.000000002782 1.000000002782
909 2.272500 1.000000002777 1.000000002777
910 2.275000 1.000000002771 1.000000002771
911 2.277500 1.000000002766 1.000000002766
912 2.280000 1.000000002760 1.000000002760
913 2.282500 1.000000002755 1.000000002755
914 2.285000 1.000000002749 1.000000002749
915 2.287500 1.000000002744 1.000000002744
916 2.290000 1.000000002738 1.000000002738
917 2.292500 1.000000002732 1.000000002732
918 2.295000 1.000000002727 1.000000002727
919 2.297500 1.000000002721 1.000000002721
920 2.300000 1.000000002716 1.000000002716
921 2.302500 1.000000002710 1.000000002710
922 2.305000 1.000000002705 1.000000002705
923 2.307500 1.000000002700 1.000000002700
924 2.310000 1.000000002694 1.000000002694
925 2.312500 1.000000002689 1.000000002689
926 2.315000 1.000000002684 1.000000002684
927 2.317500 1.000000002679 1.000000002679
928 2.320000 1.000000002673 1.000000002673
929 2.322500 1.000000002668 1.000000002668
930 2.325000 1.000000002663 1.000000002663
931 2.327500 1.000000002658 1.000000002658
932 2.330000 1.000000002653 1.000000002653
933 2.332500 1.000000002649 1.000000002649
934 2.335000 1.000000002644 1.000000002644
935 2.337500 1.000000002639 1.000000002639
936 2.340000 1.000000002635 1.000000002635
937 2.342500 1.000000002630 1.000000002630
938 2.345000 1.000000002625 1.000000002625
939 2.347500 1.000000002621 1.000000002621
940 2.350000 1.000000002617 1.000000002617
941 2.352500 1.000000002612 1.000000002612
942 2.355000 1.000000002608 1.000000002608
943 2.357500 1.000000002604 1.000000002604
