#n  real_time  ms_narma2  ms_narma10  ms_narma20  ms_narma30  narma2  narma10  narma20  narma30
6000  15.000000  nan  nan  nan  nan  0.190261674292  0.161325005737  inf  0.001090807675
6001  15.002500  nan  nan  nan  nan  0.189918036305  0.161262287001  inf  0.001058520791
6002  15.005000  nan  nan  nan  nan  0.189699531869  0.161236601410  inf  0.001052057764
6003  15.007500  nan  nan  nan  nan  0.189569425701  0.161224809140  inf  0.001050763354
6004  15.010000  nan  nan  nan  nan  0.189490930726  0.161218211623  inf  0.001050503435
6005  15.012500  nan  nan  nan  nan  0.189443714977  0.161213538799  inf  0.001050450565
6006  15.015000  nan  nan  nan  nan  0.189415300260  0.161209561160  inf  0.001050439136
6007  15.017500  nan  nan  nan  nan  0.189398203287  0.161205816215  inf  0.001050436001
6008  15.020000  nan  nan  nan  nan  0.189387916253  0.161202129769  inf  0.001050434527
6009  15.022500  nan  nan  nan  nan  0.189381726847  0.178317774242  inf  0.001050433384
6010  15.025000  nan  nan  nan  nan  0.189378002910  0.184982555955  inf  0.001050432308
6011  15.027500  nan  nan  nan  nan  0.189375762372  0.187743787184  inf  0.001050431245
6012  15.030000  nan  nan  nan  nan  0.189374414341  0.189048969288  inf  0.001050430185
6013  15.032500  nan  nan  nan  nan  0.189373603293  0.189813025136  inf  0.001050429125
6014  15.035000  nan  nan  nan  nan  0.189373115324  0.190378788871  inf  0.001050428066
6015  15.037500  nan  nan  nan  nan  0.189372821737  0.190875202790  inf  0.001050427006
6016  15.040000  nan  nan  nan  nan  0.189372645100  0.191351022179  inf  0.001050425947
6017  15.042500  nan  nan  nan  nan  0.189372538826  0.191824847463  inf  0.001050424887
6018  15.045000  nan  nan  nan  nan  0.189372474886  0.192303904239  inf  0.001050423828
6019  15.047500  nan  nan  nan  nan  0.189372436417  0.192791116309  inf  0.001050422768
6020  15.050000  nan  nan  nan  nan  0.189372413271  0.193122756205  inf  0.001050421709
6021  15.052500  nan  nan  nan  nan  0.189372399346  0.193332375319  inf  0.001050420649
6022  15.055000  nan  nan  nan  nan  0.189372390968  0.193469294604  inf  0.001050419590
6023  15.057500  nan  nan  nan  nan  0.189372385927  0.193566239191  inf  0.001050418530
6024  15.060000  nan  nan  nan  nan  0.189372382894  0.193640950448  inf  0.001050417471
6025  15.062500  nan  nan  nan  nan  0.189372381070  0.193702131774  inf  0.001050416411
6026  15.065000  nan  nan  nan  nan  0.189372379972  0.193753757892  inf  0.001050415352
6027  15.067500  nan  nan  nan  nan  0.189372379311  0.193797502290  inf  0.001050414292
6028  15.070000  nan  nan  nan  nan  0.189372378914  0.193833965020  inf  0.001050413233
6029  15.072500  nan  nan  nan  nan  0.189372378675  0.193863257724  inf  0.018169750434
6030  15.075000  nan  nan  nan  nan  0.189372378531  0.193885272060  inf  0.021597022614
6031  15.077500  nan  nan  nan  nan  0.189372378444  0.193901399469  inf  0.022284915937
6032  15.080000  nan  nan  nan  nan  0.189372378392  0.193913316235  inf  0.022424577094
6033  15.082500  nan  nan  nan  nan  0.189372378361  0.193922350736  inf  0.022454476914
6034  15.085000  nan  nan  nan  nan  0.189372378342  0.193929389364  inf  0.022462392684
6035  15.087500  nan  nan  nan  nan  0.189372378331  0.193934979910  inf  0.022465903905
6036  15.090000  nan  nan  nan  nan  0.189372378324  0.193939456808  inf  0.022468532790
6037  15.092500  nan  nan  nan  nan  0.189372378320  0.193943034571  inf  0.022470985351
6038  15.095000  nan  nan  nan  nan  0.189372378317  0.193945865998  inf  0.022473403163
6039  15.097500  nan  nan  nan  nan  0.189372378316  0.193948075080  inf  0.022475814631
6040  15.100000  nan  nan  nan  nan  0.189372378315  0.193949774502  inf  0.022478225453
6041  15.102500  nan  nan  nan  nan  0.189372378315  0.193951074622  inf  0.022480636777
6042  15.105000  nan  nan  nan  nan  0.189372378314  0.193952072453  inf  0.022483048831
6043  15.107500  nan  nan  nan  nan  0.189372378314  0.193952844404  inf  0.022485461663
6044  15.110000  nan  nan  nan  nan  0.189372378314  0.193953446562  inf  0.022487875282
6045  15.112500  nan  nan  nan  nan  0.189372378314  0.193953918901  inf  0.022490289690
6046  15.115000  nan  nan  nan  nan  0.189372378314  0.193954290072  inf  0.022492704889
6047  15.117500  nan  nan  nan  nan  0.189372378314  0.193954581266  inf  0.022495120879
6048  15.120000  nan  nan  nan  nan  0.189372378314  0.193954808840  inf  0.022497537661
6049  15.122500  nan  nan  nan  nan  0.189372378314  0.193954985906  inf  0.022499955234
6050  15.125000  nan  nan  nan  nan  0.189372378314  0.193955123217  inf  0.022502373599
6051  15.127500  nan  nan  nan  nan  0.189372378314  0.193955229596  inf  0.022504792757
6052  15.130000  nan  nan  nan  nan  0.189372378314  0.193955312121  inf  0.022507212708
6053  15.132500  nan  nan  nan  nan  0.189372378314  0.193955376298  inf  0.022509633452
6054  15.135000  nan  nan  nan  nan  0.189372378314  0.193955426329  inf  0.022512054990
6055  15.137500  nan  nan  nan  nan  0.189372378314  0.193955465390  inf  0.022514477323
6056  15.140000  nan  nan  nan  nan  0.189372378314  0.193955495893  inf  0.022516900451
6057  15.142500  nan  nan  nan  nan  0.189372378314  0.193955519696  inf  0.022519324373
6058  15.145000  nan  nan  nan  nan  0.189372378314  0.193955538246  inf  0.022521749092
6059  15.147500  nan  nan  nan  nan  0.189372378314  0.193955552684  inf  0.022524174606
6060  15.150000  nan  nan  nan  nan  0.189372378314  0.193955563912  inf  0.022525058521
6061  15.152500  nan  nan  nan  nan  0.189372378314  0.193955572643  inf  0.022525321302
6062  15.155000  nan  nan  nan  nan  0.189372378314  0.193955579435  inf  0.022525396228
6063  15.157500  nan  nan  nan  nan  0.189372378314  0.193955584724  inf  0.022525420500
6064  15.160000  nan  nan  nan  nan  0.189372378314  0.193955588845  inf  0.022525431812
6065  15.162500  nan  nan  nan  nan  0.189372378314  0.193955592057  inf  0.022525439785
6066  15.165000  nan  nan  nan  nan  0.189372378314  0.193955594561  inf  0.022525446765
6067  15.167500  nan  nan  nan  nan  0.189372378314  0.193955596511  inf  0.022525453308
6068  15.170000  nan  nan  nan  nan  0.189372378314  0.193955598031  inf  0.022525459542
6069  15.172500  nan  nan  nan  nan  0.189372378314  0.193955599214  inf  0.022525465496
6070  15.175000  nan  nan  nan  nan  0.189372378314  0.193955600134  inf  0.022525471176
6071  15.177500  nan  nan  nan  nan  0.189372378314  0.193955600851  inf  0.022525476585
6072  15.180000  nan  nan  nan  nan  0.189372378314  0.193955601409  inf  0.022525481721
6073  15.182500  nan  nan  nan  nan  0.189372378314  0.193955601844  inf  0.022525486586
6074  15.185000  nan  nan  nan  nan  0.189372378314  0.193955602183  inf  0.022525491178
6075  15.187500  nan  nan  nan  nan  0.189372378314  0.193955602446  inf  0.022525495498
6076  15.190000  nan  nan  nan  nan  0.189372378314  0.193955602652  inf  0.022525499546
6077  15.192500  nan  nan  nan  nan  0.189372378314  0.193955602812  inf  0.022525503321
6078  15.195000  nan  nan  nan  nan  0.189372378314  0.193955602936  inf  0.022525506824
6079  15.197500  nan  nan  nan  nan  0.189372378314  0.193955603033  inf  0.022525510054
6080  15.200000  nan  nan  nan  nan  0.189372378314  0.193955603109  inf  0.022525513012
6081  15.202500  nan  nan  nan  nan  0.189372378314  0.193955603168  inf  0.022525515696
6082  15.205000  nan  nan  nan  nan  0.189372378314  0.193955603214  inf  0.022525518107
6083  15.207500  nan  nan  nan  nan  0.189372378314  0.193955603249  inf  0.022525520245
6084  15.210000  nan  nan  nan  nan  0.189372378314  0.193955603277  inf  0.022525522110
6085  15.212500  nan  nan  nan  nan  0.189372378314  0.193955603299  inf  0.022525523702
6086  15.215000  nan  nan  nan  nan  0.189372378314  0.193955603316  inf  0.022525525019
6087  15.217500  nan  nan  nan  nan  0.189372378314  0.193955603329  inf  0.022525526064
6088  15.220000  nan  nan  nan  nan  0.189372378314  0.193955603339  inf  0.022525526834
6089  15.222500  nan  nan  nan  nan  0.189372378314  0.193955603347  inf  0.022525527331
6090  15.225000  nan  nan  nan  nan  0.189372378314  0.193955603353  inf  0.022525527553
6091  15.227500  nan  nan  nan  nan  0.189372378314  0.193955603358  inf  0.022525527641
6092  15.230000  nan  nan  nan  nan  0.189372378314  0.193955603362  inf  0.022525527677
6093  15.232500  nan  nan  nan  nan  0.189372378314  0.193955603365  inf  0.022525527696
6094  15.235000  nan  nan  nan  nan  0.189372378314  0.193955603367  inf  0.022525527710
6095  15.237500  nan  nan  nan  nan  0.189372378314  0.193955603369  inf  0.022525527721
6096  15.240000  nan  nan  nan  nan  0.189372378314  0.193955603370  inf  0.022525527731
6097  15.242500  nan  nan  nan  nan  0.189372378314  0.193955603371  inf  0.022525527741
6098  15.245000  nan  nan  nan  nan  0.189372378314  0.193955603372  inf  0.022525527749
6099  15.247500  nan  nan  nan  nan  0.189372378314  0.193955603373  inf  0.022525527757
6100  15.250000  nan  nan  nan  nan  0.190104826618  0.172775659271  inf  0.001345583662
6101  15.252500  nan  nan  nan  nan  0.190453288131  0.164184722681  inf  -0.002947769849
6102  15.255000  nan  nan  nan  nan  0.190674867205  0.160539013148  inf  -0.003817381663
6103  15.257500  nan  nan  nan  nan  0.190806925277  0.158832801667  inf  -0.003993090116
6104  15.260000  nan  nan  nan  nan  0.190886720391  0.157883738366  inf  -0.004028231890
6105  15.262500  nan  nan  nan  nan  0.190934807659  0.157227893448  inf  -0.004034913388
6106  15.265000  nan  nan  nan  nan  0.190963806986  0.156683907781  inf  -0.004035835703
6107  15.267500  nan  nan  nan  nan  0.190981294122  0.156181193946  inf  -0.004035593307
6108  15.270000  nan  nan  nan  nan  0.190991839870  0.155692415281  inf  -0.004035115587
6109  15.272500  nan  nan  nan  nan  0.190998199671  0.160477716132  inf  -0.004034590445
6110  15.275000  nan  nan  nan  nan  0.191002035121  0.162035632423  inf  -0.004034055848
6111  15.277500  nan  nan  nan  nan  0.191004348210  0.162540664578  inf  -0.004033519466
6112  15.280000  nan  nan  nan  nan  0.191005743199  0.162718956376  inf  -0.004032982847
6113  15.282500  nan  nan  nan  nan  0.191006584499  0.162804337035  inf  -0.004032446302
6114  15.285000  nan  nan  nan  nan  0.191007091876  0.162869069328  inf  -0.004031909895
6115  15.287500  nan  nan  nan  nan  0.191007397869  0.162934246788  inf  -0.004031373639
6116  15.290000  nan  nan  nan  nan  0.191007582411  0.163005499739  inf  -0.004030837535
6117  15.292500  nan  nan  nan  nan  0.191007693705  0.163084116165  inf  -0.004030301584
6118  15.295000  nan  nan  nan  nan  0.191007760826  0.163170322516  inf  -0.004029765787
6119  15.297500  nan  nan  nan  nan  0.191007801306  0.163264167843  inf  -0.004029230143
6120  15.300000  nan  nan  nan  nan  0.191007825719  0.163322695765  inf  -0.004028694652
6121  15.302500  nan  nan  nan  nan  0.191007840442  0.163355529897  inf  -0.004028159314
6122  15.305000  nan  nan  nan  nan  0.191007849321  0.163374711287  inf  -0.004027624130
6123  15.307500  nan  nan  nan  nan  0.191007854676  0.163387386183  inf  -0.004027089098
6124  15.310000  nan  nan  nan  nan  0.191007857906  0.163396985550  inf  -0.004026554219
6125  15.312500  nan  nan  nan  nan  0.191007859854  0.163404961554  inf  -0.004026019493
6126  15.315000  nan  nan  nan  nan  0.191007861028  0.163411851171  inf  -0.004025484920
6127  15.317500  nan  nan  nan  nan  0.191007861737  0.163417800645  inf  -0.004024950500
6128  15.320000  nan  nan  nan  nan  0.191007862164  0.163422797812  inf  -0.004024416232
6129  15.322500  nan  nan  nan  nan  0.191007862422  0.163426768118  inf  0.001246784018
6130  15.325000  nan  nan  nan  nan  0.191007862577  0.163429612198  inf  0.002299069933
6131  15.327500  nan  nan  nan  nan  0.191007862671  0.163431571438  inf  0.002509077401
6132  15.330000  nan  nan  nan  nan  0.191007862727  0.163432940662  inf  0.002551042961
6133  15.332500  nan  nan  nan  nan  0.191007862761  0.163433939132  inf  0.002559483849
6134  15.335000  nan  nan  nan  nan  0.191007862782  0.163434700672  inf  0.002561235866
6135  15.337500  nan  nan  nan  nan  0.191007862794  0.163435299558  inf  0.002561653150
6136  15.340000  nan  nan  nan  nan  0.191007862802  0.163435776076  inf  0.002561804060
6137  15.342500  nan  nan  nan  nan  0.191007862806  0.163436153478  inf  0.002561901804
6138  15.345000  nan  nan  nan  nan  0.191007862809  0.163436447514  inf  0.002561988934
6139  15.347500  nan  nan  nan  nan  0.191007862811  0.163436671295  inf  0.002562073945
6140  15.350000  nan  nan  nan  nan  0.191007862812  0.163436837644  inf  0.002562158532
6141  15.352500  nan  nan  nan  nan  0.191007862812  0.163436960187  inf  0.002562243035
6142  15.355000  nan  nan  nan  nan  0.191007862813  0.163437051000  inf  0.002562327520
6143  15.357500  nan  nan  nan  nan  0.191007862813  0.163437119254  inf  0.002562412003
6144  15.360000  nan  nan  nan  nan  0.191007862813  0.163437171295  inf  0.002562496484
6145  15.362500  nan  nan  nan  nan  0.191007862813  0.163437211349  inf  0.002562580965
6146  15.365000  nan  nan  nan  nan  0.191007862813  0.163437242262  inf  0.002562665445
6147  15.367500  nan  nan  nan  nan  0.191007862813  0.163437266043  inf  0.002562749925
6148  15.370000  nan  nan  nan  nan  0.191007862813  0.163437284213  inf  0.002562834406
6149  15.372500  nan  nan  nan  nan  0.191007862813  0.163437297986  inf  0.002562918886
6150  15.375000  nan  nan  nan  nan  0.191007862813  0.163437308364  inf  0.002563003365
6151  15.377500  nan  nan  nan  nan  0.191007862813  0.163437316173  inf  0.002563087845
6152  15.380000  nan  nan  nan  nan  0.191007862813  0.163437322063  inf  0.002563172324
6153  15.382500  nan  nan  nan  nan  0.191007862813  0.163437326526  inf  0.002563256803
6154  15.385000  nan  nan  nan  nan  0.191007862813  0.163437329923  inf  0.002563341282
6155  15.387500  nan  nan  nan  nan  0.191007862813  0.163437332517  inf  0.002563425761
6156  15.390000  nan  nan  nan  nan  0.191007862813  0.163437334497  inf  0.002563510239
6157  15.392500  nan  nan  nan  nan  0.191007862813  0.163437336006  inf  0.002563594717
6158  15.395000  nan  nan  nan  nan  0.191007862813  0.163437337154  inf  0.002563679195
6159  15.397500  nan  nan  nan  nan  0.191007862813  0.163437338025  inf  0.002563763673
6160  15.400000  nan  nan  nan  nan  0.191007862813  0.163437338684  inf  0.002563794100
6161  15.402500  nan  nan  nan  nan  0.191007862813  0.163437339184  inf  0.002563802909
6162  15.405000  nan  nan  nan  nan  0.191007862813  0.163437339563  inf  0.002563805235
6163  15.407500  nan  nan  nan  nan  0.191007862813  0.163437339850  inf  0.002563805832
6164  15.410000  nan  nan  nan  nan  0.191007862813  0.163437340069  inf  0.002563805996
6165  15.412500  nan  nan  nan  nan  0.191007862813  0.163437340235  inf  0.002563806055
6166  15.415000  nan  nan  nan  nan  0.191007862813  0.163437340362  inf  0.002563806089
6167  15.417500  nan  nan  nan  nan  0.191007862813  0.163437340458  inf  0.002563806116
6168  15.420000  nan  nan  nan  nan  0.191007862813  0.163437340531  inf  0.002563806141
6169  15.422500  nan  nan  nan  nan  0.191007862813  0.163437340587  inf  0.002563806165
6170  15.425000  nan  nan  nan  nan  0.191007862813  0.163437340629  inf  0.002563806187
6171  15.427500  nan  nan  nan  nan  0.191007862813  0.163437340661  inf  0.002563806209
6172  15.430000  nan  nan  nan  nan  0.191007862813  0.163437340685  inf  0.002563806229
6173  15.432500  nan  nan  nan  nan  0.191007862813  0.163437340704  inf  0.002563806248
6174  15.435000  nan  nan  nan  nan  0.191007862813  0.163437340718  inf  0.002563806267
6175  15.437500  nan  nan  nan  nan  0.191007862813  0.163437340728  inf  0.002563806284
6176  15.440000  nan  nan  nan  nan  0.191007862813  0.163437340736  inf  0.002563806300
6177  15.442500  nan  nan  nan  nan  0.191007862813  0.163437340743  inf  0.002563806315
6178  15.445000  nan  nan  nan  nan  0.191007862813  0.163437340747  inf  0.002563806328
6179  15.447500  nan  nan  nan  nan  0.191007862813  0.163437340751  inf  0.002563806341
6180  15.450000  nan  nan  nan  nan  0.191007862813  0.163437340753  inf  0.002563806353
6181  15.452500  nan  nan  nan  nan  0.191007862813  0.163437340756  inf  0.002563806363
6182  15.455000  nan  nan  nan  nan  0.191007862813  0.163437340757  inf  0.002563806373
6183  15.457500  nan  nan  nan  nan  0.191007862813  0.163437340758  inf  0.002563806381
6184  15.460000  nan  nan  nan  nan  0.191007862813  0.163437340759  inf  0.002563806389
6185  15.462500  nan  nan  nan  nan  0.191007862813  0.163437340760  inf  0.002563806395
6186  15.465000  nan  nan  nan  nan  0.191007862813  0.163437340760  inf  0.002563806400
6187  15.467500  nan  nan  nan  nan  0.191007862813  0.163437340761  inf  0.002563806404
6188  15.470000  nan  nan  nan  nan  0.191007862813  0.163437340761  inf  0.002563806407
6189  15.472500  nan  nan  nan  nan  0.191007862813  0.163437340761  inf  0.002563806409
6190  15.475000  nan  nan  nan  nan  0.191007862813  0.163437340761  inf  0.002563806410
6191  15.477500  nan  nan  nan  nan  0.191007862813  0.163437340762  inf  0.002563806410
6192  15.480000  nan  nan  nan  nan  0.191007862813  0.163437340762  inf  0.002563806410
6193  15.482500  nan  nan  nan  nan  0.191007862813  0.163437340762  inf  0.002563806410
6194  15.485000  nan  nan  nan  nan  0.191007862813  0.163437340762  inf  0.002563806410
6195  15.487500  nan  nan  nan  nan  0.191007862813  0.163437340762  inf  0.002563806410
6196  15.490000  nan  nan  nan  nan  0.191007862813  0.163437340762  inf  0.002563806410
6197  15.492500  nan  nan  nan  nan  0.191007862813  0.163437340762  inf  0.002563806410
6198  15.495000  nan  nan  nan  nan  0.191007862813  0.163437340762  inf  0.002563806410
6199  15.497500  nan  nan  nan  nan  0.191007862813  0.163437340762  inf  0.002563806410
6200  15.500000  nan  nan  nan  nan  0.190942379151  0.160604339687  inf  -0.000269194665
6201  15.502500  nan  nan  nan  nan  0.190911182528  0.159500180670  inf  -0.000836663421
6202  15.505000  nan  nan  nan  nan  0.190891319734  0.159047460075  inf  -0.000950313948
6203  15.507500  nan  nan  nan  nan  0.190879475490  0.158839891452  inf  -0.000973062826
6204  15.510000  nan  nan  nan  nan  0.190872316754  0.158724261540  inf  -0.000977604947
6205  15.512500  nan  nan  nan  nan  0.190868002347  0.158642810545  inf  -0.000978500679
6206  15.515000  nan  nan  nan  nan  0.190865400623  0.158573771659  inf  -0.000978666176
6207  15.517500  nan  nan  nan  nan  0.190863831906  0.158508943716  inf  -0.000978685446
6208  15.520000  nan  nan  nan  nan  0.190862886022  0.158445235588  inf  -0.000978675436
6209  15.522500  nan  nan  nan  nan  0.190862315689  0.163190322706  inf  -0.000978659564
6210  15.525000  nan  nan  nan  nan  0.190861971801  0.164990093663  inf  -0.000978642519
6211  15.527500  nan  nan  nan  nan  0.190861764449  0.165709653942  inf  -0.000978625240
6212  15.530000  nan  nan  nan  nan  0.190861639424  0.166034480032  inf  -0.000978607915
6213  15.532500  nan  nan  nan  nan  0.190861564039  0.166215994145  inf  -0.000978590581
6214  15.535000  nan  nan  nan  nan  0.190861518585  0.166346376637  inf  -0.000978573246
6215  15.537500  nan  nan  nan  nan  0.190861491178  0.166459441641  inf  -0.000978555911
6216  15.540000  nan  nan  nan  nan  0.190861474652  0.166567614647  inf  -0.000978538576
6217  15.542500  nan  nan  nan  nan  0.190861464688  0.166675482617  inf  -0.000978521243
6218  15.545000  nan  nan  nan  nan  0.190861458680  0.166784759584  inf  -0.000978503910
6219  15.547500  nan  nan  nan  nan  0.190861455057  0.166896106767  inf  -0.000978486578
6220  15.550000  nan  nan  nan  nan  0.190861452873  0.166969671074  inf  -0.000978469246
6221  15.552500  nan  nan  nan  nan  0.190861451556  0.167014382530  inf  -0.000978451915
6222  15.555000  nan  nan  nan  nan  0.190861450762  0.167042412857  inf  -0.000978434585
6223  15.557500  nan  nan  nan  nan  0.190861450283  0.167061575208  inf  -0.000978417256
6224  15.560000  nan  nan  nan  nan  0.190861449994  0.167075984274  inf  -0.000978399927
6225  15.562500  nan  nan  nan  nan  0.190861449820  0.167087603574  inf  -0.000978382599
6226  15.565000  nan  nan  nan  nan  0.190861449715  0.167097306635  inf  -0.000978365272
6227  15.567500  nan  nan  nan  nan  0.190861449652  0.167105452865  inf  -0.000978347945
6228  15.570000  nan  nan  nan  nan  0.190861449614  0.167112169342  inf  -0.000978330619
6229  15.572500  nan  nan  nan  nan  0.190861449591  0.167117480864  inf  0.003830529498
6230  15.575000  nan  nan  nan  nan  0.190861449577  0.167121367730  inf  0.004791841440
6231  15.577500  nan  nan  nan  nan  0.190861449569  0.167124126064  inf  0.004984109854
6232  15.580000  nan  nan  nan  nan  0.190861449564  0.167126101040  inf  0.005022665277
6233  15.582500  nan  nan  nan  nan  0.190861449561  0.167127557860  inf  0.005030494392
6234  15.585000  nan  nan  nan  nan  0.190861449559  0.167128668002  inf  0.005032180806
6235  15.587500  nan  nan  nan  nan  0.190861449558  0.167129534050  inf  0.005032639052
6236  15.590000  nan  nan  nan  nan  0.190861449557  0.167130216620  inf  0.005032851719
6237  15.592500  nan  nan  nan  nan  0.190861449557  0.167130753439  inf  0.005033015282
6238  15.595000  nan  nan  nan  nan  0.190861449556  0.167131170767  inf  0.005033169034
6239  15.597500  nan  nan  nan  nan  0.190861449556  0.167131489625  inf  0.005033320833
6240  15.600000  nan  nan  nan  nan  0.190861449556  0.167131728993  inf  0.005033472251
6241  15.602500  nan  nan  nan  nan  0.190861449556  0.167131907390  inf  0.005033623604
6242  15.605000  nan  nan  nan  nan  0.190861449556  0.167132040842  inf  0.005033774953
6243  15.607500  nan  nan  nan  nan  0.190861449556  0.167132141667  inf  0.005033926311
6244  15.610000  nan  nan  nan  nan  0.190861449556  0.167132218644  inf  0.005034077681
6245  15.612500  nan  nan  nan  nan  0.190861449556  0.167132277842  inf  0.005034229064
6246  15.615000  nan  nan  nan  nan  0.190861449556  0.167132323477  inf  0.005034380459
6247  15.617500  nan  nan  nan  nan  0.190861449556  0.167132358587  inf  0.005034531866
6248  15.620000  nan  nan  nan  nan  0.190861449556  0.167132385467  inf  0.005034683286
6249  15.622500  nan  nan  nan  nan  0.190861449556  0.167132405929  inf  0.005034834719
6250  15.625000  nan  nan  nan  nan  0.190861449556  0.167132421434  inf  0.005034986164
6251  15.627500  nan  nan  nan  nan  0.190861449556  0.167132433168  inf  0.005035137621
6252  15.630000  nan  nan  nan  nan  0.190861449556  0.167132442062  inf  0.005035289091
6253  15.632500  nan  nan  nan  nan  0.190861449556  0.167132448827  inf  0.005035440574
6254  15.635000  nan  nan  nan  nan  0.190861449556  0.167132453988  inf  0.005035592069
6255  15.637500  nan  nan  nan  nan  0.190861449556  0.167132457935  inf  0.005035743576
6256  15.640000  nan  nan  nan  nan  0.190861449556  0.167132460954  inf  0.005035895096
6257  15.642500  nan  nan  nan  nan  0.190861449556  0.167132463260  inf  0.005036046628
6258  15.645000  nan  nan  nan  nan  0.190861449556  0.167132465020  inf  0.005036198173
6259  15.647500  nan  nan  nan  nan  0.190861449556  0.167132466359  inf  0.005036349731
6260  15.650000  nan  nan  nan  nan  0.190861449556  0.167132467378  inf  0.005036404424
6261  15.652500  nan  nan  nan  nan  0.190861449556  0.167132468153  inf  0.005036420323
6262  15.655000  nan  nan  nan  nan  0.190861449556  0.167132468742  inf  0.005036424566
6263  15.657500  nan  nan  nan  nan  0.190861449556  0.167132469192  inf  0.005036425695
6264  15.660000  nan  nan  nan  nan  0.190861449556  0.167132469534  inf  0.005036426040
6265  15.662500  nan  nan  nan  nan  0.190861449556  0.167132469795  inf  0.005036426195
6266  15.665000  nan  nan  nan  nan  0.190861449556  0.167132469995  inf  0.005036426303
6267  15.667500  nan  nan  nan  nan  0.190861449556  0.167132470147  inf  0.005036426396
6268  15.670000  nan  nan  nan  nan  0.190861449556  0.167132470262  inf  0.005036426484
6269  15.672500  nan  nan  nan  nan  0.190861449556  0.167132470351  inf  0.005036426567
6270  15.675000  nan  nan  nan  nan  0.190861449556  0.167132470418  inf  0.005036426646
6271  15.677500  nan  nan  nan  nan  0.190861449556  0.167132470469  inf  0.005036426722
6272  15.680000  nan  nan  nan  nan  0.190861449556  0.167132470508  inf  0.005036426793
6273  15.682500  nan  nan  nan  nan  0.190861449556  0.167132470538  inf  0.005036426861
6274  15.685000  nan  nan  nan  nan  0.190861449556  0.167132470560  inf  0.005036426925
6275  15.687500  nan  nan  nan  nan  0.190861449556  0.167132470578  inf  0.005036426985
6276  15.690000  nan  nan  nan  nan  0.190861449556  0.167132470591  inf  0.005036427041
6277  15.692500  nan  nan  nan  nan  0.190861449556  0.167132470601  inf  0.005036427094
6278  15.695000  nan  nan  nan  nan  0.190861449556  0.167132470608  inf  0.005036427143
6279  15.697500  nan  nan  nan  nan  0.190861449556  0.167132470614  inf  0.005036427188
6280  15.700000  nan  nan  nan  nan  0.190861449556  0.167132470619  inf  0.005036427229
6281  15.702500  nan  nan  nan  nan  0.190861449556  0.167132470622  inf  0.005036427266
6282  15.705000  nan  nan  nan  nan  0.190861449556  0.167132470625  inf  0.005036427299
6283  15.707500  nan  nan  nan  nan  0.190861449556  0.167132470627  inf  0.005036427329
6284  15.710000  nan  nan  nan  nan  0.190861449556  0.167132470628  inf  0.005036427355
6285  15.712500  nan  nan  nan  nan  0.190861449556  0.167132470629  inf  0.005036427377
6286  15.715000  nan  nan  nan  nan  0.190861449556  0.167132470630  inf  0.005036427395
6287  15.717500  nan  nan  nan  nan  0.190861449556  0.167132470631  inf  0.005036427409
6288  15.720000  nan  nan  nan  nan  0.190861449556  0.167132470631  inf  0.005036427420
6289  15.722500  nan  nan  nan  nan  0.190861449556  0.167132470632  inf  0.005036427427
6290  15.725000  nan  nan  nan  nan  0.190861449556  0.167132470632  inf  0.005036427430
6291  15.727500  nan  nan  nan  nan  0.190861449556  0.167132470632  inf  0.005036427431
6292  15.730000  nan  nan  nan  nan  0.190861449556  0.167132470632  inf  0.005036427431
6293  15.732500  nan  nan  nan  nan  0.190861449556  0.167132470633  inf  0.005036427431
6294  15.735000  nan  nan  nan  nan  0.190861449556  0.167132470633  inf  0.005036427431
6295  15.737500  nan  nan  nan  nan  0.190861449556  0.167132470633  inf  0.005036427431
6296  15.740000  nan  nan  nan  nan  0.190861449556  0.167132470633  inf  0.005036427431
6297  15.742500  nan  nan  nan  nan  0.190861449556  0.167132470633  inf  0.005036427431
6298  15.745000  nan  nan  nan  nan  0.190861449556  0.167132470633  inf  0.005036427431
6299  15.747500  nan  nan  nan  nan  0.190861449556  0.167132470633  inf  0.005036427431
6300  15.750000  nan  nan  nan  nan  0.190915733646  0.164455298013  inf  0.002359254811
6301  15.752500  nan  nan  nan  nan  0.190941591579  0.163406411228  inf  0.001822177016
6302  15.755000  nan  nan  nan  nan  0.190958054901  0.162973790976  inf  0.001714419187
6303  15.757500  nan  nan  nan  nan  0.190967872585  0.162774103173  inf  0.001692782253
6304  15.760000  nan  nan  nan  nan  0.190973807086  0.162662143661  inf  0.001688419947
6305  15.762500  nan  nan  nan  nan  0.190977384151  0.162582925647  inf  0.001687522457
6306  15.765000  nan  nan  nan  nan  0.190979541561  0.162515633180  inf  0.001687319868
6307  15.767500  nan  nan  nan  nan  0.190980842588  0.162452387198  inf  0.001687256639
6308  15.770000  nan  nan  nan  nan  0.190981627194  0.162390203944  inf  0.001687221358
6309  15.772500  nan  nan  nan  nan  0.190982100363  0.162019258541  inf  0.001687191680
6310  15.775000  nan  nan  nan  nan  0.190982385716  0.161836258880  inf  0.001687163127
6311  15.777500  nan  nan  nan  nan  0.190982557802  0.161745267911  inf  0.001687134800
6312  15.780000  nan  nan  nan  nan  0.190982661582  0.161697140711  inf  0.001687106518
6313  15.782500  nan  nan  nan  nan  0.190982724168  0.161668473203  inf  0.001687078247
6314  15.785000  nan  nan  nan  nan  0.190982761912  0.161648609772  inf  0.001687049978
6315  15.787500  nan  nan  nan  nan  0.190982784674  0.161632848429  inf  0.001687021710
6316  15.790000  nan  nan  nan  nan  0.190982798401  0.161619164734  inf  0.001686993443
6317  15.792500  nan  nan  nan  nan  0.190982806679  0.161606707192  inf  0.001686965176
6318  15.795000  nan  nan  nan  nan  0.190982811671  0.161595128295  inf  0.001686936911
6319  15.797500  nan  nan  nan  nan  0.190982814682  0.161584293954  inf  0.001686908646
6320  15.800000  nan  nan  nan  nan  0.190982816498  0.161576653485  inf  0.001686880381
6321  15.802500  nan  nan  nan  nan  0.190982817593  0.161571646444  inf  0.001686852118
6322  15.805000  nan  nan  nan  nan  0.190982818253  0.161568337054  inf  0.001686823855
6323  15.807500  nan  nan  nan  nan  0.190982818651  0.161566036275  inf  0.001686795593
6324  15.810000  nan  nan  nan  nan  0.190982818892  0.161564332614  inf  0.001686767331
6325  15.812500  nan  nan  nan  nan  0.190982819036  0.161563003053  inf  0.001686739070
6326  15.815000  nan  nan  nan  nan  0.190982819124  0.161561932543  inf  0.001686710810
6327  15.817500  nan  nan  nan  nan  0.190982819176  0.161561062575  inf  0.001686682551
6328  15.820000  nan  nan  nan  nan  0.190982819208  0.161560362582  inf  0.001686654292
6329  15.822500  nan  nan  nan  nan  0.190982819227  0.161559815197  inf  0.001377933571
6330  15.825000  nan  nan  nan  nan  0.190982819239  0.161559409022  inf  0.001316101589
6331  15.827500  nan  nan  nan  nan  0.190982819246  0.161559115058  inf  0.001303717052
6332  15.830000  nan  nan  nan  nan  0.190982819250  0.161558901893  inf  0.001301234959
6333  15.832500  nan  nan  nan  nan  0.190982819253  0.161558744508  inf  0.001300735897
6334  15.835000  nan  nan  nan  nan  0.190982819254  0.161558625676  inf  0.001300633947
6335  15.837500  nan  nan  nan  nan  0.190982819255  0.161558534327  inf  0.001300611520
6336  15.840000  nan  nan  nan  nan  0.190982819256  0.161558463445  inf  0.001300605017
6337  15.842500  nan  nan  nan  nan  0.190982819256  0.161558408431  inf  0.001300601703
6338  15.845000  nan  nan  nan  nan  0.190982819256  0.161558366043  inf  0.001300599029
6339  15.847500  nan  nan  nan  nan  0.190982819256  0.161558333775  inf  0.001300596482
6340  15.850000  nan  nan  nan  nan  0.190982819256  0.161558309521  inf  0.001300593961
6341  15.852500  nan  nan  nan  nan  0.190982819256  0.161558291404  inf  0.001300591445
6342  15.855000  nan  nan  nan  nan  0.190982819256  0.161558277852  inf  0.001300588930
6343  15.857500  nan  nan  nan  nan  0.190982819256  0.161558267651  inf  0.001300586416
6344  15.860000  nan  nan  nan  nan  0.190982819256  0.161558259914  inf  0.001300583902
6345  15.862500  nan  nan  nan  nan  0.190982819256  0.161558254014  inf  0.001300581388
6346  15.865000  nan  nan  nan  nan  0.190982819256  0.161558249503  inf  0.001300578875
6347  15.867500  nan  nan  nan  nan  0.190982819256  0.161558246057  inf  0.001300576361
6348  15.870000  nan  nan  nan  nan  0.190982819256  0.161558243433  inf  0.001300573848
6349  15.872500  nan  nan  nan  nan  0.190982819256  0.161558241443  inf  0.001300571335
6350  15.875000  nan  nan  nan  nan  0.190982819256  0.161558239940  inf  0.001300568822
6351  15.877500  nan  nan  nan  nan  0.190982819256  0.161558238806  inf  0.001300566310
6352  15.880000  nan  nan  nan  nan  0.190982819256  0.161558237949  inf  0.001300563797
6353  15.882500  nan  nan  nan  nan  0.190982819256  0.161558237300  inf  0.001300561285
6354  15.885000  nan  nan  nan  nan  0.190982819256  0.161558236808  inf  0.001300558773
6355  15.887500  nan  nan  nan  nan  0.190982819256  0.161558236434  inf  0.001300556261
6356  15.890000  nan  nan  nan  nan  0.190982819256  0.161558236149  inf  0.001300553749
6357  15.892500  nan  nan  nan  nan  0.190982819256  0.161558235933  inf  0.001300551237
6358  15.895000  nan  nan  nan  nan  0.190982819256  0.161558235769  inf  0.001300548726
6359  15.897500  nan  nan  nan  nan  0.190982819256  0.161558235645  inf  0.001300546214
6360  15.900000  nan  nan  nan  nan  0.190982819256  0.161558235550  inf  0.001300545309
6361  15.902500  nan  nan  nan  nan  0.190982819256  0.161558235479  inf  0.001300545047
6362  15.905000  nan  nan  nan  nan  0.190982819256  0.161558235425  inf  0.001300544978
6363  15.907500  nan  nan  nan  nan  0.190982819256  0.161558235384  inf  0.001300544961
6364  15.910000  nan  nan  nan  nan  0.190982819256  0.161558235353  inf  0.001300544956
6365  15.912500  nan  nan  nan  nan  0.190982819256  0.161558235329  inf  0.001300544955
6366  15.915000  nan  nan  nan  nan  0.190982819256  0.161558235312  inf  0.001300544954
6367  15.917500  nan  nan  nan  nan  0.190982819256  0.161558235298  inf  0.001300544954
6368  15.920000  nan  nan  nan  nan  0.190982819256  0.161558235288  inf  0.001300544953
6369  15.922500  nan  nan  nan  nan  0.190982819256  0.161558235280  inf  0.001300544953
6370  15.925000  nan  nan  nan  nan  0.190982819256  0.161558235274  inf  0.001300544953
6371  15.927500  nan  nan  nan  nan  0.190982819256  0.161558235269  inf  0.001300544952
6372  15.930000  nan  nan  nan  nan  0.190982819256  0.161558235266  inf  0.001300544952
6373  15.932500  nan  nan  nan  nan  0.190982819256  0.161558235264  inf  0.001300544952
6374  15.935000  nan  nan  nan  nan  0.190982819256  0.161558235262  inf  0.001300544951
6375  15.937500  nan  nan  nan  nan  0.190982819256  0.161558235260  inf  0.001300544951
6376  15.940000  nan  nan  nan  nan  0.190982819256  0.161558235259  inf  0.001300544951
6377  15.942500  nan  nan  nan  nan  0.190982819256  0.161558235258  inf  0.001300544951
6378  15.945000  nan  nan  nan  nan  0.190982819256  0.161558235257  inf  0.001300544951
6379  15.947500  nan  nan  nan  nan  0.190982819256  0.161558235257  inf  0.001300544950
6380  15.950000  nan  nan  nan  nan  0.190982819256  0.161558235257  inf  0.001300544950
6381  15.952500  nan  nan  nan  nan  0.190982819256  0.161558235256  inf  0.001300544950
6382  15.955000  nan  nan  nan  nan  0.190982819256  0.161558235256  inf  0.001300544950
6383  15.957500  nan  nan  nan  nan  0.190982819256  0.161558235256  inf  0.001300544950
6384  15.960000  nan  nan  nan  nan  0.190982819256  0.161558235256  inf  0.001300544950
6385  15.962500  nan  nan  nan  nan  0.190982819256  0.161558235256  inf  0.001300544950
6386  15.965000  nan  nan  nan  nan  0.190982819256  0.161558235256  inf  0.001300544949
6387  15.967500  nan  nan  nan  nan  0.190982819256  0.161558235256  inf  0.001300544949
6388  15.970000  nan  nan  nan  nan  0.190982819256  0.161558235256  inf  0.001300544949
6389  15.972500  nan  nan  nan  nan  0.190982819256  0.161558235255  inf  0.001300544949
6390  15.975000  nan  nan  nan  nan  0.190982819256  0.161558235255  inf  0.001300544949
6391  15.977500  nan  nan  nan  nan  0.190982819256  0.161558235255  inf  0.001300544949
6392  15.980000  nan  nan  nan  nan  0.190982819256  0.161558235255  inf  0.001300544949
6393  15.982500  nan  nan  nan  nan  0.190982819256  0.161558235255  inf  0.001300544949
6394  15.985000  nan  nan  nan  nan  0.190982819256  0.161558235255  inf  0.001300544949
6395  15.987500  nan  nan  nan  nan  0.190982819256  0.161558235255  inf  0.001300544949
6396  15.990000  nan  nan  nan  nan  0.190982819256  0.161558235255  inf  0.001300544949
6397  15.992500  nan  nan  nan  nan  0.190982819256  0.161558235255  inf  0.001300544949
6398  15.995000  nan  nan  nan  nan  0.190982819256  0.161558235255  inf  0.001300544949
6399  15.997500  nan  nan  nan  nan  0.190982819256  0.161558235255  inf  0.001300544949
6400  16.000000  nan  nan  nan  nan  0.190960456490  0.161777818778  inf  0.001520128472
6401  16.002500  nan  nan  nan  nan  0.190949803021  0.161863207785  inf  0.001564080781
6402  16.005000  nan  nan  nan  nan  0.190943019716  0.161898191265  inf  0.001572879789
6403  16.007500  nan  nan  nan  nan  0.190938974574  0.161914265074  inf  0.001574642695
6404  16.010000  nan  nan  nan  nan  0.190936529471  0.161923268655  inf  0.001574997283
6405  16.012500  nan  nan  nan  nan  0.190935055733  0.161929652950  inf  0.001575069986
6406  16.015000  nan  nan  nan  nan  0.190934166938  0.161935091640  inf  0.001575086268
6407  16.017500  nan  nan  nan  nan  0.190933630984  0.161940214425  inf  0.001575091257
6408  16.020000  nan  nan  nan  nan  0.190933307789  0.161945258562  inf  0.001575093985
6409  16.022500  nan  nan  nan  nan  0.190933112895  0.163368339774  inf  0.001575096261
6410  16.025000  nan  nan  nan  nan  0.190932995369  0.163925225852  inf  0.001575098446
6411  16.027500  nan  nan  nan  nan  0.190932924499  0.164155013948  inf  0.001575100614
6412  16.030000  nan  nan  nan  nan  0.190932881762  0.164261404150  inf  0.001575102777
6413  16.032500  nan  nan  nan  nan  0.190932855990  0.164321374299  inf  0.001575104940
6414  16.035000  nan  nan  nan  nan  0.190932840450  0.164364021783  inf  0.001575107103
6415  16.037500  nan  nan  nan  nan  0.190932831078  0.164400349769  inf  0.001575109266
6416  16.040000  nan  nan  nan  nan  0.190932825427  0.164434521964  inf  0.001575111428
6417  16.042500  nan  nan  nan  nan  0.190932822019  0.164468116175  inf  0.001575113591
6418  16.045000  nan  nan  nan  nan  0.190932819964  0.164501732281  inf  0.001575115754
6419  16.047500  nan  nan  nan  nan  0.190932818725  0.164535600252  inf  0.001575117917
6420  16.050000  nan  nan  nan  nan  0.190932817978  0.164558144338  inf  0.001575120080
6421  16.052500  nan  nan  nan  nan  0.190932817527  0.164571967569  inf  0.001575122243
6422  16.055000  nan  nan  nan  nan  0.190932817256  0.164580681752  inf  0.001575124406
6423  16.057500  nan  nan  nan  nan  0.190932817092  0.164586639841  inf  0.001575126569
6424  16.060000  nan  nan  nan  nan  0.190932816993  0.164591100200  inf  0.001575128732
6425  16.062500  nan  nan  nan  nan  0.190932816933  0.164594673927  inf  0.001575130895
6426  16.065000  nan  nan  nan  nan  0.190932816897  0.164597639261  inf  0.001575133058
6427  16.067500  nan  nan  nan  nan  0.190932816876  0.164600115259  inf  0.001575135221
6428  16.070000  nan  nan  nan  nan  0.190932816863  0.164602148135  inf  0.001575137384
6429  16.072500  nan  nan  nan  nan  0.190932816855  0.164603751708  inf  0.002993165543
6430  16.075000  nan  nan  nan  nan  0.190932816850  0.164604925639  inf  0.003277057519
6431  16.077500  nan  nan  nan  nan  0.190932816847  0.164605759448  inf  0.003333914136
6432  16.080000  nan  nan  nan  nan  0.190932816845  0.164606356327  inf  0.003345320514
6433  16.082500  nan  nan  nan  nan  0.190932816844  0.164606795823  inf  0.003347627886
6434  16.085000  nan  nan  nan  nan  0.190932816844  0.164607129732  inf  0.003348113599
6435  16.087500  nan  nan  nan  nan  0.190932816843  0.164607389315  inf  0.003348234596
6436  16.090000  nan  nan  nan  nan  0.190932816843  0.164607593206  inf  0.003348282571
6437  16.092500  nan  nan  nan  nan  0.190932816843  0.164607753079  inf  0.003348315926
6438  16.095000  nan  nan  nan  nan  0.190932816843  0.164607877061  inf  0.003348346354
6439  16.097500  nan  nan  nan  nan  0.190932816843  0.164607971611  inf  0.003348376198
6440  16.100000  nan  nan  nan  nan  0.190932816843  0.164608042489  inf  0.003348405924
6441  16.102500  nan  nan  nan  nan  0.190932816843  0.164608095239  inf  0.003348435629
6442  16.105000  nan  nan  nan  nan  0.190932816843  0.164608134630  inf  0.003348465329
6443  16.107500  nan  nan  nan  nan  0.190932816843  0.164608164326  inf  0.003348495030
6444  16.110000  nan  nan  nan  nan  0.190932816843  0.164608186942  inf  0.003348524731
6445  16.112500  nan  nan  nan  nan  0.190932816843  0.164608204289  inf  0.003348554433
6446  16.115000  nan  nan  nan  nan  0.190932816843  0.164608217629  inf  0.003348584137
6447  16.117500  nan  nan  nan  nan  0.190932816843  0.164608227868  inf  0.003348613841
6448  16.120000  nan  nan  nan  nan  0.190932816843  0.164608235690  inf  0.003348643546
6449  16.122500  nan  nan  nan  nan  0.190932816843  0.164608241632  inf  0.003348673253
6450  16.125000  nan  nan  nan  nan  0.190932816843  0.164608246126  inf  0.003348702960
6451  16.127500  nan  nan  nan  nan  0.190932816843  0.164608249520  inf  0.003348732668
6452  16.130000  nan  nan  nan  nan  0.190932816843  0.164608252088  inf  0.003348762377
6453  16.132500  nan  nan  nan  nan  0.190932816843  0.164608254036  inf  0.003348792088
6454  16.135000  nan  nan  nan  nan  0.190932816843  0.164608255519  inf  0.003348821799
6455  16.137500  nan  nan  nan  nan  0.190932816843  0.164608256651  inf  0.003348851511
6456  16.140000  nan  nan  nan  nan  0.190932816843  0.164608257514  inf  0.003348881224
6457  16.142500  nan  nan  nan  nan  0.190932816843  0.164608258172  inf  0.003348910938
6458  16.145000  nan  nan  nan  nan  0.190932816843  0.164608258674  inf  0.003348940653
6459  16.147500  nan  nan  nan  nan  0.190932816843  0.164608259054  inf  0.003348970370
6460  16.150000  nan  nan  nan  nan  0.190932816843  0.164608259343  inf  0.003348981091
6461  16.152500  nan  nan  nan  nan  0.190932816843  0.164608259563  inf  0.003348984203
6462  16.155000  nan  nan  nan  nan  0.190932816843  0.164608259729  inf  0.003348985029
6463  16.157500  nan  nan  nan  nan  0.190932816843  0.164608259856  inf  0.003348985243
6464  16.160000  nan  nan  nan  nan  0.190932816843  0.164608259952  inf  0.003348985304
6465  16.162500  nan  nan  nan  nan  0.190932816843  0.164608260025  inf  0.003348985328
6466  16.165000  nan  nan  nan  nan  0.190932816843  0.164608260081  inf  0.003348985343
6467  16.167500  nan  nan  nan  nan  0.190932816843  0.164608260123  inf  0.003348985356
6468  16.170000  nan  nan  nan  nan  0.190932816843  0.164608260156  inf  0.003348985367
6469  16.172500  nan  nan  nan  nan  0.190932816843  0.164608260180  inf  0.003348985378
6470  16.175000  nan  nan  nan  nan  0.190932816843  0.164608260199  inf  0.003348985388
6471  16.177500  nan  nan  nan  nan  0.190932816843  0.164608260213  inf  0.003348985398
6472  16.180000  nan  nan  nan  nan  0.190932816843  0.164608260224  inf  0.003348985407
6473  16.182500  nan  nan  nan  nan  0.190932816843  0.164608260232  inf  0.003348985416
6474  16.185000  nan  nan  nan  nan  0.190932816843  0.164608260238  inf  0.003348985425
6475  16.187500  nan  nan  nan  nan  0.190932816843  0.164608260243  inf  0.003348985432
6476  16.190000  nan  nan  nan  nan  0.190932816843  0.164608260246  inf  0.003348985440
6477  16.192500  nan  nan  nan  nan  0.190932816843  0.164608260249  inf  0.003348985447
6478  16.195000  nan  nan  nan  nan  0.190932816843  0.164608260251  inf  0.003348985453
6479  16.197500  nan  nan  nan  nan  0.190932816843  0.164608260253  inf  0.003348985459
6480  16.200000  nan  nan  nan  nan  0.190932816843  0.164608260254  inf  0.003348985464
6481  16.202500  nan  nan  nan  nan  0.190932816843  0.164608260255  inf  0.003348985469
6482  16.205000  nan  nan  nan  nan  0.190932816843  0.164608260256  inf  0.003348985473
6483  16.207500  nan  nan  nan  nan  0.190932816843  0.164608260256  inf  0.003348985477
6484  16.210000  nan  nan  nan  nan  0.190932816843  0.164608260257  inf  0.003348985481
6485  16.212500  nan  nan  nan  nan  0.190932816843  0.164608260257  inf  0.003348985483
6486  16.215000  nan  nan  nan  nan  0.190932816843  0.164608260257  inf  0.003348985486
6487  16.217500  nan  nan  nan  nan  0.190932816843  0.164608260257  inf  0.003348985488
6488  16.220000  nan  nan  nan  nan  0.190932816843  0.164608260258  inf  0.003348985489
6489  16.222500  nan  nan  nan  nan  0.190932816843  0.164608260258  inf  0.003348985490
6490  16.225000  nan  nan  nan  nan  0.190932816843  0.164608260258  inf  0.003348985490
6491  16.227500  nan  nan  nan  nan  0.190932816843  0.164608260258  inf  0.003348985490
6492  16.230000  nan  nan  nan  nan  0.190932816843  0.164608260258  inf  0.003348985491
6493  16.232500  nan  nan  nan  nan  0.190932816843  0.164608260258  inf  0.003348985491
6494  16.235000  nan  nan  nan  nan  0.190932816843  0.164608260258  inf  0.003348985491
6495  16.237500  nan  nan  nan  nan  0.190932816843  0.164608260258  inf  0.003348985491
6496  16.240000  nan  nan  nan  nan  0.190932816843  0.164608260258  inf  0.003348985491
6497  16.242500  nan  nan  nan  nan  0.190932816843  0.164608260258  inf  0.003348985491
6498  16.245000  nan  nan  nan  nan  0.190932816843  0.164608260258  inf  0.003348985491
6499  16.247500  nan  nan  nan  nan  0.190932816843  0.164608260258  inf  0.003348985491
6500  16.250000  nan  nan  nan  nan  0.190957476093  0.162155289448  inf  0.000896014681
6501  16.252500  nan  nan  nan  nan  0.190969223098  0.161197620467  inf  0.000404425931
6502  16.255000  nan  nan  nan  nan  0.190976702718  0.160804127765  inf  0.000305910683
6503  16.257500  nan  nan  nan  nan  0.190981163244  0.160623223235  inf  0.000286166445
6504  16.260000  nan  nan  nan  nan  0.190983859570  0.160522145658  inf  0.000282206823
6505  16.262500  nan  nan  nan  nan  0.190985484830  0.160450776688  inf  0.000281410028
6506  16.265000  nan  nan  nan  nan  0.190986465075  0.160390201763  inf  0.000281246942
6507  16.267500  nan  nan  nan  nan  0.190987056219  0.160333283275  inf  0.000281210820
6508  16.270000  nan  nan  nan  nan  0.190987412722  0.160277326367  inf  0.000281200133
6509  16.272500  nan  nan  nan  nan  0.190987627718  0.161354532747  inf  0.000281194542
6510  16.275000  nan  nan  nan  nan  0.190987757376  0.161738232962  inf  0.000281189971
6511  16.277500  nan  nan  nan  nan  0.190987835570  0.161880821907  inf  0.000281185606
6512  16.280000  nan  nan  nan  nan  0.190987882726  0.161940590402  inf  0.000281181281
6513  16.282500  nan  nan  nan  nan  0.190987911164  0.161972529429  inf  0.000281176964
6514  16.285000  nan  nan  nan  nan  0.190987928315  0.161995608975  inf  0.000281172649
6515  16.287500  nan  nan  nan  nan  0.190987938658  0.162016326465  inf  0.000281168335
6516  16.290000  nan  nan  nan  nan  0.190987944895  0.162036894118  inf  0.000281164021
6517  16.292500  nan  nan  nan  nan  0.190987948657  0.162058065366  inf  0.000281159707
6518  16.295000  nan  nan  nan  nan  0.190987950926  0.162080102640  inf  0.000281155393
6519  16.297500  nan  nan  nan  nan  0.190987952294  0.162103105542  inf  0.000281151080
6520  16.300000  nan  nan  nan  nan  0.190987953119  0.162117935881  inf  0.000281146766
6521  16.302500  nan  nan  nan  nan  0.190987953616  0.162126663941  inf  0.000281142452
6522  16.305000  nan  nan  nan  nan  0.190987953916  0.162131982298  inf  0.000281138139
6523  16.307500  nan  nan  nan  nan  0.190987954097  0.162135560248  inf  0.000281133826
6524  16.310000  nan  nan  nan  nan  0.190987954207  0.162138245216  inf  0.000281129513
6525  16.312500  nan  nan  nan  nan  0.190987954272  0.162140424636  inf  0.000281125200
6526  16.315000  nan  nan  nan  nan  0.190987954312  0.162142261164  inf  0.000281120887
6527  16.317500  nan  nan  nan  nan  0.190987954336  0.162143815203  inf  0.000281116574
6528  16.320000  nan  nan  nan  nan  0.190987954350  0.162145102573  inf  0.000281112262
6529  16.322500  nan  nan  nan  nan  0.190987954359  0.162146120113  inf  0.001414329387
6530  16.325000  nan  nan  nan  nan  0.190987954364  0.162146856595  inf  0.001641017494
6531  16.327500  nan  nan  nan  nan  0.190987954368  0.162147371716  inf  0.001686369379
6532  16.330000  nan  nan  nan  nan  0.190987954369  0.162147735898  inf  0.001695450413
6533  16.332500  nan  nan  nan  nan  0.190987954371  0.162148002398  inf  0.001697276493
6534  16.335000  nan  nan  nan  nan  0.190987954371  0.162148204827  inf  0.001697651389
6535  16.337500  nan  nan  nan  nan  0.190987954372  0.162148362714  inf  0.001697736003
6536  16.340000  nan  nan  nan  nan  0.190987954372  0.162148487237  inf  0.001697762550
6537  16.342500  nan  nan  nan  nan  0.190987954372  0.162148585167  inf  0.001697777481
6538  16.345000  nan  nan  nan  nan  0.190987954372  0.162148661158  inf  0.001697790088
6539  16.347500  nan  nan  nan  nan  0.190987954372  0.162148718967  inf  0.001697802231
6540  16.350000  nan  nan  nan  nan  0.190987954372  0.162148762067  inf  0.001697814281
6541  16.352500  nan  nan  nan  nan  0.190987954372  0.162148793939  inf  0.001697826313
6542  16.355000  nan  nan  nan  nan  0.190987954372  0.162148817616  inf  0.001697838341
6543  16.357500  nan  nan  nan  nan  0.190987954372  0.162148835408  inf  0.001697850369
6544  16.360000  nan  nan  nan  nan  0.190987954372  0.162148848942  inf  0.001697862397
6545  16.362500  nan  nan  nan  nan  0.190987954372  0.162148859321  inf  0.001697874426
6546  16.365000  nan  nan  nan  nan  0.190987954372  0.162148867303  inf  0.001697886454
6547  16.367500  nan  nan  nan  nan  0.190987954372  0.162148873426  inf  0.001697898483
6548  16.370000  nan  nan  nan  nan  0.190987954372  0.162148878096  inf  0.001697910513
6549  16.372500  nan  nan  nan  nan  0.190987954372  0.162148881635  inf  0.001697922542
6550  16.375000  nan  nan  nan  nan  0.190987954372  0.162148884302  inf  0.001697934572
6551  16.377500  nan  nan  nan  nan  0.190987954372  0.162148886310  inf  0.001697946603
6552  16.380000  nan  nan  nan  nan  0.190987954372  0.162148887823  inf  0.001697958633
6553  16.382500  nan  nan  nan  nan  0.190987954372  0.162148888970  inf  0.001697970664
6554  16.385000  nan  nan  nan  nan  0.190987954372  0.162148889841  inf  0.001697982695
6555  16.387500  nan  nan  nan  nan  0.190987954372  0.162148890504  inf  0.001697994727
6556  16.390000  nan  nan  nan  nan  0.190987954372  0.162148891010  inf  0.001698006759
6557  16.392500  nan  nan  nan  nan  0.190987954372  0.162148891395  inf  0.001698018791
6558  16.395000  nan  nan  nan  nan  0.190987954372  0.162148891687  inf  0.001698030823
6559  16.397500  nan  nan  nan  nan  0.190987954372  0.162148891909  inf  0.001698042856
6560  16.400000  nan  nan  nan  nan  0.190987954372  0.162148892076  inf  0.001698047192
6561  16.402500  nan  nan  nan  nan  0.190987954372  0.162148892203  inf  0.001698048447
6562  16.405000  nan  nan  nan  nan  0.190987954372  0.162148892299  inf  0.001698048778
6563  16.407500  nan  nan  nan  nan  0.190987954372  0.162148892372  inf  0.001698048862
6564  16.410000  nan  nan  nan  nan  0.190987954372  0.162148892428  inf  0.001698048884
6565  16.412500  nan  nan  nan  nan  0.190987954372  0.162148892470  inf  0.001698048891
6566  16.415000  nan  nan  nan  nan  0.190987954372  0.162148892502  inf  0.001698048895
6567  16.417500  nan  nan  nan  nan  0.190987954372  0.162148892526  inf  0.001698048897
6568  16.420000  nan  nan  nan  nan  0.190987954372  0.162148892544  inf  0.001698048900
6569  16.422500  nan  nan  nan  nan  0.190987954372  0.162148892558  inf  0.001698048902
6570  16.425000  nan  nan  nan  nan  0.190987954372  0.162148892569  inf  0.001698048904
6571  16.427500  nan  nan  nan  nan  0.190987954372  0.162148892577  inf  0.001698048906
6572  16.430000  nan  nan  nan  nan  0.190987954372  0.162148892583  inf  0.001698048908
6573  16.432500  nan  nan  nan  nan  0.190987954372  0.162148892588  inf  0.001698048910
6574  16.435000  nan  nan  nan  nan  0.190987954372  0.162148892591  inf  0.001698048911
6575  16.437500  nan  nan  nan  nan  0.190987954372  0.162148892594  inf  0.001698048913
6576  16.440000  nan  nan  nan  nan  0.190987954372  0.162148892596  inf  0.001698048915
6577  16.442500  nan  nan  nan  nan  0.190987954372  0.162148892598  inf  0.001698048916
6578  16.445000  nan  nan  nan  nan  0.190987954372  0.162148892599  inf  0.001698048917
6579  16.447500  nan  nan  nan  nan  0.190987954372  0.162148892600  inf  0.001698048918
6580  16.450000  nan  nan  nan  nan  0.190987954372  0.162148892600  inf  0.001698048920
6581  16.452500  nan  nan  nan  nan  0.190987954372  0.162148892601  inf  0.001698048921
6582  16.455000  nan  nan  nan  nan  0.190987954372  0.162148892601  inf  0.001698048921
6583  16.457500  nan  nan  nan  nan  0.190987954372  0.162148892601  inf  0.001698048922
6584  16.460000  nan  nan  nan  nan  0.190987954372  0.162148892602  inf  0.001698048923
6585  16.462500  nan  nan  nan  nan  0.190987954372  0.162148892602  inf  0.001698048924
6586  16.465000  nan  nan  nan  nan  0.190987954372  0.162148892602  inf  0.001698048924
6587  16.467500  nan  nan  nan  nan  0.190987954372  0.162148892602  inf  0.001698048924
6588  16.470000  nan  nan  nan  nan  0.190987954372  0.162148892602  inf  0.001698048925
6589  16.472500  nan  nan  nan  nan  0.190987954372  0.162148892602  inf  0.001698048925
6590  16.475000  nan  nan  nan  nan  0.190987954372  0.162148892602  inf  0.001698048925
6591  16.477500  nan  nan  nan  nan  0.190987954372  0.162148892602  inf  0.001698048925
6592  16.480000  nan  nan  nan  nan  0.190987954372  0.162148892602  inf  0.001698048925
6593  16.482500  nan  nan  nan  nan  0.190987954372  0.162148892602  inf  0.001698048925
6594  16.485000  nan  nan  nan  nan  0.190987954372  0.162148892602  inf  0.001698048925
6595  16.487500  nan  nan  nan  nan  0.190987954372  0.162148892602  inf  0.001698048925
6596  16.490000  nan  nan  nan  nan  0.190987954372  0.162148892602  inf  0.001698048925
6597  16.492500  nan  nan  nan  nan  0.190987954372  0.162148892602  inf  0.001698048925
6598  16.495000  nan  nan  nan  nan  0.190987954372  0.162148892602  inf  0.001698048925
6599  16.497500  nan  nan  nan  nan  0.190987954372  0.162148892602  inf  0.001698048925
6600  16.500000  nan  nan  nan  nan  0.187635469708  0.157679114051  inf  -0.002771729626
6601  16.502500  nan  nan  nan  nan  0.186038362168  0.155940556128  inf  -0.003666546569
6602  16.505000  nan  nan  nan  nan  0.185028031528  0.155230018107  inf  -0.003845597614
6603  16.507500  nan  nan  nan  nan  0.184429865861  0.154905928734  inf  -0.003881351989
6604  16.510000  nan  nan  nan  nan  0.184071552832  0.154726612803  inf  -0.003888421328
6605  16.512500  nan  nan  nan  nan  0.183857666325  0.154601081583  inf  -0.003889749154
6606  16.515000  nan  nan  nan  nan  0.183729981460  0.154495102351  inf  -0.003889927908
6607  16.517500  nan  nan  nan  nan  0.183653787307  0.154395803671  inf  -0.003889876725
6608  16.520000  nan  nan  nan  nan  0.183608326171  0.154298346916  inf  -0.003889779540
6609  16.522500  nan  nan  nan  nan  0.183581204735  0.205523658062  inf  -0.003889673158
6610  16.525000  nan  nan  nan  nan  0.183565025454  0.225328509630  inf  -0.003889564944
6611  16.527500  nan  nan  nan  nan  0.183555374063  0.233618298796  inf  -0.003889456369
6612  16.530000  nan  nan  nan  nan  0.183549616864  0.237704550261  inf  -0.003889347728
6613  16.532500  nan  nan  nan  nan  0.183546182652  0.240267613548  inf  -0.003889239081
6614  16.535000  nan  nan  nan  nan  0.183544134135  0.242296483709  inf  -0.003889130439
6615  16.537500  nan  nan  nan  nan  0.183542912195  0.244160298564  inf  -0.003889021805
6616  16.540000  nan  nan  nan  nan  0.183542183310  0.245999400486  inf  -0.003888913179
6617  16.542500  nan  nan  nan  nan  0.183541748531  0.247869009400  inf  -0.003888804561
6618  16.545000  nan  nan  nan  nan  0.183541489187  0.249792470864  inf  -0.003888695951
6619  16.547500  nan  nan  nan  nan  0.183541334490  0.251781187413  inf  -0.003888587350
6620  16.550000  nan  nan  nan  nan  0.183541242213  0.253196058657  inf  -0.003888478756
6621  16.552500  nan  nan  nan  nan  0.183541187171  0.254144433498  inf  -0.003888370171
6622  16.555000  nan  nan  nan  nan  0.183541154338  0.254805794837  inf  -0.003888261594
6623  16.557500  nan  nan  nan  nan  0.183541134753  0.255303663964  inf  -0.003888153025
6624  16.560000  nan  nan  nan  nan  0.183541123071  0.255706805772  inf  -0.003888044464
6625  16.562500  nan  nan  nan  nan  0.183541116103  0.256049583445  inf  -0.003887935912
6626  16.565000  nan  nan  nan  nan  0.183541111946  0.256347694955  inf  -0.003887827367
6627  16.567500  nan  nan  nan  nan  0.183541109467  0.256607397817  inf  -0.003887718831
6628  16.570000  nan  nan  nan  nan  0.183541107988  0.256830342727  inf  -0.003887610303
6629  16.572500  nan  nan  nan  nan  0.183541107106  0.257015958791  inf  0.047435244889
6630  16.575000  nan  nan  nan  nan  0.183541106579  0.257162587821  inf  0.057685976191
6631  16.577500  nan  nan  nan  nan  0.183541106266  0.257276317923  inf  0.059747450537
6632  16.580000  nan  nan  nan  nan  0.183541106078  0.257365282244  inf  0.060174871904
6633  16.582500  nan  nan  nan  nan  0.183541105967  0.257436308951  inf  0.060275868317
6634  16.585000  nan  nan  nan  nan  0.183541105900  0.257494179514  inf  0.060311586199
6635  16.587500  nan  nan  nan  nan  0.183541105860  0.257541982597  inf  0.060334244667
6636  16.590000  nan  nan  nan  nan  0.183541105837  0.257581682999  inf  0.060354298852
6637  16.592500  nan  nan  nan  nan  0.183541105822  0.257614589397  inf  0.060373844740
6638  16.595000  nan  nan  nan  nan  0.183541105814  0.257641666955  inf  0.060393303080
6639  16.597500  nan  nan  nan  nan  0.183541105809  0.257663725729  inf  0.060412758456
6640  16.600000  nan  nan  nan  nan  0.183541105806  0.257681527771  inf  0.060432227916
6641  16.602500  nan  nan  nan  nan  0.183541105804  0.257695846262  inf  0.060451714917
6642  16.605000  nan  nan  nan  nan  0.183541105803  0.257707391063  inf  0.060471220180
6643  16.607500  nan  nan  nan  nan  0.183541105803  0.257716749509  inf  0.060490743874
6644  16.610000  nan  nan  nan  nan  0.183541105802  0.257724376149  inf  0.060510286055
6645  16.612500  nan  nan  nan  nan  0.183541105802  0.257730612946  inf  0.060529846760
6646  16.615000  nan  nan  nan  nan  0.183541105802  0.257735718253  inf  0.060549426018
6647  16.617500  nan  nan  nan  nan  0.183541105802  0.257739892622  inf  0.060569023859
6648  16.620000  nan  nan  nan  nan  0.183541105802  0.257743297563  inf  0.060588640312
6649  16.622500  nan  nan  nan  nan  0.183541105802  0.257746067509  inf  0.060608275408
6650  16.625000  nan  nan  nan  nan  0.183541105802  0.257748316583  inf  0.060627929175
6651  16.627500  nan  nan  nan  nan  0.183541105802  0.257750141859  inf  0.060647601644
6652  16.630000  nan  nan  nan  nan  0.183541105802  0.257751624390  inf  0.060667292843
6653  16.632500  nan  nan  nan  nan  0.183541105802  0.257752830259  inf  0.060687002803
6654  16.635000  nan  nan  nan  nan  0.183541105802  0.257753812415  inf  0.060706731554
6655  16.637500  nan  nan  nan  nan  0.183541105802  0.257754612999  inf  0.060726479125
6656  16.640000  nan  nan  nan  nan  0.183541105802  0.257755265654  inf  0.060746245546
6657  16.642500  nan  nan  nan  nan  0.183541105802  0.257755797482  inf  0.060766030848
6658  16.645000  nan  nan  nan  nan  0.183541105802  0.257756230549  inf  0.060785835060
6659  16.647500  nan  nan  nan  nan  0.183541105802  0.257756582958  inf  0.060805658213
6660  16.650000  nan  nan  nan  nan  0.183541105802  0.257756869620  inf  0.060813017483
6661  16.652500  nan  nan  nan  nan  0.183541105802  0.257757102792  inf  0.060815303349
6662  16.655000  nan  nan  nan  nan  0.183541105802  0.257757292506  inf  0.060816036890
6663  16.657500  nan  nan  nan  nan  0.183541105802  0.257757446920  inf  0.060816344901
6664  16.660000  nan  nan  nan  nan  0.183541105802  0.257757572644  inf  0.060816540221
6665  16.662500  nan  nan  nan  nan  0.183541105802  0.257757675025  inf  0.060816703544
6666  16.665000  nan  nan  nan  nan  0.183541105802  0.257757758398  inf  0.060816854762
6667  16.667500  nan  nan  nan  nan  0.183541105802  0.257757826280  inf  0.060816998631
6668  16.670000  nan  nan  nan  nan  0.183541105802  0.257757881541  inf  0.060817136257
6669  16.672500  nan  nan  nan  nan  0.183541105802  0.257757926518  inf  0.060817267889
6670  16.675000  nan  nan  nan  nan  0.183541105802  0.257757963124  inf  0.060817393578
6671  16.677500  nan  nan  nan  nan  0.183541105802  0.257757992917  inf  0.060817513331
6672  16.680000  nan  nan  nan  nan  0.183541105802  0.257758017166  inf  0.060817627141
6673  16.682500  nan  nan  nan  nan  0.183541105802  0.257758036905  inf  0.060817735003
6674  16.685000  nan  nan  nan  nan  0.183541105802  0.257758052974  inf  0.060817836909
6675  16.687500  nan  nan  nan  nan  0.183541105802  0.257758066057  inf  0.060817932851
6676  16.690000  nan  nan  nan  nan  0.183541105802  0.257758076707  inf  0.060818022822
6677  16.692500  nan  nan  nan  nan  0.183541105802  0.257758085377  inf  0.060818106814
6678  16.695000  nan  nan  nan  nan  0.183541105802  0.257758092435  inf  0.060818184820
6679  16.697500  nan  nan  nan  nan  0.183541105802  0.257758098179  inf  0.060818256832
6680  16.700000  nan  nan  nan  nan  0.183541105802  0.257758102856  inf  0.060818322842
6681  16.702500  nan  nan  nan  nan  0.183541105802  0.257758106662  inf  0.060818382844
6682  16.705000  nan  nan  nan  nan  0.183541105802  0.257758109760  inf  0.060818436828
6683  16.707500  nan  nan  nan  nan  0.183541105802  0.257758112283  inf  0.060818484788
6684  16.710000  nan  nan  nan  nan  0.183541105802  0.257758114336  inf  0.060818526716
6685  16.712500  nan  nan  nan  nan  0.183541105802  0.257758116007  inf  0.060818562605
6686  16.715000  nan  nan  nan  nan  0.183541105802  0.257758117368  inf  0.060818592446
6687  16.717500  nan  nan  nan  nan  0.183541105802  0.257758118475  inf  0.060818616232
6688  16.720000  nan  nan  nan  nan  0.183541105802  0.257758119377  inf  0.060818633955
6689  16.722500  nan  nan  nan  nan  0.183541105802  0.257758120111  inf  0.060818645609
6690  16.725000  nan  nan  nan  nan  0.183541105802  0.257758120708  inf  0.060818651184
6691  16.727500  nan  nan  nan  nan  0.183541105802  0.257758121194  inf  0.060818653710
6692  16.730000  nan  nan  nan  nan  0.183541105802  0.257758121590  inf  0.060818655049
6693  16.732500  nan  nan  nan  nan  0.183541105802  0.257758121913  inf  0.060818655963
6694  16.735000  nan  nan  nan  nan  0.183541105802  0.257758122175  inf  0.060818656715
6695  16.737500  nan  nan  nan  nan  0.183541105802  0.257758122388  inf  0.060818657386
6696  16.740000  nan  nan  nan  nan  0.183541105802  0.257758122562  inf  0.060818658000
6697  16.742500  nan  nan  nan  nan  0.183541105802  0.257758122704  inf  0.060818658566
6698  16.745000  nan  nan  nan  nan  0.183541105802  0.257758122819  inf  0.060818659087
6699  16.747500  nan  nan  nan  nan  0.183541105802  0.257758122913  inf  0.060818659566
6700  16.750000  nan  nan  nan  nan  0.186817293017  0.223798382796  inf  0.026858919810
6701  16.752500  nan  nan  nan  nan  0.188368293913  0.208853754620  inf  0.019815478483
6702  16.755000  nan  nan  nan  nan  0.189349415158  0.201958999274  inf  0.018353092602
6703  16.757500  nan  nan  nan  nan  0.189932652267  0.198467092716  inf  0.018047263701
6704  16.760000  nan  nan  nan  nan  0.190284431246  0.196405331153  inf  0.017980922008
6705  16.762500  nan  nan  nan  nan  0.190496178872  0.194938990751  inf  0.017964131016
6706  16.765000  nan  nan  nan  nan  0.190623770058  0.193716824770  inf  0.017957584585
6707  16.767500  nan  nan  nan  nan  0.190700663631  0.192592054112  inf  0.017953155281
6708  16.770000  nan  nan  nan  nan  0.190747012923  0.191503857670  inf  0.017949163965
6709  16.772500  nan  nan  nan  nan  0.190774953638  0.180895406135  inf  0.017945264014
6710  16.775000  nan  nan  nan  nan  0.190791798163  0.175924998044  inf  0.017941383935
6711  16.777500  nan  nan  nan  nan  0.190801953534  0.173519920918  inf  0.017937508992
6712  16.780000  nan  nan  nan  nan  0.190808076225  0.172259119424  inf  0.017933636153
6713  16.782500  nan  nan  nan  nan  0.190811767657  0.171505303901  inf  0.017929764792
6714  16.785000  nan  nan  nan  nan  0.190813993275  0.170977464576  inf  0.017925894783
6715  16.787500  nan  nan  nan  nan  0.190815335139  0.170553085867  inf  0.017922026097
6716  16.790000  nan  nan  nan  nan  0.190816144175  0.170179245187  inf  0.017918158731
6717  16.792500  nan  nan  nan  nan  0.190816631959  0.169833289414  inf  0.017914292683
6718  16.795000  nan  nan  nan  nan  0.190816926054  0.169505627352  inf  0.017910427952
6719  16.797500  nan  nan  nan  nan  0.190817103371  0.169192263776  inf  0.017906564539
6720  16.800000  nan  nan  nan  nan  0.190817210279  0.168972220633  inf  0.017902702444
6721  16.802500  nan  nan  nan  nan  0.190817274736  0.168828614728  inf  0.017898841667
6722  16.805000  nan  nan  nan  nan  0.190817313598  0.168733678464  inf  0.017894982207
6723  16.807500  nan  nan  nan  nan  0.190817337030  0.168667376398  inf  0.017891124065
6724  16.810000  nan  nan  nan  nan  0.190817351157  0.168617922512  inf  0.017887267240
6725  16.812500  nan  nan  nan  nan  0.190817359674  0.168579000981  inf  0.017883411730
6726  16.815000  nan  nan  nan  nan  0.190817364810  0.168547390188  inf  0.017879557537
6727  16.817500  nan  nan  nan  nan  0.190817367906  0.168521481841  inf  0.017875704659
6728  16.820000  nan  nan  nan  nan  0.190817369773  0.168500467370  inf  0.017871853096
6729  16.822500  nan  nan  nan  nan  0.190817370898  0.168483920737  inf  0.008336096371
6730  16.825000  nan  nan  nan  nan  0.190817371577  0.168471593685  inf  0.006404619362
6731  16.827500  nan  nan  nan  nan  0.190817371986  0.168462639050  inf  0.006013632704
6732  16.830000  nan  nan  nan  nan  0.190817372233  0.168456115144  inf  0.005934291794
6733  16.832500  nan  nan  nan  nan  0.190817372381  0.168451270280  inf  0.005917968515
6734  16.835000  nan  nan  nan  nan  0.190817372471  0.168447588399  inf  0.005914384565
6735  16.837500  nan  nan  nan  nan  0.190817372525  0.168444739001  inf  0.005913375421
6736  16.840000  nan  nan  nan  nan  0.190817372558  0.168442513344  inf  0.005912886659
6737  16.842500  nan  nan  nan  nan  0.190817372577  0.168440774874  inf  0.005912503138
6738  16.845000  nan  nan  nan  nan  0.190817372589  0.168439427177  inf  0.005912140991
6739  16.847500  nan  nan  nan  nan  0.190817372596  0.168438395272  inf  0.005911783277
6740  16.850000  nan  nan  nan  nan  0.190817372601  0.168437615375  inf  0.005911426575
6741  16.852500  nan  nan  nan  nan  0.190817372603  0.168437029558  inf  0.005911070195
6742  16.855000  nan  nan  nan  nan  0.190817372605  0.168436588794  inf  0.005910713998
6743  16.857500  nan  nan  nan  nan  0.190817372606  0.168436254995  inf  0.005910357955
6744  16.860000  nan  nan  nan  nan  0.190817372606  0.168436000287  inf  0.005910002060
6745  16.862500  nan  nan  nan  nan  0.190817372607  0.168435804830  inf  0.005909646312
6746  16.865000  nan  nan  nan  nan  0.190817372607  0.168435654490  inf  0.005909290712
6747  16.867500  nan  nan  nan  nan  0.190817372607  0.168435538963  inf  0.005908935258
6748  16.870000  nan  nan  nan  nan  0.190817372607  0.168435450480  inf  0.005908579951
6749  16.872500  nan  nan  nan  nan  0.190817372607  0.168435382992  inf  0.005908224790
6750  16.875000  nan  nan  nan  nan  0.190817372607  0.168435331693  inf  0.005907869776
6751  16.877500  nan  nan  nan  nan  0.190817372607  0.168435292750  inf  0.005907514908
6752  16.880000  nan  nan  nan  nan  0.190817372607  0.168435263161  inf  0.005907160187
6753  16.882500  nan  nan  nan  nan  0.190817372607  0.168435240628  inf  0.005906805612
6754  16.885000  nan  nan  nan  nan  0.190817372607  0.168435223428  inf  0.005906451183
6755  16.887500  nan  nan  nan  nan  0.190817372607  0.168435210277  inf  0.005906096900
6756  16.890000  nan  nan  nan  nan  0.190817372607  0.168435200216  inf  0.005905742764
6757  16.892500  nan  nan  nan  nan  0.190817372607  0.168435192525  inf  0.005905388773
6758  16.895000  nan  nan  nan  nan  0.190817372607  0.168435186653  inf  0.005905034928
6759  16.897500  nan  nan  nan  nan  0.190817372607  0.168435182174  inf  0.005904681229
6760  16.900000  nan  nan  nan  nan  0.190817372607  0.168435178763  inf  0.005904552807
6761  16.902500  nan  nan  nan  nan  0.190817372607  0.168435176164  inf  0.005904515221
6762  16.905000  nan  nan  nan  nan  0.190817372607  0.168435174183  inf  0.005904505100
6763  16.907500  nan  nan  nan  nan  0.190817372607  0.168435172673  inf  0.005904502365
6764  16.910000  nan  nan  nan  nan  0.190817372607  0.168435171521  inf  0.005904501498
6765  16.912500  nan  nan  nan  nan  0.190817372607  0.168435170641  inf  0.005904501090
6766  16.915000  nan  nan  nan  nan  0.190817372607  0.168435169969  inf  0.005904500799
6767  16.917500  nan  nan  nan  nan  0.190817372607  0.168435169456  inf  0.005904500542
6768  16.920000  nan  nan  nan  nan  0.190817372607  0.168435169064  inf  0.005904500302
6769  16.922500  nan  nan  nan  nan  0.190817372607  0.168435168766  inf  0.005904500073
6770  16.925000  nan  nan  nan  nan  0.190817372607  0.168435168538  inf  0.005904499855
6771  16.927500  nan  nan  nan  nan  0.190817372607  0.168435168365  inf  0.005904499648
6772  16.930000  nan  nan  nan  nan  0.190817372607  0.168435168232  inf  0.005904499451
6773  16.932500  nan  nan  nan  nan  0.190817372607  0.168435168131  inf  0.005904499265
6774  16.935000  nan  nan  nan  nan  0.190817372607  0.168435168054  inf  0.005904499089
6775  16.937500  nan  nan  nan  nan  0.190817372607  0.168435167996  inf  0.005904498924
6776  16.940000  nan  nan  nan  nan  0.190817372607  0.168435167951  inf  0.005904498769
6777  16.942500  nan  nan  nan  nan  0.190817372607  0.168435167916  inf  0.005904498625
6778  16.945000  nan  nan  nan  nan  0.190817372607  0.168435167890  inf  0.005904498491
6779  16.947500  nan  nan  nan  nan  0.190817372607  0.168435167870  inf  0.005904498368
6780  16.950000  nan  nan  nan  nan  0.190817372607  0.168435167855  inf  0.005904498255
6781  16.952500  nan  nan  nan  nan  0.190817372607  0.168435167844  inf  0.005904498153
6782  16.955000  nan  nan  nan  nan  0.190817372607  0.168435167835  inf  0.005904498061
6783  16.957500  nan  nan  nan  nan  0.190817372607  0.168435167828  inf  0.005904497980
6784  16.960000  nan  nan  nan  nan  0.190817372607  0.168435167823  inf  0.005904497909
6785  16.962500  nan  nan  nan  nan  0.190817372607  0.168435167819  inf  0.005904497849
6786  16.965000  nan  nan  nan  nan  0.190817372607  0.168435167816  inf  0.005904497799
6787  16.967500  nan  nan  nan  nan  0.190817372607  0.168435167814  inf  0.005904497759
6788  16.970000  nan  nan  nan  nan  0.190817372607  0.168435167812  inf  0.005904497730
6789  16.972500  nan  nan  nan  nan  0.190817372607  0.168435167811  inf  0.005904497712
6790  16.975000  nan  nan  nan  nan  0.190817372607  0.168435167810  inf  0.005904497704
6791  16.977500  nan  nan  nan  nan  0.190817372607  0.168435167809  inf  0.005904497701
6792  16.980000  nan  nan  nan  nan  0.190817372607  0.168435167808  inf  0.005904497700
6793  16.982500  nan  nan  nan  nan  0.190817372607  0.168435167808  inf  0.005904497700
6794  16.985000  nan  nan  nan  nan  0.190817372607  0.168435167807  inf  0.005904497699
6795  16.987500  nan  nan  nan  nan  0.190817372607  0.168435167807  inf  0.005904497699
6796  16.990000  nan  nan  nan  nan  0.190817372607  0.168435167807  inf  0.005904497699
6797  16.992500  nan  nan  nan  nan  0.190817372607  0.168435167807  inf  0.005904497699
6798  16.995000  nan  nan  nan  nan  0.190817372607  0.168435167807  inf  0.005904497699
6799  16.997500  nan  nan  nan  nan  0.190817372607  0.168435167807  inf  0.005904497699
6800  17.000000  nan  nan  nan  nan  0.190891241261  0.165246826016  inf  0.002716155909
6801  17.002500  nan  nan  nan  nan  0.190926426891  0.163995465869  inf  0.002076193843
6802  17.005000  nan  nan  nan  nan  0.190948828146  0.163478466235  inf  0.001947724360
6803  17.007500  nan  nan  nan  nan  0.190962186592  0.163239507371  inf  0.001921912217
6804  17.010000  nan  nan  nan  nan  0.190970261279  0.163105438683  inf  0.001916702015
6805  17.012500  nan  nan  nan  nan  0.190975128321  0.163010580935  inf  0.001915626021
6806  17.015000  nan  nan  nan  nan  0.190978063732  0.162930031277  inf  0.001915379577
6807  17.017500  nan  nan  nan  nan  0.190979833927  0.162854350001  inf  0.001915299573
6808  17.020000  nan  nan  nan  nan  0.190980901471  0.162779957710  inf  0.001915252963
6809  17.022500  nan  nan  nan  nan  0.190981545269  0.162250250402  inf  0.001915213051
6810  17.025000  nan  nan  nan  nan  0.190981933522  0.161997751469  inf  0.001915174485
6811  17.027500  nan  nan  nan  nan  0.190982167664  0.161875069490  inf  0.001915136190
6812  17.030000  nan  nan  nan  nan  0.190982308868  0.161811106547  inf  0.001915097949
6813  17.032500  nan  nan  nan  nan  0.190982394023  0.161773222745  inf  0.001915059721
6814  17.035000  nan  nan  nan  nan  0.190982445377  0.161746917648  inf  0.001915021496
6815  17.037500  nan  nan  nan  nan  0.190982476347  0.161725902806  inf  0.001914983272
6816  17.040000  nan  nan  nan  nan  0.190982495024  0.161707504682  inf  0.001914945050
6817  17.042500  nan  nan  nan  nan  0.190982506288  0.161690608805  inf  0.001914906829
6818  17.045000  nan  nan  nan  nan  0.190982513080  0.161674762734  inf  0.001914868609
6819  17.047500  nan  nan  nan  nan  0.190982517177  0.161659791783  inf  0.001914830391
6820  17.050000  nan  nan  nan  nan  0.190982519647  0.161649316487  inf  0.001914792173
6821  17.052500  nan  nan  nan  nan  0.190982521137  0.161642510410  inf  0.001914753957
6822  17.055000  nan  nan  nan  nan  0.190982522035  0.161638038636  inf  0.001914715742
6823  17.057500  nan  nan  nan  nan  0.190982522577  0.161634936826  inf  0.001914677528
6824  17.060000  nan  nan  nan  nan  0.190982522904  0.161632637923  inf  0.001914639315
6825  17.062500  nan  nan  nan  nan  0.190982523101  0.161630838846  inf  0.001914601103
6826  17.065000  nan  nan  nan  nan  0.190982523220  0.161629385435  inf  0.001914562892
6827  17.067500  nan  nan  nan  nan  0.190982523291  0.161628200617  inf  0.001914524683
6828  17.070000  nan  nan  nan  nan  0.190982523335  0.161627245064  inf  0.001914486475
6829  17.072500  nan  nan  nan  nan  0.190982523361  0.161626497161  inf  0.001459204155
6830  17.075000  nan  nan  nan  nan  0.190982523376  0.161625943281  inf  0.001368008030
6831  17.077500  nan  nan  nan  nan  0.190982523386  0.161625543469  inf  0.001349740272
6832  17.080000  nan  nan  nan  nan  0.190982523392  0.161625254099  inf  0.001346078659
6833  17.082500  nan  nan  nan  nan  0.190982523395  0.161625040588  inf  0.001345342278
6834  17.085000  nan  nan  nan  nan  0.190982523397  0.161624879306  inf  0.001345191736
6835  17.087500  nan  nan  nan  nan  0.190982523398  0.161624755188  inf  0.001345158519
6836  17.090000  nan  nan  nan  nan  0.190982523399  0.161624658759  inf  0.001345148799
6837  17.092500  nan  nan  nan  nan  0.190982523400  0.161624583840  inf  0.001345143785
6838  17.095000  nan  nan  nan  nan  0.190982523400  0.161624526082  inf  0.001345139713
6839  17.097500  nan  nan  nan  nan  0.190982523400  0.161624482114  inf  0.001345135831
6840  17.100000  nan  nan  nan  nan  0.190982523400  0.161624449086  inf  0.001345131986
6841  17.102500  nan  nan  nan  nan  0.190982523400  0.161624424434  inf  0.001345128149
6842  17.105000  nan  nan  nan  nan  0.190982523400  0.161624406003  inf  0.001345124314
6843  17.107500  nan  nan  nan  nan  0.190982523400  0.161624392131  inf  0.001345120480
6844  17.110000  nan  nan  nan  nan  0.190982523400  0.161624381608  inf  0.001345116645
6845  17.112500  nan  nan  nan  nan  0.190982523400  0.161624373578  inf  0.001345112811
6846  17.115000  nan  nan  nan  nan  0.190982523400  0.161624367437  inf  0.001345108978
6847  17.117500  nan  nan  nan  nan  0.190982523400  0.161624362744  inf  0.001345105144
6848  17.120000  nan  nan  nan  nan  0.190982523400  0.161624359170  inf  0.001345101311
6849  17.122500  nan  nan  nan  nan  0.190982523400  0.161624356460  inf  0.001345097478
6850  17.125000  nan  nan  nan  nan  0.190982523400  0.161624354413  inf  0.001345093646
6851  17.127500  nan  nan  nan  nan  0.190982523400  0.161624352868  inf  0.001345089813
6852  17.130000  nan  nan  nan  nan  0.190982523400  0.161624351701  inf  0.001345085981
6853  17.132500  nan  nan  nan  nan  0.190982523400  0.161624350818  inf  0.001345082149
6854  17.135000  nan  nan  nan  nan  0.190982523400  0.161624350148  inf  0.001345078317
6855  17.137500  nan  nan  nan  nan  0.190982523400  0.161624349639  inf  0.001345074486
6856  17.140000  nan  nan  nan  nan  0.190982523400  0.161624349251  inf  0.001345070655
6857  17.142500  nan  nan  nan  nan  0.190982523400  0.161624348957  inf  0.001345066824
6858  17.145000  nan  nan  nan  nan  0.190982523400  0.161624348733  inf  0.001345062993
6859  17.147500  nan  nan  nan  nan  0.190982523400  0.161624348564  inf  0.001345059163
6860  17.150000  nan  nan  nan  nan  0.190982523400  0.161624348435  inf  0.001345057782
6861  17.152500  nan  nan  nan  nan  0.190982523400  0.161624348338  inf  0.001345057382
6862  17.155000  nan  nan  nan  nan  0.190982523400  0.161624348265  inf  0.001345057277
6863  17.157500  nan  nan  nan  nan  0.190982523400  0.161624348209  inf  0.001345057250
6864  17.160000  nan  nan  nan  nan  0.190982523400  0.161624348166  inf  0.001345057243
6865  17.162500  nan  nan  nan  nan  0.190982523400  0.161624348134  inf  0.001345057241
6866  17.165000  nan  nan  nan  nan  0.190982523400  0.161624348110  inf  0.001345057240
6867  17.167500  nan  nan  nan  nan  0.190982523400  0.161624348091  inf  0.001345057240
6868  17.170000  nan  nan  nan  nan  0.190982523400  0.161624348077  inf  0.001345057239
6869  17.172500  nan  nan  nan  nan  0.190982523400  0.161624348067  inf  0.001345057239
6870  17.175000  nan  nan  nan  nan  0.190982523400  0.161624348059  inf  0.001345057238
6871  17.177500  nan  nan  nan  nan  0.190982523400  0.161624348052  inf  0.001345057237
6872  17.180000  nan  nan  nan  nan  0.190982523400  0.161624348048  inf  0.001345057237
6873  17.182500  nan  nan  nan  nan  0.190982523400  0.161624348044  inf  0.001345057237
6874  17.185000  nan  nan  nan  nan  0.190982523400  0.161624348042  inf  0.001345057236
6875  17.187500  nan  nan  nan  nan  0.190982523400  0.161624348040  inf  0.001345057236
6876  17.190000  nan  nan  nan  nan  0.190982523400  0.161624348038  inf  0.001345057235
6877  17.192500  nan  nan  nan  nan  0.190982523400  0.161624348037  inf  0.001345057235
6878  17.195000  nan  nan  nan  nan  0.190982523400  0.161624348036  inf  0.001345057235
6879  17.197500  nan  nan  nan  nan  0.190982523400  0.161624348035  inf  0.001345057234
6880  17.200000  nan  nan  nan  nan  0.190982523400  0.161624348035  inf  0.001345057234
6881  17.202500  nan  nan  nan  nan  0.190982523400  0.161624348034  inf  0.001345057234
6882  17.205000  nan  nan  nan  nan  0.190982523400  0.161624348034  inf  0.001345057234
6883  17.207500  nan  nan  nan  nan  0.190982523400  0.161624348034  inf  0.001345057233
6884  17.210000  nan  nan  nan  nan  0.190982523400  0.161624348034  inf  0.001345057233
6885  17.212500  nan  nan  nan  nan  0.190982523400  0.161624348034  inf  0.001345057233
6886  17.215000  nan  nan  nan  nan  0.190982523400  0.161624348034  inf  0.001345057233
6887  17.217500  nan  nan  nan  nan  0.190982523400  0.161624348033  inf  0.001345057233
6888  17.220000  nan  nan  nan  nan  0.190982523400  0.161624348033  inf  0.001345057233
6889  17.222500  nan  nan  nan  nan  0.190982523400  0.161624348033  inf  0.001345057233
6890  17.225000  nan  nan  nan  nan  0.190982523400  0.161624348033  inf  0.001345057233
6891  17.227500  nan  nan  nan  nan  0.190982523400  0.161624348033  inf  0.001345057233
6892  17.230000  nan  nan  nan  nan  0.190982523400  0.161624348033  inf  0.001345057233
6893  17.232500  nan  nan  nan  nan  0.190982523400  0.161624348033  inf  0.001345057233
6894  17.235000  nan  nan  nan  nan  0.190982523400  0.161624348033  inf  0.001345057233
6895  17.237500  nan  nan  nan  nan  0.190982523400  0.161624348033  inf  0.001345057233
6896  17.240000  nan  nan  nan  nan  0.190982523400  0.161624348033  inf  0.001345057233
6897  17.242500  nan  nan  nan  nan  0.190982523400  0.161624348033  inf  0.001345057233
6898  17.245000  nan  nan  nan  nan  0.190982523400  0.161624348033  inf  0.001345057233
6899  17.247500  nan  nan  nan  nan  0.190982523400  0.161624348033  inf  0.001345057233
6900  17.250000  nan  nan  nan  nan  0.191262074916  0.160721934316  inf  0.000442643515
6901  17.252500  nan  nan  nan  nan  0.191395251304  0.160371032302  inf  0.000262013518
6902  17.255000  nan  nan  nan  nan  0.191480097537  0.160227370599  inf  0.000225857880
6903  17.257500  nan  nan  nan  nan  0.191530727428  0.160161486258  inf  0.000218620193
6904  17.260000  nan  nan  nan  nan  0.191561355777  0.160124693696  inf  0.000217170592
6905  17.262500  nan  nan  nan  nan  0.191579832497  0.160098685283  inf  0.000216879483
6906  17.265000  nan  nan  nan  nan  0.191590985838  0.160076576605  inf  0.000216820242
6907  17.267500  nan  nan  nan  nan  0.191597717783  0.160055778142  inf  0.000216807407
6908  17.270000  nan  nan  nan  nan  0.191601781225  0.160035314872  inf  0.000216803860
6909  17.272500  nan  nan  nan  nan  0.191604233950  0.169851751316  inf  0.000216802172
6910  17.275000  nan  nan  nan  nan  0.191605714444  0.173653585619  inf  0.000216800855
6911  17.277500  nan  nan  nan  nan  0.191606608090  0.175212792789  inf  0.000216799613
6912  17.280000  nan  nan  nan  nan  0.191607147508  0.175937237041  inf  0.000216798386
6913  17.282500  nan  nan  nan  nan  0.191607473109  0.176352154088  inf  0.000216797163
6914  17.285000  nan  nan  nan  nan  0.191607669647  0.176653730858  inf  0.000216795939
6915  17.287500  nan  nan  nan  nan  0.191607788281  0.176915402442  inf  0.000216794716
6916  17.290000  nan  nan  nan  nan  0.191607859890  0.177164744866  inf  0.000216793493
6917  17.292500  nan  nan  nan  nan  0.191607903114  0.177412171896  inf  0.000216792270
6918  17.295000  nan  nan  nan  nan  0.191607929205  0.177661663175  inf  0.000216791047
6919  17.297500  nan  nan  nan  nan  0.191607944954  0.177914782500  inf  0.000216789823
6920  17.300000  nan  nan  nan  nan  0.191607954461  0.178084679114  inf  0.000216788600
6921  17.302500  nan  nan  nan  nan  0.191607960199  0.178190095933  inf  0.000216787377
6922  17.305000  nan  nan  nan  nan  0.191607963662  0.178257573024  inf  0.000216786154
6923  17.307500  nan  nan  nan  nan  0.191607965753  0.178304476461  inf  0.000216784931
6924  17.310000  nan  nan  nan  nan  0.191607967015  0.178340114642  inf  0.000216783708
6925  17.312500  nan  nan  nan  nan  0.191607967777  0.178369009257  inf  0.000216782485
6926  17.315000  nan  nan  nan  nan  0.191607968237  0.178393210648  inf  0.000216781262
6927  17.317500  nan  nan  nan  nan  0.191607968514  0.178413582123  inf  0.000216780039
6928  17.320000  nan  nan  nan  nan  0.191607968682  0.178430440831  inf  0.000216778816
6929  17.322500  nan  nan  nan  nan  0.191607968783  0.178443859162  inf  0.010053710354
6930  17.325000  nan  nan  nan  nan  0.191607968844  0.178453801227  inf  0.012021758296
6931  17.327500  nan  nan  nan  nan  0.191607968881  0.178460963856  inf  0.012416055550
6932  17.330000  nan  nan  nan  nan  0.191607968903  0.178466168374  inf  0.012495563102
6933  17.332500  nan  nan  nan  nan  0.191607968916  0.178470055299  inf  0.012512090715
6934  17.335000  nan  nan  nan  nan  0.191607968925  0.178473045648  inf  0.012516014984
6935  17.337500  nan  nan  nan  nan  0.191607968929  0.178475395758  inf  0.012517416587
6936  17.340000  nan  nan  nan  nan  0.191607968932  0.178477259833  inf  0.012518313225
6937  17.342500  nan  nan  nan  nan  0.191607968934  0.178478735420  inf  0.012519108849
6938  17.345000  nan  nan  nan  nan  0.191607968935  0.178479891183  inf  0.012519884353
6939  17.347500  nan  nan  nan  nan  0.191607968936  0.178480782338  inf  0.012520655941
6940  17.350000  nan  nan  nan  nan  0.191607968936  0.178481458709  inf  0.012521426858
6941  17.352500  nan  nan  nan  nan  0.191607968937  0.178481968794  inf  0.012522197755
6942  17.355000  nan  nan  nan  nan  0.191607968937  0.178482354789  inf  0.012522968763
6943  17.357500  nan  nan  nan  nan  0.191607968937  0.178482649482  inf  0.012523739907
6944  17.360000  nan  nan  nan  nan  0.191607968937  0.178482876580  inf  0.012524511193
6945  17.362500  nan  nan  nan  nan  0.191607968937  0.178483052709  inf  0.012525282623
6946  17.365000  nan  nan  nan  nan  0.191607968937  0.178483189597  inf  0.012526054196
6947  17.367500  nan  nan  nan  nan  0.191607968937  0.178483295797  inf  0.012526825913
6948  17.370000  nan  nan  nan  nan  0.191607968937  0.178483377832  inf  0.012527597773
6949  17.372500  nan  nan  nan  nan  0.191607968937  0.178483440879  inf  0.012528369776
6950  17.375000  nan  nan  nan  nan  0.191607968937  0.178483489145  inf  0.012529141924
6951  17.377500  nan  nan  nan  nan  0.191607968937  0.178483526052  inf  0.012529914215
6952  17.380000  nan  nan  nan  nan  0.191607968937  0.178483554315  inf  0.012530686649
6953  17.382500  nan  nan  nan  nan  0.191607968937  0.178483576021  inf  0.012531459228
6954  17.385000  nan  nan  nan  nan  0.191607968937  0.178483592738  inf  0.012532231950
6955  17.387500  nan  nan  nan  nan  0.191607968937  0.178483605636  inf  0.012533004816
6956  17.390000  nan  nan  nan  nan  0.191607968937  0.178483615591  inf  0.012533777826
6957  17.392500  nan  nan  nan  nan  0.191607968937  0.178483623268  inf  0.012534550980
6958  17.395000  nan  nan  nan  nan  0.191607968937  0.178483629178  inf  0.012535324278
6959  17.397500  nan  nan  nan  nan  0.191607968937  0.178483633722  inf  0.012536097720
6960  17.400000  nan  nan  nan  nan  0.191607968937  0.178483637212  inf  0.012536378039
6961  17.402500  nan  nan  nan  nan  0.191607968937  0.178483639891  inf  0.012536460330
6962  17.405000  nan  nan  nan  nan  0.191607968937  0.178483641950  inf  0.012536482949
6963  17.407500  nan  nan  nan  nan  0.191607968937  0.178483643534  inf  0.012536489559
6964  17.410000  nan  nan  nan  nan  0.191607968937  0.178483644753  inf  0.012536492114
6965  17.412500  nan  nan  nan  nan  0.191607968937  0.178483645691  inf  0.012536493656
6966  17.415000  nan  nan  nan  nan  0.191607968937  0.178483646414  inf  0.012536494924
6967  17.417500  nan  nan  nan  nan  0.191607968937  0.178483646970  inf  0.012536496091
6968  17.420000  nan  nan  nan  nan  0.191607968937  0.178483647398  inf  0.012536497198
6969  17.422500  nan  nan  nan  nan  0.191607968937  0.178483647728  inf  0.012536498254
6970  17.425000  nan  nan  nan  nan  0.191607968937  0.178483647981  inf  0.012536499261
6971  17.427500  nan  nan  nan  nan  0.191607968937  0.178483648175  inf  0.012536500220
6972  17.430000  nan  nan  nan  nan  0.191607968937  0.178483648325  inf  0.012536501130
6973  17.432500  nan  nan  nan  nan  0.191607968937  0.178483648440  inf  0.012536501992
6974  17.435000  nan  nan  nan  nan  0.191607968937  0.178483648529  inf  0.012536502806
6975  17.437500  nan  nan  nan  nan  0.191607968937  0.178483648597  inf  0.012536503571
6976  17.440000  nan  nan  nan  nan  0.191607968937  0.178483648650  inf  0.012536504288
6977  17.442500  nan  nan  nan  nan  0.191607968937  0.178483648690  inf  0.012536504957
6978  17.445000  nan  nan  nan  nan  0.191607968937  0.178483648721  inf  0.012536505577
6979  17.447500  nan  nan  nan  nan  0.191607968937  0.178483648745  inf  0.012536506148
6980  17.450000  nan  nan  nan  nan  0.191607968937  0.178483648763  inf  0.012536506672
6981  17.452500  nan  nan  nan  nan  0.191607968937  0.178483648777  inf  0.012536507146
6982  17.455000  nan  nan  nan  nan  0.191607968937  0.178483648788  inf  0.012536507573
6983  17.457500  nan  nan  nan  nan  0.191607968937  0.178483648797  inf  0.012536507950
6984  17.460000  nan  nan  nan  nan  0.191607968937  0.178483648803  inf  0.012536508280
6985  17.462500  nan  nan  nan  nan  0.191607968937  0.178483648808  inf  0.012536508560
6986  17.465000  nan  nan  nan  nan  0.191607968937  0.178483648812  inf  0.012536508793
6987  17.467500  nan  nan  nan  nan  0.191607968937  0.178483648815  inf  0.012536508977
6988  17.470000  nan  nan  nan  nan  0.191607968937  0.178483648817  inf  0.012536509112
6989  17.472500  nan  nan  nan  nan  0.191607968937  0.178483648819  inf  0.012536509198
6990  17.475000  nan  nan  nan  nan  0.191607968937  0.178483648820  inf  0.012536509236
6991  17.477500  nan  nan  nan  nan  0.191607968937  0.178483648821  inf  0.012536509251
6992  17.480000  nan  nan  nan  nan  0.191607968937  0.178483648822  inf  0.012536509256
6993  17.482500  nan  nan  nan  nan  0.191607968937  0.178483648823  inf  0.012536509258
6994  17.485000  nan  nan  nan  nan  0.191607968937  0.178483648823  inf  0.012536509260
6995  17.487500  nan  nan  nan  nan  0.191607968937  0.178483648823  inf  0.012536509261
6996  17.490000  nan  nan  nan  nan  0.191607968937  0.178483648824  inf  0.012536509262
6997  17.492500  nan  nan  nan  nan  0.191607968937  0.178483648824  inf  0.012536509263
6998  17.495000  nan  nan  nan  nan  0.191607968937  0.178483648824  inf  0.012536509264
6999  17.497500  nan  nan  nan  nan  0.191607968937  0.178483648824  inf  0.012536509265
