#n  real_time  lyapunov_exponential
0  0.000000 -inf
1  0.002500 -0.003255496412
2  0.005000 -0.004559248576
3  0.007500 -0.006516168470
4  0.010000 -0.008964798283
5  0.012500 -0.011874145122
6  0.015000 -0.015235180833
7  0.017500 -0.019045331190
8  0.020000 -0.023304575780
9  0.022500 -0.028014137207
10  0.025000 -0.033175935401
11  0.027500 -0.038792311689
12  0.030000 -0.044865862918
13  0.032500 -0.051399318302
14  0.035000 -0.058395428439
15  0.037500 -0.065856847043
16  0.040000 -0.073786000746
17  0.042500 -0.082184929077
18  0.045000 -0.091055098895
19  0.047500 -0.100397171800
20  0.050000 -0.110210718853
21  0.052500 -0.120493871480
22  0.055000 -0.131242896174
23  0.057500 -0.142451675713
24  0.060000 -0.154111078796
25  0.062500 -0.166208211908
26  0.065000 -0.178725530593
27  0.067500 -0.191639814171
28  0.070000 -0.204921004412
29  0.072500 -0.218530942787
30  0.075000 -0.232422065217
31  0.077500 -0.246536160853
32  0.080000 -0.260803360136
33  0.082500 -0.275141568345
34  0.085000 -0.289456617303
35  0.087500 -0.303643410845
36  0.090000 -0.317588272000
37  0.092500 -0.331172567027
38  0.095000 -0.344277433592
39  0.097500 -0.356789177724
40  0.100000 -0.368604692653
41  0.102500 -0.379636182583
42  0.105000 -0.389814583848
43  0.107500 -0.399091337436
44  0.110000 -0.407438502596
45  0.112500 -0.414847455274
46  0.115000 -0.421326593156
47  0.117500 -0.426898496325
48  0.120000 -0.431596927965
49  0.122500 -0.435463969412
50  0.125000 -0.438547466733
51  0.127500 -0.440898862024
52  0.130000 -0.442571441624
53  0.132500 -0.443618962101
54  0.135000 -0.444094618816
55  0.137500 -0.444050289766
56  0.140000 -0.443536017577
57  0.142500 -0.442599662700
58  0.145000 -0.441286700284
59  0.147500 -0.439640120184
60  0.150000 -0.437700404318
61  0.152500 -0.435505557011
62  0.155000 -0.433091173285
63  0.157500 -0.430490536022
64  0.160000 -0.427734725844
65  0.162500 -0.424852739960
66  0.165000 -0.421871616984
67  0.167500 -0.418816558912
68  0.170000 -0.415711051361
69  0.172500 -0.412576978783
70  0.175000 -0.409434736132
71  0.177500 -0.406303329094
72  0.180000 -0.403200471019
73  0.182500 -0.400142671364
74  0.185000 -0.397145316858
75  0.187500 -0.394222743557
76  0.190000 -0.391388302266
77  0.192500 -0.388654417052
78  0.195000 -0.386032634761
79  0.197500 -0.383533668831
80  0.200000 -0.381167432410
81  0.202500 -0.378943067039
82  0.205000 -0.376868960463
83  0.207500 -0.374952758178
84  0.210000 -0.373201365432
85  0.212500 -0.371620940997
86  0.215000 -0.370216879926
87  0.217500 -0.368993789098
88  0.220000 -0.367955450644
89  0.222500 -0.367104775785
90  0.225000 -0.366443747757
91  0.227500 -0.365973354153
92  0.230000 -0.365693508335
93  0.232500 -0.365602963093
94  0.235000 -0.365699215134
95  0.237500 -0.365978406233
96  0.240000 -0.366435220287
97  0.242500 -0.367062788331
98  0.245000 -0.367852600615
99  0.247500 -0.368794437705
100  0.250000 -0.369876331222
101  0.252500 -0.371084561894
102  0.255000 -0.372403705754
103  0.257500 -0.373816740991
104  0.260000 -0.375305218082
105  0.262500 -0.376849500869
106  0.265000 -0.378429073244
107  0.267500 -0.380022906109
108  0.270000 -0.381609867613
109  0.272500 -0.383169156537
110  0.275000 -0.384680737664
111  0.277500 -0.386125751051
112  0.280000 -0.387486874719
113  0.282500 -0.388748621502
114  0.285000 -0.389897556048
115  0.287500 -0.390922430395
116  0.290000 -0.391814239229
117  0.292500 -0.392566200904
118  0.295000 -0.393173677955
119  0.297500 -0.393634048688
120  0.300000 -0.393946544696
121  0.302500 -0.394112067044
122  0.305000 -0.394132993820
123  0.307500 -0.394012986523
124  0.310000 -0.393756801345
125  0.312500 -0.393370113932
126  0.315000 -0.392859356380
127  0.317500 -0.392231572178
128  0.320000 -0.391494285436
129  0.322500 -0.390655388633
130  0.325000 -0.389723043427
131  0.327500 -0.388705597625
132  0.330000 -0.387611514719
133  0.332500 -0.386449313830
134  0.335000 -0.385227522020
135  0.337500 -0.383954633053
136  0.340000 -0.382639075759
137  0.342500 -0.381289187579
138  0.345000 -0.379913194811
139  0.347500 -0.378519196516
140  0.350000 -0.377115152764
141  0.352500 -0.375708876093
142  0.355000 -0.374308025496
143  0.357500 -0.372920101438
144  0.360000 -0.371552443736
145  0.362500 -0.370212229452
146  0.365000 -0.368906471748
147  0.367500 -0.367642018948
148  0.370000 -0.366425553749
149  0.372500 -0.365263591223
150  0.375000 -0.364162476640
151  0.377500 -0.363128382075
152  0.380000 -0.362167299991
153  0.382500 -0.361285036754
154  0.385000 -0.360487200984
155  0.387500 -0.359779191128
156  0.390000 -0.359166177496
157  0.392500 -0.358653080485
158  0.395000 -0.358244543161
159  0.397500 -0.357944897066
160  0.400000 -0.357758121194
161  0.402500 -0.357687792021
162  0.405000 -0.357737025156
163  0.407500 -0.357908404894
164  0.410000 -0.358203903039
165  0.412500 -0.358624784478
166  0.415000 -0.359171501466
167  0.417500 -0.359843574737
168  0.420000 -0.360639463296
169  0.422500 -0.361556428169
170  0.425000 -0.362590391042
171  0.427500 -0.363735799214
172  0.430000 -0.364985503281
173  0.432500 -0.366330662863
174  0.435000 -0.367760693722
175  0.437500 -0.369263272407
176  0.440000 -0.370824415459
177  0.442500 -0.372428642805
178  0.445000 -0.374059231388
179  0.447500 -0.375698557130
180  0.450000 -0.377328509295
181  0.452500 -0.378930952506
182  0.455000 -0.380488204883
183  0.457500 -0.381983495916
184  0.460000 -0.383401369813
185  0.462500 -0.384728010834
186  0.465000 -0.385951471545
187  0.467500 -0.387061801925
188  0.470000 -0.388051084294
189  0.472500 -0.388913387887
190  0.475000 -0.389644661378
191  0.477500 -0.390242580946
192  0.480000 -0.390706371994
193  0.482500 -0.391036619342
194  0.485000 -0.391235078031
195  0.487500 -0.391304491032
196  0.490000 -0.391248421470
197  0.492500 -0.391071101013
198  0.495000 -0.390777295907
199  0.497500 -0.390372190938
200  0.500000 -0.389861289189
201  0.502500 -0.389250328776
202  0.505000 -0.388545212193
203  0.507500 -0.387751947508
204  0.510000 -0.386876601884
205  0.512500 -0.385925262513
206  0.515000 -0.384904005643
207  0.517500 -0.383818872261
208  0.520000 -0.382675849288
209  0.522500 -0.381480855314
210  0.525000 -0.380239729563
211  0.527500 -0.378958224900
212  0.530000 -0.377642002503
213  0.532500 -0.376296629362
214  0.535000 -0.374927576907
215  0.537500 -0.373540221399
216  0.540000 -0.372139845248
217  0.542500 -0.370731639323
218  0.545000 -0.369320705733
219  0.547500 -0.367912062226
220  0.550000 -0.366510644959
221  0.552500 -0.365121313568
222  0.555000 -0.363748855682
223  0.557500 -0.362397991212
224  0.560000 -0.361073377509
225  0.562500 -0.359779613530
226  0.565000 -0.358521244901
227  0.567500 -0.357302768446
228  0.570000 -0.356128636127
229  0.572500 -0.355003258935
230  0.575000 -0.353931010877
231  0.577500 -0.352916231691
232  0.580000 -0.351963229012
233  0.582500 -0.351076280349
234  0.585000 -0.350259633130
235  0.587500 -0.349517503976
236  0.590000 -0.348854076416
237  0.592500 -0.348273496324
238  0.595000 -0.347779865175
239  0.597500 -0.347377229949
240  0.600000 -0.347069569796
241  0.602500 -0.346860777579
242  0.605000 -0.346754635965
243  0.607500 -0.346754786615
244  0.610000 -0.346864690980
245  0.612500 -0.347087580432
246  0.615000 -0.347426394914
247  0.617500 -0.347883706867
248  0.620000 -0.348461627368
249  0.622500 -0.349161693978
250  0.625000 -0.349984736019
251  0.627500 -0.350930718344
252  0.630000 -0.351998561099
253  0.632500 -0.353185938986
254  0.635000 -0.354489068930
255  0.637500 -0.355902492196
256  0.640000 -0.357418873535
257  0.642500 -0.359028840141
258  0.645000 -0.360720890585
259  0.647500 -0.362481408952
260  0.650000 -0.364294814274
261  0.652500 -0.366143865646
262  0.655000 -0.368010122047
263  0.657500 -0.369874532130
264  0.660000 -0.371718102207
265  0.662500 -0.373522572751
266  0.665000 -0.375271034426
267  0.667500 -0.376948420033
268  0.670000 -0.378541840588
269  0.672500 -0.380040751596
270  0.675000 -0.381436971605
271  0.677500 -0.382724575860
272  0.680000 -0.383899708874
273  0.682500 -0.384960345774
274  0.685000 -0.385906035012
275  0.687500 -0.386737643177
276  0.690000 -0.387457116452
277  0.692500 -0.388067265339
278  0.695000 -0.388571579069
279  0.697500 -0.388974065879
280  0.700000 -0.389279121098
281  0.702500 -0.389491418170
282  0.705000 -0.389615820380
283  0.707500 -0.389657310534
284  0.710000 -0.389620934161
285  0.712500 -0.389511756320
286  0.715000 -0.389334826737
287  0.717500 -0.389095154108
288  0.720000 -0.388797685783
289  0.722500 -0.388447294164
290  0.725000 -0.388048765089
291  0.727500 -0.387606790728
292  0.730000 -0.387125965024
293  0.732500 -0.386610780336
294  0.735000 -0.386065625874
295  0.737500 -0.385494787355
296  0.740000 -0.384902447071
297  0.742500 -0.384292684743
298  0.745000 -0.383669479128
299  0.747500 -0.383036708662
300  0.750000 -0.382398152967
301  0.752500 -0.381757494258
302  0.755000 -0.381118317418
303  0.757500 -0.380484111135
304  0.760000 -0.379858267988
305  0.762500 -0.379244083587
306  0.765000 -0.378644755558
307  0.767500 -0.378063381574
308  0.770000 -0.377502956650
309  0.772500 -0.376966369336
310  0.775000 -0.376456396851
311  0.777500 -0.375975699181
312  0.780000 -0.375526811583
313  0.782500 -0.375112135469
314  0.785000 -0.374733928025
315  0.787500 -0.374394290229
316  0.790000 -0.374095152326
317  0.792500 -0.373838258297
318  0.795000 -0.373625147093
319  0.797500 -0.373457132815
320  0.800000 -0.373335282221
321  0.802500 -0.373260391008
322  0.805000 -0.373232957611
323  0.807500 -0.373253156800
324  0.810000 -0.373320811837
325  0.812500 -0.373435367383
326  0.815000 -0.373595863536
327  0.817500 -0.373800912768
328  0.820000 -0.374048680785
329  0.822500 -0.374336874022
330  0.825000 -0.374662734263
331  0.827500 -0.375023043652
332  0.830000 -0.375414141743
333  0.832500 -0.375831954384
334  0.835000 -0.376272037942
335  0.837500 -0.376729635633
336  0.840000 -0.377199748298
337  0.842500 -0.377677214407
338  0.845000 -0.378156798903
339  0.847500 -0.378633286154
340  0.850000 -0.379101573531
341  0.852500 -0.379556759204
342  0.855000 -0.379994224327
343  0.857500 -0.380409701784
344  0.860000 -0.380799333484
345  0.862500 -0.381159711890
346  0.865000 -0.381487907292
347  0.867500 -0.381781480019
348  0.870000 -0.382038480948
349  0.872500 -0.382257440380
350  0.875000 -0.382437348119
351  0.877500 -0.382577627284
352  0.880000 -0.382678102880
353  0.882500 -0.382738968226
354  0.885000 -0.382760749031
355  0.887500 -0.382744268619
356  0.890000 -0.382690613022
357  0.892500 -0.382601097961
358  0.895000 -0.382477238187
359  0.897500 -0.382320718395
360  0.900000 -0.382133367316
361  0.902500 -0.381917133694
362  0.905000 -0.381674064698
363  0.907500 -0.381406286755
364  0.910000 -0.381115988428
365  0.912500 -0.380805404892
366  0.915000 -0.380476804683
367  0.917500 -0.380132477070
368  0.920000 -0.379774721411
369  0.922500 -0.379405837368
370  0.925000 -0.379028116068
371  0.927500 -0.378643831831
372  0.930000 -0.378255234633
373  0.932500 -0.377864543231
374  0.935000 -0.377473938214
375  0.937500 -0.377085555072
376  0.940000 -0.376701478031
377  0.942500 -0.376323733107
378  0.945000 -0.375954281271
379  0.947500 -0.375595011265
380  0.950000 -0.375247731873
381  0.952500 -0.374914164187
382  0.955000 -0.374595932587
383  0.957500 -0.374294555895
384  0.960000 -0.374011437370
385  0.962500 -0.373747854030
386  0.965000 -0.373504945624
387  0.967500 -0.373283702343
388  0.970000 -0.373084952805
389  0.972500 -0.372909350733
390  0.975000 -0.372757361963
391  0.977500 -0.372629251283
392  0.980000 -0.372525069140
393  0.982500 -0.372444639612
394  0.985000 -0.372387549476
395  0.987500 -0.372353138613
396  0.990000 -0.372340493196
397  0.992500 -0.372348441643
398  0.995000 -0.372375554495
399  0.997500 -0.372420148721
400  1.000000 -0.372480296664
401  1.002500 -0.372553840734
402  1.005000 -0.372638413843
403  1.007500 -0.372731465121
404  1.010000 -0.372830291293
405  1.012500 -0.372932073045
406  1.015000 -0.373033915103
407  1.017500 -0.373132888958
408  1.020000 -0.373226077253
409  1.022500 -0.373310618159
410  1.025000 -0.373383747704
411  1.027500 -0.373442839529
412  1.030000 -0.373485440154
413  1.032500 -0.373509299373
414  1.035000 -0.373512394942
415  1.037500 -0.373492950789
416  1.040000 -0.373449449477
417  1.042500 -0.373380638971
418  1.045000 -0.373285534074
419  1.047500 -0.373163412885
420  1.050000 -0.373013809700
421  1.052500 -0.372836504787
422  1.055000 -0.372631511424
423  1.057500 -0.372399061757
424  1.060000 -0.372139591050
425  1.062500 -0.371853721806
426  1.065000 -0.371542247456
427  1.067500 -0.371206116774
428  1.070000 -0.370846418522
429  1.072500 -0.370464366976
430  1.075000 -0.370061288348
431  1.077500 -0.369638608129
432  1.080000 -0.369197839730
433  1.082500 -0.368740573692
434  1.085000 -0.368268468290
435  1.087500 -0.367783241019
436  1.090000 -0.367286661038
437  1.092500 -0.366780542383
438  1.095000 -0.366266738232
439  1.097500 -0.365747135536
440  1.100000 -0.365223650691
441  1.102500 -0.364698225695
442  1.105000 -0.364172824687
443  1.107500 -0.363649431372
444  1.110000 -0.363130046645
445  1.112500 -0.362616686327
446  1.115000 -0.362111379854
447  1.117500 -0.361616168490
448  1.120000 -0.361133104458
449  1.122500 -0.360664249728
450  1.125000 -0.360211675158
451  1.127500 -0.359777459581
452  1.130000 -0.359363689027
453  1.132500 -0.358972455632
454  1.135000 -0.358605856609
455  1.137500 -0.358265992848
456  1.140000 -0.357954967285
457  1.142500 -0.357674882797
458  1.145000 -0.357427839423
459  1.147500 -0.357215931015
460  1.150000 -0.357041240756
461  1.152500 -0.356905836030
462  1.155000 -0.356811761084
463  1.157500 -0.356761028820
464  1.160000 -0.356755609832
465  1.162500 -0.356797419853
466  1.165000 -0.356888302947
467  1.167500 -0.357030012477
468  1.170000 -0.357224187307
469  1.172500 -0.357472322681
470  1.175000 -0.357775736556
471  1.177500 -0.358135528917
472  1.180000 -0.358552534376
473  1.182500 -0.359027267415
474  1.185000 -0.359559860269
475  1.187500 -0.360149993352
476  1.190000 -0.360796820498
477  1.192500 -0.361498890159
478  1.195000 -0.362254067989
479  1.197500 -0.363059464728
480  1.200000 -0.363911378266
481  1.202500 -0.364805257857
482  1.205000 -0.365735701179
483  1.207500 -0.366696492387
484  1.210000 -0.367680687722
485  1.212500 -0.368680753352
486  1.215000 -0.369688746739
487  1.217500 -0.370696536510
488  1.220000 -0.371696038972
489  1.222500 -0.372679454182
490  1.225000 -0.373639480916
491  1.227500 -0.374569492504
492  1.230000 -0.375463665972
493  1.232500 -0.376317057370
494  1.235000 -0.377125628680
495  1.237500 -0.377886232975
496  1.240000 -0.378596566232
497  1.242500 -0.379255098308
498  1.245000 -0.379860990093
499  1.247500 -0.380414006501
500  1.250000 -0.380914429548
501  1.252500 -0.381362976592
502  1.255000 -0.381760725516
503  1.257500 -0.382109047435
504  1.260000 -0.382409548502
505  1.262500 -0.382664019986
506  1.265000 -0.382874395358
507  1.267500 -0.383042714689
508  1.270000 -0.383171094897
509  1.272500 -0.383261705163
510  1.275000 -0.383316746494
511  1.277500 -0.383338435628
512  1.280000 -0.383328991361
513  1.282500 -0.383290623820
514  1.285000 -0.383225525537
515  1.287500 -0.383135864492
516  1.290000 -0.383023778278
517  1.292500 -0.382891369385
518  1.295000 -0.382740701676
519  1.297500 -0.382573796948
520  1.300000 -0.382392632487
521  1.302500 -0.382199138725
522  1.305000 -0.381995196982
523  1.307500 -0.381782637736
524  1.310000 -0.381563238598
525  1.312500 -0.381338722250
526  1.315000 -0.381110754556
527  1.317500 -0.380880942455
528  1.320000 -0.380650831246
529  1.322500 -0.380421902180
530  1.325000 -0.380195569376
531  1.327500 -0.379973176797
532  1.330000 -0.379755994489
533  1.332500 -0.379545214682
534  1.335000 -0.379341947581
535  1.337500 -0.379147216799
536  1.340000 -0.378961954262
537  1.342500 -0.378786995180
538  1.345000 -0.378623072507
539  1.347500 -0.378470811337
540  1.350000 -0.378330723159
541  1.352500 -0.378203200218
542  1.355000 -0.378088510277
543  1.357500 -0.377986791319
544  1.360000 -0.377898047181
545  1.362500 -0.377822143867
546  1.365000 -0.377758806840
547  1.367500 -0.377707619834
548  1.370000 -0.377668025130
549  1.372500 -0.377639325404
550  1.375000 -0.377620688202
551  1.377500 -0.377611152292
552  1.380000 -0.377609636097
553  1.382500 -0.377614949218
554  1.385000 -0.377625805732
555  1.387500 -0.377640840026
556  1.390000 -0.377658624516
557  1.392500 -0.377677688741
558  1.395000 -0.377696539695
559  1.397500 -0.377713682928
560  1.400000 -0.377727643427
561  1.402500 -0.377736986282
562  1.405000 -0.377740335990
563  1.407500 -0.377736394412
564  1.410000 -0.377723956737
565  1.412500 -0.377701925180
566  1.415000 -0.377669320061
567  1.417500 -0.377625288582
568  1.420000 -0.377569110848
569  1.422500 -0.377500203486
570  1.425000 -0.377418121000
571  1.427500 -0.377322554959
572  1.430000 -0.377213331699
573  1.432500 -0.377090408112
574  1.435000 -0.376953866333
575  1.437500 -0.376803907633
576  1.440000 -0.376640845431
577  1.442500 -0.376465097890
578  1.445000 -0.376277180216
579  1.447500 -0.376077696793
580  1.450000 -0.375867333255
581  1.452500 -0.375646848998
582  1.455000 -0.375417069595
583  1.457500 -0.375178879455
584  1.460000 -0.374933214885
585  1.462500 -0.374681057399
586  1.465000 -0.374423427296
587  1.467500 -0.374161377657
588  1.470000 -0.373895988320
589  1.472500 -0.373628360386
590  1.475000 -0.373359610725
591  1.477500 -0.373090866726
592  1.480000 -0.372823260986
593  1.482500 -0.372557926254
594  1.485000 -0.372295990262
595  1.487500 -0.372038570509
596  1.490000 -0.371786768897
597  1.492500 -0.371541666245
598  1.495000 -0.371304316427
599  1.497500 -0.371075740441
600  1.500000 -0.370856919864
601  1.502500 -0.370648790146
602  1.505000 -0.370452233203
603  1.507500 -0.370268069751
604  1.510000 -0.370097051187
605  1.512500 -0.369939850699
606  1.515000 -0.369797053921
607  1.517500 -0.369669149394
608  1.520000 -0.369556518614
609  1.522500 -0.369459425494
610  1.525000 -0.369378006083
611  1.527500 -0.369312258527
612  1.530000 -0.369262033173
613  1.532500 -0.369227023667
614  1.535000 -0.369206759335
615  1.537500 -0.369200599112
616  1.540000 -0.369207727663
617  1.542500 -0.369227154355
618  1.545000 -0.369257715384
619  1.547500 -0.369298079471
620  1.550000 -0.369346757844
621  1.552500 -0.369402118081
622  1.555000 -0.369462402335
623  1.557500 -0.369525749786
624  1.560000 -0.369590222232
625  1.562500 -0.369653832616
626  1.565000 -0.369714575665
627  1.567500 -0.369770459390
628  1.570000 -0.369819536471
629  1.572500 -0.369859934023
630  1.575000 -0.369889881437
631  1.577500 -0.369907734802
632  1.580000 -0.369911997734
633  1.582500 -0.369901337692
634  1.585000 -0.369874598156
635  1.587500 -0.369830806399
636  1.590000 -0.369769177228
637  1.592500 -0.369689113144
638  1.595000 -0.369590201223
639  1.597500 -0.369472207524
640  1.600000 -0.369335069339
641  1.602500 -0.369178886022
642  1.605000 -0.369003908801
643  1.607500 -0.368810529974
644  1.610000 -0.368599272022
645  1.612500 -0.368370776434
646  1.615000 -0.368125793270
647  1.617500 -0.367865171046
648  1.620000 -0.367589847058
649  1.622500 -0.367300838581
650  1.625000 -0.366999234861
651  1.627500 -0.366686189591
652  1.630000 -0.366362914302
653  1.632500 -0.366030672489
654  1.635000 -0.365690774305
655  1.637500 -0.365344571946
656  1.640000 -0.364993455811
657  1.642500 -0.364638851056
658  1.645000 -0.364282214511
659  1.647500 -0.363925032468
660  1.650000 -0.363568818630
661  1.652500 -0.363215112334
662  1.655000 -0.362865477386
663  1.657500 -0.362521501056
664  1.660000 -0.362184793354
665  1.662500 -0.361856986448
666  1.665000 -0.361539734242
667  1.667500 -0.361234712152
668  1.670000 -0.360943617010
669  1.672500 -0.360668166703
670  1.675000 -0.360410100106
671  1.677500 -0.360171176625
672  1.680000 -0.359953175575
673  1.682500 -0.359757895270
674  1.685000 -0.359587151567
675  1.687500 -0.359442775795
676  1.690000 -0.359326611879
677  1.692500 -0.359240512239
678  1.695000 -0.359186332292
679  1.697500 -0.359165923010
680  1.700000 -0.359181121388
681  1.702500 -0.359233737510
682  1.705000 -0.359325538224
683  1.707500 -0.359458226065
684  1.710000 -0.359633412359
685  1.712500 -0.359852583364
686  1.715000 -0.360117058079
687  1.717500 -0.360427936111
688  1.720000 -0.360786033987
689  1.722500 -0.361191809225
690  1.725000 -0.361645271195
691  1.727500 -0.362145879931
692  1.730000 -0.362692435379
693  1.732500 -0.363282963319
694  1.735000 -0.363914607576
695  1.737500 -0.364583541966
696  1.740000 -0.365284920903
697  1.742500 -0.366012887640
698  1.745000 -0.366760657824
699  1.747500 -0.367520687952
700  1.750000 -0.368284924342
701  1.752500 -0.369045113826
702  1.755000 -0.369793141188
703  1.757500 -0.370521352766
704  1.760000 -0.371222828835
705  1.762500 -0.371891578536
706  1.765000 -0.372522648359
707  1.767500 -0.373112148670
708  1.770000 -0.373657215324
709  1.772500 -0.374155924748
710  1.775000 -0.374607183586
711  1.777500 -0.375010607852
712  1.780000 -0.375366403623
713  1.782500 -0.375675256747
714  1.785000 -0.375938234590
715  1.787500 -0.376156702265
716  1.790000 -0.376332252019
717  1.792500 -0.376466645600
718  1.795000 -0.376561767535
719  1.797500 -0.376619587735
720  1.800000 -0.376642131975
721  1.802500 -0.376631458807
722  1.805000 -0.376589641901
723  1.807500 -0.376518756314
724  1.810000 -0.376420868336
725  1.812500 -0.376298027687
726  1.815000 -0.376152262072
727  1.817500 -0.375985573134
728  1.820000 -0.375799933784
729  1.822500 -0.375597286363
730  1.825000 -0.375379541712
731  1.827500 -0.375148578523
732  1.830000 -0.374906243148
733  1.832500 -0.374654349873
734  1.835000 -0.374394680819
735  1.837500 -0.374128986600
736  1.840000 -0.373858986290
737  1.842500 -0.373586367713
738  1.845000 -0.373312787391
739  1.847500 -0.373039870411
740  1.850000 -0.372769209833
741  1.852500 -0.372502366011
742  1.855000 -0.372240865285
743  1.857500 -0.371986198397
744  1.860000 -0.371739818214
745  1.862500 -0.371503137026
746  1.865000 -0.371277522863
747  1.867500 -0.371064295279
748  1.870000 -0.370864720132
749  1.872500 -0.370680003353
750  1.875000 -0.370511283417
751  1.877500 -0.370359623006
752  1.880000 -0.370225998885
753  1.882500 -0.370111290487
754  1.885000 -0.370016267153
755  1.887500 -0.369941573720
756  1.890000 -0.369887714598
757  1.892500 -0.369855036607
758  1.895000 -0.369843710555
759  1.897500 -0.369853712366
760  1.900000 -0.369884803947
761  1.902500 -0.369936514713
762  1.905000 -0.370008124961
763  1.907500 -0.370098652110
764  1.910000 -0.370206841283
765  1.912500 -0.370331162030
766  1.915000 -0.370469812060
767  1.917500 -0.370620729972
768  1.920000 -0.370781617493
769  1.922500 -0.370949971760
770  1.925000 -0.371123126796
771  1.927500 -0.371298303461
772  1.930000 -0.371472665214
773  1.932500 -0.371643377462
774  1.935000 -0.371807666691
775  1.937500 -0.371962876903
776  1.940000 -0.372106519538
777  1.942500 -0.372236315754
778  1.945000 -0.372350229035
779  1.947500 -0.372446487140
780  1.950000 -0.372523594528
781  1.952500 -0.372580335546
782  1.955000 -0.372615769724
783  1.957500 -0.372629221151
784  1.960000 -0.372620262790
785  1.962500 -0.372588698026
786  1.965000 -0.372534540171
787  1.967500 -0.372457991219
788  1.970000 -0.372359420936
789  1.972500 -0.372239346465
790  1.975000 -0.372098413301
791  1.977500 -0.371937377659
792  1.980000 -0.371757090277
793  1.982500 -0.371558482178
794  1.985000 -0.371342551778
795  1.987500 -0.371110353486
796  1.990000 -0.370862987886
797  1.992500 -0.370601593061
798  1.995000 -0.370327337154
799  1.997500 -0.370041412051
800  2.000000 -0.369745027616
801  2.002500 -0.369439407148
802  2.005000 -0.369125783201
803  2.007500 -0.368805394032
804  2.010000 -0.368479480664
805  2.012500 -0.368149284284
806  2.015000 -0.367816043815
807  2.017500 -0.367480993812
808  2.020000 -0.367145362679
809  2.022500 -0.366810370906
810  2.025000 -0.366477229171
811  2.027500 -0.366147136857
812  2.030000 -0.365821280147
813  2.032500 -0.365500830156
814  2.035000 -0.365186941019
815  2.037500 -0.364880747575
816  2.040000 -0.364583362960
817  2.042500 -0.364295875596
818  2.045000 -0.364019346218
819  2.047500 -0.363754803942
820  2.050000 -0.363503242257
821  2.052500 -0.363265614052
822  2.055000 -0.363042826298
823  2.057500 -0.362835733607
824  2.060000 -0.362645131339
825  2.062500 -0.362471747612
826  2.065000 -0.362316234496
827  2.067500 -0.362179158295
828  2.070000 -0.362060988758
829  2.072500 -0.361962087621
830  2.075000 -0.361882696107
831  2.077500 -0.361822922292
832  2.080000 -0.361782727814
833  2.082500 -0.361761914783
834  2.085000 -0.361760113418
835  2.087500 -0.361776770905
836  2.090000 -0.361811142234
837  2.092500 -0.361862283844
838  2.095000 -0.361929051091
839  2.097500 -0.362010100363
840  2.100000 -0.362103896477
841  2.102500 -0.362208726306
842  2.105000 -0.362322718604
843  2.107500 -0.362443870020
844  2.110000 -0.362570076621
845  2.112500 -0.362699170160
846  2.115000 -0.362828957345
847  2.117500 -0.362957260492
848  2.120000 -0.363081957642
849  2.122500 -0.363201020326
850  2.125000 -0.363312547206
851  2.127500 -0.363414792573
852  2.130000 -0.363506188565
853  2.132500 -0.363585361079
854  2.135000 -0.363651139102
855  2.137500 -0.363702558542
856  2.140000 -0.363738860480
857  2.142500 -0.363759485367
858  2.145000 -0.363764063790
859  2.147500 -0.363752404947
860  2.150000 -0.363724483501
861  2.152500 -0.363680425450
862  2.155000 -0.363620493923
863  2.157500 -0.363545074990
864  2.160000 -0.363454664248
865  2.162500 -0.363349853962
866  2.165000 -0.363231321317
867  2.167500 -0.363099817582
868  2.170000 -0.362956158395
869  2.172500 -0.362801215018
870  2.175000 -0.362635906668
871  2.177500 -0.362461193612
872  2.180000 -0.362278071382
873  2.182500 -0.362087565544
874  2.185000 -0.361890727310
875  2.187500 -0.361688629758
876  2.190000 -0.361482364704
877  2.192500 -0.361273039904
878  2.195000 -0.361061776790
879  2.197500 -0.360849708623
880  2.200000 -0.360637978843
881  2.202500 -0.360427739924
882  2.205000 -0.360220152151
883  2.207500 -0.360016382920
884  2.210000 -0.359817605888
885  2.212500 -0.359625000365
886  2.215000 -0.359439750766
887  2.217500 -0.359263046094
888  2.220000 -0.359096079242
889  2.222500 -0.358940046459
890  2.225000 -0.358796146521
891  2.227500 -0.358665579860
892  2.230000 -0.358549547203
893  2.232500 -0.358449248118
894  2.235000 -0.358365878993
895  2.237500 -0.358300630584
896  2.240000 -0.358254684768
897  2.242500 -0.358229210687
898  2.245000 -0.358225359614
899  2.247500 -0.358244258839
900  2.250000 -0.358287003980
901  2.252500 -0.358354649670
902  2.255000 -0.358448198093
903  2.257500 -0.358568585158
904  2.260000 -0.358716663885
905  2.262500 -0.358893184578
906  2.265000 -0.359098771416
907  2.267500 -0.359333895281
908  2.270000 -0.359598842400
909  2.272500 -0.359893679138
910  2.275000 -0.360218213011
911  2.277500 -0.360571951464
912  2.280000 -0.360954059416
913  2.282500 -0.361363318242
914  2.285000 -0.361798090230
915  2.287500 -0.362256291785
916  2.290000 -0.362735381572
917  2.292500 -0.363232367867
918  2.295000 -0.363743839985
919  2.297500 -0.364266026015
920  2.300000 -0.364794876726
921  2.302500 -0.365326171284
922  2.305000 -0.365855638476
923  2.307500 -0.366379082567
924  2.310000 -0.366892503314
925  2.312500 -0.367392200725
926  2.315000 -0.367874856628
927  2.317500 -0.368337589909
928  2.320000 -0.368777984738
929  2.322500 -0.369194094777
930  2.325000 -0.369584427709
931  2.327500 -0.369947915448
932  2.330000 -0.370283875235
933  2.332500 -0.370591965801
934  2.335000 -0.370872142627
935  2.337500 -0.371124614181
936  2.340000 -0.371349801356
937  2.342500 -0.371548300700
938  2.345000 -0.371720852090
939  2.347500 -0.371868310287
940  2.350000 -0.371991621031
941  2.352500 -0.372091800570
942  2.355000 -0.372169918563
943  2.357500 -0.372227083872
944  2.360000 -0.372264432873
945  2.362500 -0.372283119860
946  2.365000 -0.372284309218
947  2.367500 -0.372269169000
948  2.370000 -0.372238865866
949  2.372500 -0.372194560809
950  2.375000 -0.372137405892
951  2.377500 -0.372068541444
952  2.380000 -0.371989093817
953  2.382500 -0.371900173758
954  2.385000 -0.371802874687
955  2.387500 -0.371698271530
956  2.390000 -0.371587419548
957  2.392500 -0.371471353327
958  2.395000 -0.371351085725
959  2.397500 -0.371227606894
960  2.400000 -0.371101883242
961  2.402500 -0.370974856213
962  2.405000 -0.370847441118
963  2.407500 -0.370720525665
964  2.410000 -0.370594968366
965  2.412500 -0.370471596778
966  2.415000 -0.370351205358
967  2.417500 -0.370234553350
968  2.420000 -0.370122362017
969  2.422500 -0.370015311899
970  2.425000 -0.369914039540
971  2.427500 -0.369819134055
972  2.430000 -0.369731133177
973  2.432500 -0.369650519354
974  2.435000 -0.369577715088
975  2.437500 -0.369513078402
976  2.440000 -0.369456898004
977  2.442500 -0.369409388209
978  2.445000 -0.369370684129
979  2.447500 -0.369340836661
980  2.450000 -0.369319807973
981  2.452500 -0.369307467471
982  2.455000 -0.369303588226
983  2.457500 -0.369307844623
984  2.460000 -0.369319810942
985  2.462500 -0.369338961317
986  2.465000 -0.369364671598
987  2.467500 -0.369396222898
988  2.470000 -0.369432807078
989  2.472500 -0.369473534443
990  2.475000 -0.369517443466
991  2.477500 -0.369563512607
992  2.480000 -0.369610673609
993  2.482500 -0.369657826558
994  2.485000 -0.369703855769
995  2.487500 -0.369747646158
996  2.490000 -0.369788099823
997  2.492500 -0.369824151924
998  2.495000 -0.369854785753
999  2.497500 -0.369879046134
1000  2.500000 -0.369896051358
1001  2.502500 -0.369905002709
1002  2.505000 -0.369905192195
1003  2.507500 -0.369896008006
1004  2.510000 -0.369876937780
1005  2.512500 -0.369847570136
1006  2.515000 -0.369807594322
1007  2.517500 -0.369756798452
1008  2.520000 -0.369695066461
1009  2.522500 -0.369622374195
1010  2.525000 -0.369538784653
1011  2.527500 -0.369444442874
1012  2.530000 -0.369339570417
1013  2.532500 -0.369224459811
1014  2.535000 -0.369099468829
1015  2.537500 -0.368965015254
1016  2.540000 -0.368821571353
1017  2.542500 -0.368669659112
1018  2.545000 -0.368509845436
1019  2.547500 -0.368342737754
1020  2.550000 -0.368168980063
1021  2.552500 -0.367989249263
1022  2.555000 -0.367804251688
1023  2.557500 -0.367614720242
1024  2.560000 -0.367421411421
1025  2.562500 -0.367225102990
1026  2.565000 -0.367026591711
1027  2.567500 -0.366826691393
1028  2.570000 -0.366626230971
1029  2.572500 -0.366426052873
1030  2.575000 -0.366227011555
1031  2.577500 -0.366029971992
1032  2.580000 -0.365835808413
1033  2.582500 -0.365645402916
1034  2.585000 -0.365459644153
1035  2.587500 -0.365279426069
1036  2.590000 -0.365105646293
1037  2.592500 -0.364939204741
1038  2.595000 -0.364781001853
1039  2.597500 -0.364631936497
1040  2.600000 -0.364492903897
1041  2.602500 -0.364364792866
1042  2.605000 -0.364248482730
1043  2.607500 -0.364144839725
1044  2.610000 -0.364054712687
1045  2.612500 -0.363978927960
1046  2.615000 -0.363918283498
1047  2.617500 -0.363873541703
1048  2.620000 -0.363845421363
1049  2.622500 -0.363834587848
1050  2.625000 -0.363841642137
1051  2.627500 -0.363867107961
1052  2.630000 -0.363911417258
1053  2.632500 -0.363974893668
1054  2.635000 -0.364057734327
1055  2.637500 -0.364159989966
1056  2.640000 -0.364281543760
1057  2.642500 -0.364422089363
1058  2.645000 -0.364581108904
1059  2.647500 -0.364757852640
1060  2.650000 -0.364951321225
1061  2.652500 -0.365160252577
1062  2.655000 -0.365383115770
1063  2.657500 -0.365618113468
1064  2.660000 -0.365863195232
1065  2.662500 -0.366116082452
1066  2.665000 -0.366374305783
1067  2.667500 -0.366635253748
1068  2.670000 -0.366896230723
1069  2.672500 -0.367154520711
1070  2.675000 -0.367407452865
1071  2.677500 -0.367652464664
1072  2.680000 -0.367887158113
1073  2.682500 -0.368109346400
1074  2.685000 -0.368317088653
1075  2.687500 -0.368508712229
1076  2.690000 -0.368682823168
1077  2.692500 -0.368838305966
1078  2.695000 -0.368974314912
1079  2.697500 -0.369090258888
1080  2.700000 -0.369185781704
1081  2.702500 -0.369260740171
1082  2.705000 -0.369315181012
1083  2.707500 -0.369349317950
1084  2.710000 -0.369363509963
1085  2.712500 -0.369358240845
1086  2.715000 -0.369334100890
1087  2.717500 -0.369291770329
1088  2.720000 -0.369232004782
1089  2.722500 -0.369155622831
1090  2.725000 -0.369063495141
1091  2.727500 -0.368956535220
1092  2.730000 -0.368835691753
1093  2.732500 -0.368701942150
1094  2.735000 -0.368556287146
1095  2.737500 -0.368399746477
1096  2.740000 -0.368233355430
1097  2.742500 -0.368058162022
1098  2.745000 -0.367875224838
1099  2.747500 -0.367685611459
1100  2.750000 -0.367490397304
1101  2.752500 -0.367290664845
1102  2.755000 -0.367087503249
1103  2.757500 -0.366882008267
1104  2.760000 -0.366675282321
1105  2.762500 -0.366468434982
1106  2.765000 -0.366262583443
1107  2.767500 -0.366058853249
1108  2.770000 -0.365858379264
1109  2.772500 -0.365662306657
1110  2.775000 -0.365471792060
1111  2.777500 -0.365288004787
1112  2.780000 -0.365112128207
1113  2.782500 -0.364945361116
1114  2.785000 -0.364788919292
1115  2.787500 -0.364644036886
1116  2.790000 -0.364511967989
1117  2.792500 -0.364393988037
1118  2.795000 -0.364291395210
1119  2.797500 -0.364205511666
1120  2.800000 -0.364137684521
1121  2.802500 -0.364089286462
1122  2.805000 -0.364061715830
1123  2.807500 -0.364056395890
1124  2.810000 -0.364074773321
1125  2.812500 -0.364118315070
1126  2.815000 -0.364188503476
1127  2.817500 -0.364286828618
1128  2.820000 -0.364414777477
1129  2.822500 -0.364573818319
1130  2.825000 -0.364765379131
1131  2.827500 -0.364990818106
1132  2.830000 -0.365251383835
1133  2.832500 -0.365548162444
1134  2.835000 -0.365882008703
1135  2.837500 -0.366253457383
1136  2.840000 -0.366662613216
1137  2.842500 -0.367109018045
1138  2.845000 -0.367591498599
1139  2.847500 -0.368108005036
1140  2.850000 -0.368655459018
1141  2.852500 -0.369229641999
1142  2.855000 -0.369825163065
1143  2.857500 -0.370435546114
1144  2.860000 -0.371053460228
1145  2.862500 -0.371671086254
1146  2.865000 -0.372280570253
1147  2.867500 -0.372874486332
1148  2.870000 -0.373446225679
1149  2.872500 -0.373990256179
1150  2.875000 -0.374502235293
1151  2.877500 -0.374978995441
1152  2.880000 -0.375418440412
1153  2.882500 -0.375819393634
1154  2.885000 -0.376181431442
1155  2.887500 -0.376504723588
1156  2.890000 -0.376789892673
1157  2.892500 -0.377037896487
1158  2.895000 -0.377249933385
1159  2.897500 -0.377427368163
1160  2.900000 -0.377571675436
1161  2.902500 -0.377684396886
1162  2.905000 -0.377767109626
1163  2.907500 -0.377821403167
1164  2.910000 -0.377848862808
1165  2.912500 -0.377851058101
1166  2.915000 -0.377829534752
1167  2.917500 -0.377785809565
1168  2.920000 -0.377721367180
1169  2.922500 -0.377637658471
1170  2.925000 -0.377536099825
1171  2.927500 -0.377418073265
1172  2.930000 -0.377284927349
1173  2.932500 -0.377137977970
1174  2.935000 -0.376978509782
1175  2.937500 -0.376807777638
1176  2.940000 -0.376627008059
1177  2.942500 -0.376437400819
1178  2.945000 -0.376240130423
1179  2.947500 -0.376036347581
1180  2.950000 -0.375827180595
1181  2.952500 -0.375613736667
1182  2.955000 -0.375397103111
1183  2.957500 -0.375178348336
1184  2.960000 -0.374958522798
1185  2.962500 -0.374738659729
1186  2.965000 -0.374519775708
1187  2.967500 -0.374302871053
1188  2.970000 -0.374088929923
1189  2.972500 -0.373878920255
1190  2.975000 -0.373673793290
1191  2.977500 -0.373474482994
1192  2.980000 -0.373281904815
1193  2.982500 -0.373096954334
1194  2.985000 -0.372920505158
1195  2.987500 -0.372753406495
1196  2.990000 -0.372596479988
1197  2.992500 -0.372450515832
1198  2.995000 -0.372316268194
1199  2.997500 -0.372194449552
1200  3.000000 -0.372085724297
1201  3.002500 -0.371990701035
1202  3.005000 -0.371909923686
1203  3.007500 -0.371843861451
1204  3.010000 -0.371792897375
1205  3.012500 -0.371757315644
1206  3.015000 -0.371737287754
1207  3.017500 -0.371732857566
1208  3.020000 -0.371743925783
1209  3.022500 -0.371770234281
1210  3.025000 -0.371811350956
1211  3.027500 -0.371866656101
1212  3.030000 -0.371935331373
1213  3.032500 -0.372016352880
1214  3.035000 -0.372108489310
1215  3.037500 -0.372210306849
1216  3.040000 -0.372320181784
1217  3.042500 -0.372436321578
1218  3.045000 -0.372556794231
1219  3.047500 -0.372679565127
1220  3.050000 -0.372802540026
1221  3.052500 -0.372923611654
1222  3.055000 -0.373040707295
1223  3.057500 -0.373151834443
1224  3.060000 -0.373255121691
1225  3.062500 -0.373348853169
1226  3.065000 -0.373431494832
1227  3.067500 -0.373501712053
1228  3.070000 -0.373558378936
1229  3.072500 -0.373600580193
1230  3.075000 -0.373627606550
1231  3.077500 -0.373638945263
1232  3.080000 -0.373634267184
1233  3.082500 -0.373613411411
1234  3.085000 -0.373576369036
1235  3.087500 -0.373523266461
1236  3.090000 -0.373454349192
1237  3.092500 -0.373369966478
1238  3.095000 -0.373270557101
1239  3.097500 -0.373156636359
1240  3.100000 -0.373028784632
1241  3.102500 -0.372887637113
1242  3.105000 -0.372733874958
1243  3.107500 -0.372568217562
1244  3.110000 -0.372391415909
1245  3.112500 -0.372204247003
1246  3.115000 -0.372007509087
1247  3.117500 -0.371802017641
1248  3.120000 -0.371588602181
1249  3.122500 -0.371368103287
1250  3.125000 -0.371141370627
1251  3.127500 -0.370909261084
1252  3.130000 -0.370672637195
1253  3.132500 -0.370432366139
1254  3.135000 -0.370189318827
1255  3.137500 -0.369944369252
1256  3.140000 -0.369698393947
1257  3.142500 -0.369452271718
1258  3.145000 -0.369206883324
1259  3.147500 -0.368963111435
1260  3.150000 -0.368721840391
1261  3.152500 -0.368483956138
1262  3.155000 -0.368250346266
1263  3.157500 -0.368021899744
1264  3.160000 -0.367799506790
1265  3.162500 -0.367584058537
1266  3.165000 -0.367376446668
1267  3.167500 -0.367177562763
1268  3.170000 -0.366988297370
1269  3.172500 -0.366809538996
1270  3.175000 -0.366642172488
1271  3.177500 -0.366487076992
1272  3.180000 -0.366345123567
1273  3.182500 -0.366217171770
1274  3.185000 -0.366104065665
1275  3.187500 -0.366006628784
1276  3.190000 -0.365925657787
1277  3.192500 -0.365861914840
1278  3.195000 -0.365816118337
1279  3.197500 -0.365788931657
1280  3.200000 -0.365780949562
1281  3.202500 -0.365792682468
1282  3.205000 -0.365824537727
1283  3.207500 -0.365876798128
1284  3.210000 -0.365949597524
1285  3.212500 -0.366042893913
1286  3.215000 -0.366156440278
1287  3.217500 -0.366289754602
1288  3.220000 -0.366442090388
1289  3.222500 -0.366612410011
1290  3.225000 -0.366799364090
1291  3.227500 -0.367001279881
1292  3.230000 -0.367216162799
1293  3.232500 -0.367441714337
1294  3.235000 -0.367675367828
1295  3.237500 -0.367914343562
1296  3.240000 -0.368155720001
1297  3.242500 -0.368396517232
1298  3.245000 -0.368633785651
1299  3.247500 -0.368864692718
1300  3.250000 -0.369086600130
1301  3.252500 -0.369297126267
1302  3.255000 -0.369494190182
1303  3.257500 -0.369676036738
1304  3.260000 -0.369841243928
1305  3.262500 -0.369988715726
1306  3.265000 -0.370117663763
1307  3.267500 -0.370227581596
1308  3.270000 -0.370318214963
1309  3.272500 -0.370389530565
1310  3.275000 -0.370441685252
1311  3.277500 -0.370474997207
1312  3.280000 -0.370489919513
1313  3.282500 -0.370487016851
1314  3.285000 -0.370466945101
1315  3.287500 -0.370430433883
1316  3.290000 -0.370378271837
1317  3.292500 -0.370311294365
1318  3.295000 -0.370230373317
1319  3.297500 -0.370136408804
1320  3.300000 -0.370030322400
1321  3.302500 -0.369913051756
1322  3.305000 -0.369785546306
1323  3.307500 -0.369648763855
1324  3.310000 -0.369503668200
1325  3.312500 -0.369351227111
1326  3.315000 -0.369192411001
1327  3.317500 -0.369028192099
1328  3.320000 -0.368859543838
1329  3.322500 -0.368687440722
1330  3.325000 -0.368512858332
1331  3.327500 -0.368336773560
1332  3.330000 -0.368160165051
1333  3.332500 -0.367984013791
1334  3.335000 -0.367809303773
1335  3.337500 -0.367637022751
1336  3.340000 -0.367468163178
1337  3.342500 -0.367303723027
1338  3.345000 -0.367144706793
1339  3.347500 -0.366992126398
1340  3.350000 -0.366847002183
1341  3.352500 -0.366710363721
1342  3.355000 -0.366583250725
1343  3.357500 -0.366466713616
1344  3.360000 -0.366361814217
1345  3.362500 -0.366269626011
1346  3.365000 -0.366191234020
1347  3.367500 -0.366127734409
1348  3.370000 -0.366080233354
1349  3.372500 -0.366049845383
1350  3.375000 -0.366037690387
1351  3.377500 -0.366044889557
1352  3.380000 -0.366072559515
1353  3.382500 -0.366121804328
1354  3.385000 -0.366193704493
1355  3.387500 -0.366289302625
1356  3.390000 -0.366409584319
1357  3.392500 -0.366555453527
1358  3.395000 -0.366727701011
1359  3.397500 -0.366926964351
1360  3.400000 -0.367153678298
1361  3.402500 -0.367408014817
1362  3.405000 -0.367689811988
1363  3.407500 -0.367998493800
1364  3.410000 -0.368332984246
1365  3.412500 -0.368691623180
1366  3.415000 -0.369072095513
1367  3.417500 -0.369471389091
1368  3.420000 -0.369885799199
1369  3.422500 -0.370310995258
1370  3.425000 -0.370742157017
1371  3.427500 -0.371174174486
1372  3.430000 -0.371601889502
1373  3.432500 -0.372020345495
1374  3.435000 -0.372425009182
1375  3.437500 -0.372811936208
1376  3.440000 -0.373177867293
1377  3.442500 -0.373520257018
1378  3.445000 -0.373837247668
1379  3.447500 -0.374127606597
1380  3.450000 -0.374390643345
1381  3.452500 -0.374626120982
1382  3.455000 -0.374834170427
1383  3.457500 -0.375015213199
1384  3.460000 -0.375169894977
1385  3.462500 -0.375299030285
1386  3.465000 -0.375403557613
1387  3.467500 -0.375484503688
1388  3.470000 -0.375542955474
1389  3.472500 -0.375580038535
1390  3.475000 -0.375596900411
1391  3.477500 -0.375594698220
1392  3.480000 -0.375574589381
1393  3.482500 -0.375537724672
1394  3.485000 -0.375485243438
1395  3.487500 -0.375418270098
1396  3.490000 -0.375337911883
1397  3.492500 -0.375245257294
1398  3.495000 -0.375141375321
1399  3.497500 -0.375027315074
1400  3.500000 -0.374904105734
1401  3.502500 -0.374772756763
1402  3.505000 -0.374634258251
1403  3.507500 -0.374489581393
1404  3.510000 -0.374339678930
1405  3.512500 -0.374185485717
1406  3.515000 -0.374027919131
1407  3.517500 -0.373867879465
1408  3.520000 -0.373706250312
1409  3.522500 -0.373543898699
1410  3.525000 -0.373381675178
1411  3.527500 -0.373220413698
1412  3.530000 -0.373060931253
1413  3.532500 -0.372904027480
1414  3.535000 -0.372750483902
1415  3.537500 -0.372601062779
1416  3.540000 -0.372456505846
1417  3.542500 -0.372317532524
1418  3.545000 -0.372184837910
1419  3.547500 -0.372059090188
1420  3.550000 -0.371940927571
1421  3.552500 -0.371830954694
1422  3.555000 -0.371729738493
1423  3.557500 -0.371637803401
1424  3.560000 -0.371555625815
1425  3.562500 -0.371483627934
1426  3.565000 -0.371422170884
1427  3.567500 -0.371371547225
1428  3.570000 -0.371331972718
1429  3.572500 -0.371303577655
1430  3.575000 -0.371286397923
1431  3.577500 -0.371280366003
1432  3.580000 -0.371285302198
1433  3.582500 -0.371300906779
1434  3.585000 -0.371326753241
1435  3.587500 -0.371362283537
1436  3.590000 -0.371406805977
1437  3.592500 -0.371459496256
1438  3.595000 -0.371519402365
1439  3.597500 -0.371585453729
1440  3.600000 -0.371656474927
1441  3.602500 -0.371731203759
1442  3.605000 -0.371808313188
1443  3.607500 -0.371886436438
1444  3.610000 -0.371964194240
1445  3.612500 -0.372040222530
1446  3.615000 -0.372113199663
1447  3.617500 -0.372181871463
1448  3.620000 -0.372245073139
1449  3.622500 -0.372301747181
1450  3.625000 -0.372350956907
1451  3.627500 -0.372391895245
1452  3.630000 -0.372423889427
1453  3.632500 -0.372446401566
1454  3.635000 -0.372459026010
1455  3.637500 -0.372461484081
1456  3.640000 -0.372453616874
1457  3.642500 -0.372435376696
1458  3.645000 -0.372406817824
1459  3.647500 -0.372368086938
1460  3.650000 -0.372319413580
1461  3.652500 -0.372261101034
1462  3.655000 -0.372193517641
1463  3.657500 -0.372117088823
1464  3.660000 -0.372032289754
1465  3.662500 -0.371939638745
1466  3.665000 -0.371839691444
1467  3.667500 -0.371733035566
1468  3.670000 -0.371620286433
1469  3.672500 -0.371502082898
1470  3.675000 -0.371379084051
1471  3.677500 -0.371251966169
1472  3.680000 -0.371121420263
1473  3.682500 -0.370988149918
1474  3.685000 -0.370852869429
1475  3.687500 -0.370716302275
1476  3.690000 -0.370579179847
1477  3.692500 -0.370442240254
1478  3.695000 -0.370306227358
1479  3.697500 -0.370171889942
1480  3.700000 -0.370039980916
1481  3.702500 -0.369911256576
1482  3.705000 -0.369786475868
1483  3.707500 -0.369666399624
1484  3.710000 -0.369551789744
1485  3.712500 -0.369443408224
1486  3.715000 -0.369342016049
1487  3.717500 -0.369248371854
1488  3.720000 -0.369163230280
1489  3.722500 -0.369087340016
1490  3.725000 -0.369021441320
1491  3.727500 -0.368966263132
1492  3.730000 -0.368922519383
1493  3.732500 -0.368890904575
1494  3.735000 -0.368872088517
1495  3.737500 -0.368866709831
1496  3.740000 -0.368875368234
1497  3.742500 -0.368898615372
1498  3.745000 -0.368936944027
1499  3.747500 -0.368990775424
1500  3.750000 -0.369060444659
1501  3.752500 -0.369146184051
1502  3.755000 -0.369248104513
1503  3.757500 -0.369366175218
1504  3.760000 -0.369500201992
1505  3.762500 -0.369649805238
1506  3.765000 -0.369814398682
1507  3.767500 -0.369993170500
1508  3.770000 -0.370185068825
1509  3.772500 -0.370388794416
1510  3.775000 -0.370602802276
1511  3.777500 -0.370825315120
1512  3.780000 -0.371054349588
1513  3.782500 -0.371287755751
1514  3.785000 -0.371523268130
1515  3.787500 -0.371758566172
1516  3.790000 -0.371991338580
1517  3.792500 -0.372219347591
1518  3.795000 -0.372440487310
1519  3.797500 -0.372652832809
1520  3.800000 -0.372854676637
1521  3.802500 -0.373044551902
1522  3.805000 -0.373221242596
1523  3.807500 -0.373383782708
1524  3.810000 -0.373531446100
1525  3.812500 -0.373663730396
1526  3.815000 -0.373780336437
1527  3.817500 -0.373881145927
1528  3.820000 -0.373966198636
1529  3.822500 -0.374035670257
1530  3.825000 -0.374089851807
1531  3.827500 -0.374129130865
1532  3.830000 -0.374153974991
1533  3.832500 -0.374164917121
1534  3.835000 -0.374162543110
1535  3.837500 -0.374147481071
1536  3.840000 -0.374120392317
1537  3.842500 -0.374081964014
1538  3.845000 -0.374032902806
1539  3.847500 -0.373973929844
1540  3.850000 -0.373905776456
1541  3.852500 -0.373829180893
1542  3.855000 -0.373744885488
1543  3.857500 -0.373653634531
1544  3.860000 -0.373556172561
1545  3.862500 -0.373453243038
1546  3.865000 -0.373345587230
1547  3.867500 -0.373233943508
1548  3.870000 -0.373119046702
1549  3.872500 -0.373001627683
1550  3.875000 -0.372882413034
1551  3.877500 -0.372762124859
1552  3.880000 -0.372641480586
1553  3.882500 -0.372521192797
1554  3.885000 -0.372401969192
1555  3.887500 -0.372284512348
1556  3.890000 -0.372169519566
1557  3.892500 -0.372057682636
1558  3.895000 -0.371949687511
1559  3.897500 -0.371846213863
1560  3.900000 -0.371747934501
1561  3.902500 -0.371655514591
1562  3.905000 -0.371569610773
1563  3.907500 -0.371490869882
1564  3.910000 -0.371419927526
1565  3.912500 -0.371357406234
1566  3.915000 -0.371303913199
1567  3.917500 -0.371260037616
1568  3.920000 -0.371226347496
1569  3.922500 -0.371203385809
1570  3.925000 -0.371191665945
1571  3.927500 -0.371191666469
1572  3.930000 -0.371203824915
1573  3.932500 -0.371228530707
1574  3.935000 -0.371266117028
1575  3.937500 -0.371316851706
1576  3.940000 -0.371380926990
1577  3.942500 -0.371458448375
1578  3.945000 -0.371549422549
1579  3.947500 -0.371653744879
1580  3.950000 -0.371771186559
1581  3.952500 -0.371901382248
1582  3.955000 -0.372043818857
1583  3.957500 -0.372197826313
1584  3.960000 -0.372362571392
1585  3.962500 -0.372537055969
1586  3.965000 -0.372720120374
1587  3.967500 -0.372910453036
1588  3.970000 -0.373106607009
1589  3.972500 -0.373307023082
1590  3.975000 -0.373510059277
1591  3.977500 -0.373714024876
1592  3.980000 -0.373917217722
1593  3.982500 -0.374117962198
1594  3.985000 -0.374314645409
1595  3.987500 -0.374505749669
1596  3.990000 -0.374689879636
1597  3.992500 -0.374865782665
1598  3.995000 -0.375032362511
1599  3.997500 -0.375188686020
1600  4.000000 -0.375333984019
1601  4.002500 -0.375467647163
1602  4.005000 -0.375589217928
1603  4.007500 -0.375698379782
1604  4.010000 -0.375794944816
1605  4.012500 -0.375878840511
1606  4.015000 -0.375950096248
1607  4.017500 -0.376008830335
1608  4.020000 -0.376055237742
1609  4.022500 -0.376089578798
1610  4.025000 -0.376112168734
1611  4.027500 -0.376123368565
1612  4.030000 -0.376123576920
1613  4.032500 -0.376113222879
1614  4.035000 -0.376092759740
1615  4.037500 -0.376062659661
1616  4.040000 -0.376023408965
1617  4.042500 -0.375975504244
1618  4.045000 -0.375919448890
1619  4.047500 -0.375855750243
1620  4.050000 -0.375784917046
1621  4.052500 -0.375707457389
1622  4.055000 -0.375623876793
1623  4.057500 -0.375534676739
1624  4.060000 -0.375440353196
1625  4.062500 -0.375341395562
1626  4.065000 -0.375238285513
1627  4.067500 -0.375131496058
1628  4.070000 -0.375021490729
1629  4.072500 -0.374908722723
1630  4.075000 -0.374793634162
1631  4.077500 -0.374676655425
1632  4.080000 -0.374558204356
1633  4.082500 -0.374438685567
1634  4.085000 -0.374318489731
1635  4.087500 -0.374197992858
1636  4.090000 -0.374077555549
1637  4.092500 -0.373957522180
1638  4.095000 -0.373838220134
1639  4.097500 -0.373719958912
1640  4.100000 -0.373603029341
1641  4.102500 -0.373487702655
1642  4.105000 -0.373374229571
1643  4.107500 -0.373262839402
1644  4.110000 -0.373153739122
1645  4.112500 -0.373047112447
1646  4.115000 -0.372943118951
1647  4.117500 -0.372841893260
1648  4.120000 -0.372743544204
1649  4.122500 -0.372648154164
1650  4.125000 -0.372555778526
1651  4.127500 -0.372466445153
1652  4.130000 -0.372380154193
1653  4.132500 -0.372296877925
1654  4.135000 -0.372216560943
1655  4.137500 -0.372139120518
1656  4.140000 -0.372064447300
1657  4.142500 -0.371992406258
1658  4.145000 -0.371922837942
1659  4.147500 -0.371855560093
1660  4.150000 -0.371790369566
1661  4.152500 -0.371727044529
1662  4.155000 -0.371665346893
1663  4.157500 -0.371605025232
1664  4.160000 -0.371545817627
1665  4.162500 -0.371487454896
1666  4.165000 -0.371429663912
1667  4.167500 -0.371372170909
1668  4.170000 -0.371314704917
1669  4.172500 -0.371257001045
1670  4.175000 -0.371198803706
1671  4.177500 -0.371139869607
1672  4.180000 -0.371079970614
1673  4.182500 -0.371018896313
1674  4.185000 -0.370956456274
1675  4.187500 -0.370892481974
1676  4.190000 -0.370826828524
1677  4.192500 -0.370759375852
1678  4.195000 -0.370690029748
1679  4.197500 -0.370618722511
1680  4.200000 -0.370545413296
1681  4.202500 -0.370470088220
1682  4.205000 -0.370392760206
1683  4.207500 -0.370313468596
1684  4.210000 -0.370232278567
1685  4.212500 -0.370149280447
1686  4.215000 -0.370064588816
1687  4.217500 -0.369978341571
1688  4.220000 -0.369890698858
1689  4.222500 -0.369801841931
1690  4.225000 -0.369711972034
1691  4.227500 -0.369621309184
1692  4.230000 -0.369530090974
1693  4.232500 -0.369438571344
1694  4.235000 -0.369347019358
1695  4.237500 -0.369255717972
1696  4.240000 -0.369164962850
1697  4.242500 -0.369075061124
1698  4.245000 -0.368986330176
1699  4.247500 -0.368899096386
1700  4.250000 -0.368813693929
1701  4.252500 -0.368730463490
1702  4.255000 -0.368649750979
1703  4.257500 -0.368571906116
1704  4.260000 -0.368497281077
1705  4.262500 -0.368426228948
1706  4.265000 -0.368359102166
1707  4.267500 -0.368296250811
1708  4.270000 -0.368238020720
1709  4.272500 -0.368184751451
1710  4.275000 -0.368136774166
1711  4.277500 -0.368094409140
1712  4.280000 -0.368057963160
1713  4.282500 -0.368027726581
1714  4.285000 -0.368003970175
1715  4.287500 -0.367986941606
1716  4.290000 -0.367976861647
1717  4.292500 -0.367973920059
1718  4.295000 -0.367978271149
1719  4.297500 -0.367990029080
1720  4.300000 -0.368009262923
1721  4.302500 -0.368035991474
1722  4.305000 -0.368070178083
1723  4.307500 -0.368111725508
1724  4.310000 -0.368160470990
1725  4.312500 -0.368216181639
1726  4.315000 -0.368278550682
1727  4.317500 -0.368347194582
1728  4.320000 -0.368421651338
1729  4.322500 -0.368501380308
1730  4.325000 -0.368585763978
1731  4.327500 -0.368674111665
1732  4.330000 -0.368765665426
1733  4.332500 -0.368859608185
1734  4.335000 -0.368955074020
1735  4.337500 -0.369051160296
1736  4.340000 -0.369146941395
1737  4.342500 -0.369241483411
1738  4.345000 -0.369333859253
1739  4.347500 -0.369423163658
1740  4.350000 -0.369508527290
1741  4.352500 -0.369589129570
1742  4.355000 -0.369664209739
1743  4.357500 -0.369733075826
1744  4.360000 -0.369795111353
1745  4.362500 -0.369849779884
1746  4.365000 -0.369896627375
1747  4.367500 -0.369935282667
1748  4.370000 -0.369965456233
1749  4.372500 -0.369986937600
1750  4.375000 -0.369999591801
1751  4.377500 -0.370003354835
1752  4.380000 -0.369998228905
1753  4.382500 -0.369984277147
1754  4.385000 -0.369961618404
1755  4.387500 -0.369930422030
1756  4.390000 -0.369890902834
1757  4.392500 -0.369843316331
1758  4.395000 -0.369787954247
1759  4.397500 -0.369725140438
1760  4.400000 -0.369655227131
1761  4.402500 -0.369578591464
1762  4.405000 -0.369495632417
1763  4.407500 -0.369406768128
1764  4.410000 -0.369312433393
1765  4.412500 -0.369213077545
1766  4.415000 -0.369109162564
1767  4.417500 -0.369001161384
1768  4.420000 -0.368889556477
1769  4.422500 -0.368774838583
1770  4.425000 -0.368657505572
1771  4.427500 -0.368538061472
1772  4.430000 -0.368417015662
1773  4.432500 -0.368294882114
1774  4.435000 -0.368172178636
1775  4.437500 -0.368049426370
1776  4.440000 -0.367927149150
1777  4.442500 -0.367805873019
1778  4.445000 -0.367686125621
1779  4.447500 -0.367568435667
1780  4.450000 -0.367453332422
1781  4.452500 -0.367341345004
1782  4.455000 -0.367233001718
1783  4.457500 -0.367128829231
1784  4.460000 -0.367029351675
1785  4.462500 -0.366935089561
1786  4.465000 -0.366846558517
1787  4.467500 -0.366764267747
1788  4.470000 -0.366688718339
1789  4.472500 -0.366620401138
1790  4.475000 -0.366559794319
1791  4.477500 -0.366507360532
1792  4.480000 -0.366463543548
1793  4.482500 -0.366428764353
1794  4.485000 -0.366403416547
1795  4.487500 -0.366387861247
1796  4.490000 -0.366382420991
1797  4.492500 -0.366387373096
1798  4.495000 -0.366402941960
1799  4.497500 -0.366429290651
1800  4.500000 -0.366466511814
1801  4.502500 -0.366514617730
1802  4.505000 -0.366573530144
1803  4.507500 -0.366643069860
1804  4.510000 -0.366722946593
1805  4.512500 -0.366812749893
1806  4.515000 -0.366911941412
1807  4.517500 -0.367019849849
1808  4.520000 -0.367135669045
1809  4.522500 -0.367258460226
1810  4.525000 -0.367387159283
1811  4.527500 -0.367520589120
1812  4.530000 -0.367657477628
1813  4.532500 -0.367796480572
1814  4.535000 -0.367936208607
1815  4.537500 -0.368075256984
1816  4.540000 -0.368212236234
1817  4.542500 -0.368345802089
1818  4.545000 -0.368474682765
1819  4.547500 -0.368597702322
1820  4.550000 -0.368713798914
1821  4.552500 -0.368822037836
1822  4.555000 -0.368921618854
1823  4.557500 -0.369011878742
1824  4.560000 -0.369092289436
1825  4.562500 -0.369162452807
1826  4.565000 -0.369222092865
1827  4.567500 -0.369271046286
1828  4.570000 -0.369309251963
1829  4.572500 -0.369336740307
1830  4.575000 -0.369353622456
1831  4.577500 -0.369360080159
1832  4.580000 -0.369356356199
1833  4.582500 -0.369342745546
1834  4.585000 -0.369319587474
1835  4.587500 -0.369287258537
1836  4.590000 -0.369246166265
1837  4.592500 -0.369196743744
1838  4.595000 -0.369139444831
1839  4.597500 -0.369074740089
1840  4.600000 -0.369003113223
1841  4.602500 -0.368925058022
1842  4.605000 -0.368841075812
1843  4.607500 -0.368751673219
1844  4.610000 -0.368657360205
1845  4.612500 -0.368558648547
1846  4.615000 -0.368456050326
1847  4.617500 -0.368350076791
1848  4.620000 -0.368241237177
1849  4.622500 -0.368130037814
1850  4.625000 -0.368016981292
1851  4.627500 -0.367902565596
1852  4.630000 -0.367787283360
1853  4.632500 -0.367671621140
1854  4.635000 -0.367556058634
1855  4.637500 -0.367441067980
1856  4.640000 -0.367327112885
1857  4.642500 -0.367214647808
1858  4.645000 -0.367104117062
1859  4.647500 -0.366995953786
1860  4.650000 -0.366890578843
1861  4.652500 -0.366788399615
1862  4.655000 -0.366689808643
1863  4.657500 -0.366595182168
1864  4.660000 -0.366504878492
1865  4.662500 -0.366419236186
1866  4.665000 -0.366338572137
1867  4.667500 -0.366263179452
1868  4.670000 -0.366193325147
1869  4.672500 -0.366129247757
1870  4.675000 -0.366071154695
1871  4.677500 -0.366019219596
1872  4.680000 -0.365973579575
1873  4.682500 -0.365934332417
1874  4.685000 -0.365901533808
1875  4.687500 -0.365875194729
1876  4.690000 -0.365855278970
1877  4.692500 -0.365841701059
1878  4.695000 -0.365834324581
1879  4.697500 -0.365832961080
1880  4.700000 -0.365837369639
1881  4.702500 -0.365847257399
1882  4.705000 -0.365862280877
1883  4.707500 -0.365882048492
1884  4.710000 -0.365906124083
1885  4.712500 -0.365934031641
1886  4.715000 -0.365965261066
1887  4.717500 -0.365999274953
1888  4.720000 -0.366035516273
1889  4.722500 -0.366073416608
1890  4.725000 -0.366112404809
1891  4.727500 -0.366151915811
1892  4.730000 -0.366191399241
1893  4.732500 -0.366230327560
1894  4.735000 -0.366268203614
1895  4.737500 -0.366304567259
1896  4.740000 -0.366339000885
1897  4.742500 -0.366371133990
1898  4.745000 -0.366400646409
1899  4.747500 -0.366427270609
1900  4.750000 -0.366450792753
1901  4.752500 -0.366471052974
1902  4.755000 -0.366487944665
1903  4.757500 -0.366501413132
1904  4.760000 -0.366511453724
1905  4.762500 -0.366518109430
1906  4.765000 -0.366521468272
1907  4.767500 -0.366521660446
1908  4.770000 -0.366518855326
1909  4.772500 -0.366513258520
1910  4.775000 -0.366505108880
1911  4.777500 -0.366494675595
1912  4.780000 -0.366482255497
1913  4.782500 -0.366468170320
1914  4.785000 -0.366452764253
1915  4.787500 -0.366436401543
1916  4.790000 -0.366419464348
1917  4.792500 -0.366402350566
1918  4.795000 -0.366385471918
1919  4.797500 -0.366369252033
1920  4.800000 -0.366354124673
1921  4.802500 -0.366340532037
1922  4.805000 -0.366328922924
1923  4.807500 -0.366319751164
1924  4.810000 -0.366313473786
1925  4.812500 -0.366310549196
1926  4.815000 -0.366311435240
1927  4.817500 -0.366316587140
1928  4.820000 -0.366326455207
1929  4.822500 -0.366341482309
1930  4.825000 -0.366362101031
1931  4.827500 -0.366388730520
1932  4.830000 -0.366421772803
1933  4.832500 -0.366461608793
1934  4.835000 -0.366508593569
1935  4.837500 -0.366563051196
1936  4.840000 -0.366625268810
1937  4.842500 -0.366695490067
1938  4.845000 -0.366773907873
1939  4.847500 -0.366860656410
1940  4.850000 -0.366955802643
1941  4.852500 -0.367059337275
1942  4.855000 -0.367171165596
1943  4.857500 -0.367291098290
1944  4.860000 -0.367418842881
1945  4.862500 -0.367553996186
1946  4.865000 -0.367696038556
1947  4.867500 -0.367844330543
1948  4.870000 -0.367998112848
1949  4.872500 -0.368156510141
1950  4.875000 -0.368318539326
1951  4.877500 -0.368483122486
1952  4.880000 -0.368649104607
1953  4.882500 -0.368815275124
1954  4.885000 -0.368980392788
1955  4.887500 -0.369143212324
1956  4.890000 -0.369302511384
1957  4.892500 -0.369457116177
1958  4.895000 -0.369605924530
1959  4.897500 -0.369747925120
1960  4.900000 -0.369882212289
1961  4.902500 -0.370007995975
1962  4.905000 -0.370124607112
1963  4.907500 -0.370231498802
1964  4.910000 -0.370328243954
1965  4.912500 -0.370414530193
1966  4.915000 -0.370490152691
1967  4.917500 -0.370555005653
1968  4.920000 -0.370609073178
1969  4.922500 -0.370652419826
1970  4.925000 -0.370685181413
1971  4.927500 -0.370707556162
1972  4.930000 -0.370719796493
1973  4.932500 -0.370722201552
1974  4.935000 -0.370715110378
1975  4.937500 -0.370698895936
1976  4.940000 -0.370673959772
1977  4.942500 -0.370640727426
1978  4.945000 -0.370599644455
1979  4.947500 -0.370551172929
1980  4.950000 -0.370495788587
1981  4.952500 -0.370433978351
1982  4.955000 -0.370366238186
1983  4.957500 -0.370293071458
1984  4.960000 -0.370214987359
1985  4.962500 -0.370132499832
1986  4.965000 -0.370046126521
1987  4.967500 -0.369956387990
1988  4.970000 -0.369863807094
1989  4.972500 -0.369768908467
1990  4.975000 -0.369672218114
1991  4.977500 -0.369574263077
1992  4.980000 -0.369475571184
1993  4.982500 -0.369376670820
1994  4.985000 -0.369278090761
1995  4.987500 -0.369180360011
1996  4.990000 -0.369084007612
1997  4.992500 -0.368989562449
1998  4.995000 -0.368897553059
1999  4.997500 -0.368808507292
2000  5.000000 -0.368722952003
2001  5.002500 -0.368641412567
2002  5.005000 -0.368564412302
2003  5.007500 -0.368492471711
2004  5.010000 -0.368426107588
2005  5.012500 -0.368365831831
2006  5.015000 -0.368312149987
2007  5.017500 -0.368265559546
2008  5.020000 -0.368226547739
2009  5.022500 -0.368195588932
2010  5.025000 -0.368173141483
2011  5.027500 -0.368159643970
2012  5.030000 -0.368155510725
2013  5.032500 -0.368161126500
2014  5.035000 -0.368176840282
2015  5.037500 -0.368202958033
2016  5.040000 -0.368239734437
2017  5.042500 -0.368287363435
2018  5.045000 -0.368345967713
2019  5.047500 -0.368415587088
2020  5.050000 -0.368496166147
2021  5.052500 -0.368587541286
2022  5.055000 -0.368689427805
2023  5.057500 -0.368801407898
2024  5.060000 -0.368922919991
2025  5.062500 -0.369053251359
2026  5.065000 -0.369191534505
2027  5.067500 -0.369336749210
2028  5.070000 -0.369487730816
2029  5.072500 -0.369643185895
2030  5.075000 -0.369801715264
2031  5.077500 -0.369961843434
2032  5.080000 -0.370122053327
2033  5.082500 -0.370280824032
2034  5.085000 -0.370436668823
2035  5.087500 -0.370588170886
2036  5.090000 -0.370734014515
2037  5.092500 -0.370873009836
2038  5.095000 -0.371004110328
2039  5.097500 -0.371126422997
2040  5.100000 -0.371239211733
2041  5.102500 -0.371341894868
2042  5.105000 -0.371434038137
2043  5.107500 -0.371515344487
2044  5.110000 -0.371585641968
2045  5.112500 -0.371644870457
2046  5.115000 -0.371693068358
2047  5.117500 -0.371730359574
2048  5.120000 -0.371756941343
2049  5.122500 -0.371773073223
2050  5.125000 -0.371779066860
2051  5.127500 -0.371775277326
2052  5.130000 -0.371762095370
2053  5.132500 -0.371739940648
2054  5.135000 -0.371709256144
2055  5.137500 -0.371670503258
2056  5.140000 -0.371624157632
2057  5.142500 -0.371570705843
2058  5.145000 -0.371510642362
2059  5.147500 -0.371444467199
2060  5.150000 -0.371372683942
2061  5.152500 -0.371295797986
2062  5.155000 -0.371214315173
2063  5.157500 -0.371128740618
2064  5.160000 -0.371039577716
2065  5.162500 -0.370947327244
2066  5.165000 -0.370852486719
2067  5.167500 -0.370755549634
2068  5.170000 -0.370657004929
2069  5.172500 -0.370557336358
2070  5.175000 -0.370457021937
2071  5.177500 -0.370356533369
2072  5.180000 -0.370256335412
2073  5.182500 -0.370156885196
2074  5.185000 -0.370058631456
2075  5.187500 -0.369962013716
2076  5.190000 -0.369867461332
2077  5.192500 -0.369775392391
2078  5.195000 -0.369686212516
2079  5.197500 -0.369600313434
2080  5.200000 -0.369518071390
2081  5.202500 -0.369439845367
2082  5.205000 -0.369365975071
2083  5.207500 -0.369296778649
2084  5.210000 -0.369232550210
2085  5.212500 -0.369173557057
2086  5.215000 -0.369120036652
2087  5.217500 -0.369072193385
2088  5.220000 -0.369030195091
2089  5.222500 -0.368994169362
2090  5.225000 -0.368964199856
2091  5.227500 -0.368940322393
2092  5.230000 -0.368922521280
2093  5.232500 -0.368910725748
2094  5.235000 -0.368904806863
2095  5.237500 -0.368904574894
2096  5.240000 -0.368909777455
2097  5.242500 -0.368920098832
2098  5.245000 -0.368935160288
2099  5.247500 -0.368954521913
2100  5.250000 -0.368977686038
2101  5.252500 -0.369004102348
2102  5.255000 -0.369033174577
2103  5.257500 -0.369064268850
2104  5.260000 -0.369096723381
2105  5.262500 -0.369129859322
2106  5.265000 -0.369162992289
2107  5.267500 -0.369195444104
2108  5.270000 -0.369226554436
2109  5.272500 -0.369255691670
2110  5.275000 -0.369282262888
2111  5.277500 -0.369305722312
2112  5.280000 -0.369325578332
2113  5.282500 -0.369341398740
2114  5.285000 -0.369352814348
2115  5.287500 -0.369359520928
2116  5.290000 -0.369361279757
2117  5.292500 -0.369357916841
2118  5.295000 -0.369349321145
2119  5.297500 -0.369335441943
2120  5.300000 -0.369316285711
2121  5.302500 -0.369291912449
2122  5.305000 -0.369262431849
2123  5.307500 -0.369227999409
2124  5.310000 -0.369188812563
2125  5.312500 -0.369145106940
2126  5.315000 -0.369097152749
2127  5.317500 -0.369045251455
2128  5.320000 -0.368989732737
2129  5.322500 -0.368930951634
2130  5.325000 -0.368869286019
2131  5.327500 -0.368805134245
2132  5.330000 -0.368738913185
2133  5.332500 -0.368671056417
2134  5.335000 -0.368602012582
2135  5.337500 -0.368532244063
2136  5.340000 -0.368462225709
2137  5.342500 -0.368392443780
2138  5.345000 -0.368323394968
2139  5.347500 -0.368255585612
2140  5.350000 -0.368189530848
2141  5.352500 -0.368125753910
2142  5.355000 -0.368064785395
2143  5.357500 -0.368007162588
2144  5.360000 -0.367953428619
2145  5.362500 -0.367904131612
2146  5.365000 -0.367859823674
2147  5.367500 -0.367821059719
2148  5.370000 -0.367788395943
2149  5.372500 -0.367762388075
2150  5.375000 -0.367743589112
2151  5.377500 -0.367732546639
2152  5.380000 -0.367729799362
2153  5.382500 -0.367735872814
2154  5.385000 -0.367751274206
2155  5.387500 -0.367776486063
2156  5.390000 -0.367811958315
2157  5.392500 -0.367858098912
2158  5.395000 -0.367915262462
2159  5.397500 -0.367983736779
2160  5.400000 -0.368063727089
2161  5.402500 -0.368155338002
2162  5.405000 -0.368258553143
2163  5.407500 -0.368373213011
2164  5.410000 -0.368498991867
2165  5.412500 -0.368635374906
2166  5.415000 -0.368781637641
2167  5.417500 -0.368936830176
2168  5.420000 -0.369099769240
2169  5.422500 -0.369269041131
2170  5.425000 -0.369443018376
2171  5.427500 -0.369619891430
2172  5.430000 -0.369797715178
2173  5.432500 -0.369974467700
2174  5.435000 -0.370148116325
2175  5.437500 -0.370316684955
2176  5.440000 -0.370478316162
2177  5.442500 -0.370631322567
2178  5.445000 -0.370774224124
2179  5.447500 -0.370905769993
2180  5.450000 -0.371024945969
2181  5.452500 -0.371130969828
2182  5.455000 -0.371223277532
2183  5.457500 -0.371301503598
2184  5.460000 -0.371365458353
2185  5.462500 -0.371415104291
2186  5.465000 -0.371450532994
2187  5.467500 -0.371471943746
2188  5.470000 -0.371479624271
2189  5.472500 -0.371473934040
2190  5.475000 -0.371455289810
2191  5.477500 -0.371424153464
2192  5.480000 -0.371381021916
2193  5.482500 -0.371326418769
2194  5.485000 -0.371260887564
2195  5.487500 -0.371184986286
2196  5.490000 -0.371099282974
2197  5.492500 -0.371004352319
2198  5.495000 -0.370900772924
2199  5.497500 -0.370789125250
2200  5.500000 -0.370669990054
2201  5.502500 -0.370543947216
2202  5.505000 -0.370411574923
2203  5.507500 -0.370273449192
2204  5.510000 -0.370130143513
2205  5.512500 -0.369982228724
2206  5.515000 -0.369830273031
2207  5.517500 -0.369674842167
2208  5.520000 -0.369516499624
2209  5.522500 -0.369355806950
2210  5.525000 -0.369193324142
2211  5.527500 -0.369029610083
2212  5.530000 -0.368865222997
2213  5.532500 -0.368700720983
2214  5.535000 -0.368536662561
2215  5.537500 -0.368373607202
2216  5.540000 -0.368212115920
2217  5.542500 -0.368052751847
2218  5.545000 -0.367896080814
2219  5.547500 -0.367742671955
2220  5.550000 -0.367593098268
2221  5.552500 -0.367447937177
2222  5.555000 -0.367307771056
2223  5.557500 -0.367173187715
2224  5.560000 -0.367044780808
2225  5.562500 -0.366923150180
2226  5.565000 -0.366808902056
2227  5.567500 -0.366702649120
2228  5.570000 -0.366605010390
2229  5.572500 -0.366516610795
2230  5.575000 -0.366438080403
2231  5.577500 -0.366370053235
2232  5.580000 -0.366313165485
2233  5.582500 -0.366268052972
2234  5.585000 -0.366235347695
2235  5.587500 -0.366215673095
2236  5.590000 -0.366209637846
2237  5.592500 -0.366217827694
2238  5.595000 -0.366240794883
2239  5.597500 -0.366279044630
2240  5.600000 -0.366333017965
2241  5.602500 -0.366403070417
2242  5.605000 -0.366489445825
2243  5.607500 -0.366592244848
2244  5.610000 -0.366711388210
2245  5.612500 -0.366846575328
2246  5.615000 -0.366997240165
2247  5.617500 -0.367162507561
2248  5.620000 -0.367341155502
2249  5.622500 -0.367531590369
2250  5.625000 -0.367731843595
2251  5.627500 -0.367939597354
2252  5.630000 -0.368152244214
2253  5.632500 -0.368366979837
2254  5.635000 -0.368580920821
2255  5.637500 -0.368791233325
2256  5.640000 -0.368995255369
2257  5.642500 -0.369190597326
2258  5.645000 -0.369375210584
2259  5.647500 -0.369547421751
2260  5.650000 -0.369705935735
2261  5.652500 -0.369849815095
2262  5.655000 -0.369978444224
2263  5.657500 -0.370091485768
2264  5.660000 -0.370188835394
2265  5.662500 -0.370270578726
2266  5.665000 -0.370336952625
2267  5.667500 -0.370388311811
2268  5.670000 -0.370425100887
2269  5.672500 -0.370447831453
2270  5.675000 -0.370457063740
2271  5.677500 -0.370453391985
2272  5.680000 -0.370437433036
2273  5.682500 -0.370409817471
2274  5.685000 -0.370371182903
2275  5.687500 -0.370322168764
2276  5.690000 -0.370263412576
2277  5.692500 -0.370195547139
2278  5.695000 -0.370119198514
2279  5.697500 -0.370034984618
2280  5.700000 -0.369943514334
2281  5.702500 -0.369845386964
2282  5.705000 -0.369741191955
2283  5.707500 -0.369631508809
2284  5.710000 -0.369516907206
2285  5.712500 -0.369397947167
2286  5.715000 -0.369275179347
2287  5.717500 -0.369149145336
2288  5.720000 -0.369020378039
2289  5.722500 -0.368889402037
2290  5.725000 -0.368756733938
2291  5.727500 -0.368622882714
2292  5.730000 -0.368488350101
2293  5.732500 -0.368353630822
2294  5.735000 -0.368219212884
2295  5.737500 -0.368085577814
2296  5.740000 -0.367953200760
2297  5.742500 -0.367822550605
2298  5.745000 -0.367694090001
2299  5.747500 -0.367568275277
2300  5.750000 -0.367445556262
2301  5.752500 -0.367326376030
2302  5.755000 -0.367211170507
2303  5.757500 -0.367100367882
2304  5.760000 -0.366994387944
2305  5.762500 -0.366893641143
2306  5.765000 -0.366798527509
2307  5.767500 -0.366709435322
2308  5.770000 -0.366626739461
2309  5.772500 -0.366550799564
2310  5.775000 -0.366481957731
2311  5.777500 -0.366420535950
2312  5.780000 -0.366366833078
2313  5.782500 -0.366321121386
2314  5.785000 -0.366283642659
2315  5.787500 -0.366254603887
2316  5.790000 -0.366234172391
2317  5.792500 -0.366222470546
2318  5.795000 -0.366219570113
2319  5.797500 -0.366225486326
2320  5.800000 -0.366240171751
2321  5.802500 -0.366263510226
2322  5.805000 -0.366295311216
2323  5.807500 -0.366335304673
2324  5.810000 -0.366383137098
2325  5.812500 -0.366438368969
2326  5.815000 -0.366500474241
2327  5.817500 -0.366568842184
2328  5.820000 -0.366642781998
2329  5.822500 -0.366721530390
2330  5.825000 -0.366804262249
2331  5.827500 -0.366890103989
2332  5.830000 -0.366978149335
2333  5.832500 -0.367067476841
2334  5.835000 -0.367157168119
2335  5.837500 -0.367246326067
2336  5.840000 -0.367334091833
2337  5.842500 -0.367419660133
2338  5.845000 -0.367502291796
2339  5.847500 -0.367581323559
2340  5.850000 -0.367656174769
2341  5.852500 -0.367726351049
2342  5.855000 -0.367791445364
2343  5.857500 -0.367851136589
2344  5.860000 -0.367905186461
2345  5.862500 -0.367953434941
2346  5.865000 -0.367995794728
2347  5.867500 -0.368032245124
2348  5.870000 -0.368062825687
2349  5.872500 -0.368087629898
2350  5.875000 -0.368106799065
2351  5.877500 -0.368120516427
2352  5.880000 -0.368129001756
2353  5.882500 -0.368132506446
2354  5.885000 -0.368131308968
2355  5.887500 -0.368125710868
2356  5.890000 -0.368116033146
2357  5.892500 -0.368102613096
2358  5.895000 -0.368085801485
2359  5.897500 -0.368065960076
2360  5.900000 -0.368043459473
2361  5.902500 -0.368018677154
2362  5.905000 -0.367991995779
2363  5.907500 -0.367963801693
2364  5.910000 -0.367934483482
2365  5.912500 -0.367904430742
2366  5.915000 -0.367874032867
2367  5.917500 -0.367843677903
2368  5.920000 -0.367813751499
2369  5.922500 -0.367784635689
2370  5.925000 -0.367756707813
2371  5.927500 -0.367730339326
2372  5.930000 -0.367705894495
2373  5.932500 -0.367683728948
2374  5.935000 -0.367664188261
2375  5.937500 -0.367647606159
2376  5.940000 -0.367634302691
2377  5.942500 -0.367624582155
2378  5.945000 -0.367618730663
2379  5.947500 -0.367617013671
2380  5.950000 -0.367619673051
2381  5.952500 -0.367626923934
2382  5.955000 -0.367638951227
2383  5.957500 -0.367655905994
2384  5.960000 -0.367677901383
2385  5.962500 -0.367705008477
2386  5.965000 -0.367737252043
2387  5.967500 -0.367774606188
2388  5.970000 -0.367816990163
2389  5.972500 -0.367864264561
2390  5.975000 -0.367916227883
2391  5.977500 -0.367972614006
2392  5.980000 -0.368033090603
2393  5.982500 -0.368097259012
2394  5.985000 -0.368164655462
2395  5.987500 -0.368234754295
2396  5.990000 -0.368306973050
2397  5.992500 -0.368380679520
2398  5.995000 -0.368455200696
2399  5.997500 -0.368529833301
2400  6.000000 -0.368603855766
2401  6.002500 -0.368676540877
2402  6.005000 -0.368747168810
2403  6.007500 -0.368815039756
2404  6.010000 -0.368879485762
2405  6.012500 -0.368939881213
2406  6.015000 -0.368995651614
2407  6.017500 -0.369046280492
2408  6.020000 -0.369091314303
2409  6.022500 -0.369130365361
2410  6.025000 -0.369163112995
2411  6.027500 -0.369189303180
2412  6.030000 -0.369208746750
2413  6.032500 -0.369221316688
2414  6.035000 -0.369226944573
2415  6.037500 -0.369225616633
2416  6.040000 -0.369217369431
2417  6.042500 -0.369202285436
2418  6.045000 -0.369180488753
2419  6.047500 -0.369152140833
2420  6.050000 -0.369117436538
2421  6.052500 -0.369076600426
2422  6.055000 -0.369029883398
2423  6.057500 -0.368977559518
2424  6.060000 -0.368919923346
2425  6.062500 -0.368857287412
2426  6.065000 -0.368789980097
2427  6.067500 -0.368718343711
2428  6.070000 -0.368642732871
2429  6.072500 -0.368563513088
2430  6.075000 -0.368481059594
2431  6.077500 -0.368395756307
2432  6.080000 -0.368307995000
2433  6.082500 -0.368218174632
2434  6.085000 -0.368126700809
2435  6.087500 -0.368033985315
2436  6.090000 -0.367940445829
2437  6.092500 -0.367846505682
2438  6.095000 -0.367752593692
2439  6.097500 -0.367659144099
2440  6.100000 -0.367566596522
2441  6.102500 -0.367475396022
2442  6.105000 -0.367385993129
2443  6.107500 -0.367298843933
2444  6.110000 -0.367214410224
2445  6.112500 -0.367133159566
2446  6.115000 -0.367055565418
2447  6.117500 -0.366982107232
2448  6.120000 -0.366913270474
2449  6.122500 -0.366849546606
2450  6.125000 -0.366791432968
2451  6.127500 -0.366739432524
2452  6.130000 -0.366694053487
2453  6.132500 -0.366655808643
2454  6.135000 -0.366625214481
2455  6.137500 -0.366602789924
2456  6.140000 -0.366589054582
2457  6.142500 -0.366584526461
2458  6.145000 -0.366589718919
2459  6.147500 -0.366605136716
2460  6.150000 -0.366631270898
2461  6.152500 -0.366668592342
2462  6.155000 -0.366717543546
2463  6.157500 -0.366778528312
2464  6.160000 -0.366851899102
2465  6.162500 -0.366937941449
2466  6.165000 -0.367036855239
2467  6.167500 -0.367148732552
2468  6.170000 -0.367273532249
2469  6.172500 -0.367411051516
2470  6.175000 -0.367560895564
2471  6.177500 -0.367722447529
2472  6.180000 -0.367894841330
2473  6.182500 -0.368076941853
2474  6.185000 -0.368267337007
2475  6.187500 -0.368464346869
2476  6.190000 -0.368666053579
2477  6.192500 -0.368870353248
2478  6.195000 -0.369075027446
2479  6.197500 -0.369277827900
2480  6.200000 -0.369476564877
2481  6.202500 -0.369669189135
2482  6.205000 -0.369853858345
2483  6.207500 -0.370028982889
2484  6.210000 -0.370193249420
2485  6.212500 -0.370345624463
2486  6.215000 -0.370485342139
2487  6.217500 -0.370611881347
2488  6.220000 -0.370724936869
2489  6.222500 -0.370824388388
2490  6.225000 -0.370910270137
2491  6.227500 -0.370982742783
2492  6.230000 -0.371042068515
2493  6.232500 -0.371088589671
2494  6.235000 -0.371122710763
2495  6.237500 -0.371144883528
2496  6.240000 -0.371155594990
2497  6.242500 -0.371155357693
2498  6.245000 -0.371144702031
2499  6.247500 -0.371124170221
2500  6.250000 -0.371094311641
2501  6.252500 -0.371055679166
2502  6.255000 -0.371008826461
2503  6.257500 -0.370954305981
2504  6.260000 -0.370892667478
2505  6.262500 -0.370824456956
2506  6.265000 -0.370750216035
2507  6.267500 -0.370670481497
2508  6.270000 -0.370585785131
2509  6.272500 -0.370496653675
2510  6.275000 -0.370403608939
2511  6.277500 -0.370307167998
2512  6.280000 -0.370207843461
2513  6.282500 -0.370106143819
2514  6.285000 -0.370002573813
2515  6.287500 -0.369897634835
2516  6.290000 -0.369791825322
2517  6.292500 -0.369685641214
2518  6.295000 -0.369579576331
2519  6.297500 -0.369474122837
2520  6.300000 -0.369369771583
2521  6.302500 -0.369267012528
2522  6.305000 -0.369166335062
2523  6.307500 -0.369068228313
2524  6.310000 -0.368973181391
2525  6.312500 -0.368881683603
2526  6.315000 -0.368794224509
2527  6.317500 -0.368711293975
2528  6.320000 -0.368633382065
2529  6.322500 -0.368560978764
2530  6.325000 -0.368494573542
2531  6.327500 -0.368434654719
2532  6.330000 -0.368381708503
2533  6.332500 -0.368336217782
2534  6.335000 -0.368298660391
2535  6.337500 -0.368269507048
2536  6.340000 -0.368249218577
2537  6.342500 -0.368238242454
2538  6.345000 -0.368237008511
2539  6.347500 -0.368245923653
2540  6.350000 -0.368265365343
2541  6.352500 -0.368295673741
2542  6.355000 -0.368337142290
2543  6.357500 -0.368390006600
2544  6.360000 -0.368454431462
2545  6.362500 -0.368530496011
2546  6.365000 -0.368618177228
2547  6.367500 -0.368717332102
2548  6.370000 -0.368827679152
2549  6.372500 -0.368948780415
2550  6.375000 -0.369080025647
2551  6.377500 -0.369220620460
2552  6.380000 -0.369369581085
2553  6.382500 -0.369525738005
2554  6.385000 -0.369687750481
2555  6.387500 -0.369854132976
2556  6.390000 -0.370023293116
2557  6.392500 -0.370193579070
2558  6.395000 -0.370363332382
2559  6.397500 -0.370530941716
2560  6.400000 -0.370694892227
2561  6.402500 -0.370853806710
2562  6.405000 -0.371006475509
2563  6.407500 -0.371151874450
2564  6.410000 -0.371289171239
2565  6.412500 -0.371417722420
2566  6.415000 -0.371537062891
2567  6.417500 -0.371646890559
2568  6.420000 -0.371747048454
2569  6.422500 -0.371837505877
2570  6.425000 -0.371918339834
2571  6.427500 -0.371989717826
2572  6.430000 -0.372051882093
2573  6.432500 -0.372105135883
2574  6.435000 -0.372149831509
2575  6.437500 -0.372186360203
2576  6.440000 -0.372215143654
2577  6.442500 -0.372236626940
2578  6.445000 -0.372251272684
2579  6.447500 -0.372259556273
2580  6.450000 -0.372261962043
2581  6.452500 -0.372258980114
2582  6.455000 -0.372251103798
2583  6.457500 -0.372238827639
2584  6.460000 -0.372222645710
2585  6.462500 -0.372203050272
2586  6.465000 -0.372180530686
2587  6.467500 -0.372155572469
2588  6.470000 -0.372128656503
2589  6.472500 -0.372100258316
2590  6.475000 -0.372070847380
2591  6.477500 -0.372040886472
2592  6.480000 -0.372010830941
2593  6.482500 -0.371981127931
2594  6.485000 -0.371952215556
2595  6.487500 -0.371924521882
2596  6.490000 -0.371898463797
2597  6.492500 -0.371874445653
2598  6.495000 -0.371852857753
2599  6.497500 -0.371834074508
2600  6.500000 -0.371818452341
2601  6.502500 -0.371806327268
2602  6.505000 -0.371798012103
2603  6.507500 -0.371793793286
2604  6.510000 -0.371793927337
2605  6.512500 -0.371798636815
2606  6.515000 -0.371808105958
2607  6.517500 -0.371822475909
2608  6.520000 -0.371841839612
2609  6.522500 -0.371866236486
2610  6.525000 -0.371895647071
2611  6.527500 -0.371929987720
2612  6.530000 -0.371969105793
2613  6.532500 -0.372012775394
2614  6.535000 -0.372060694301
2615  6.537500 -0.372112482355
2616  6.540000 -0.372167681659
2617  6.542500 -0.372225759064
2618  6.545000 -0.372286111233
2619  6.547500 -0.372348072346
2620  6.550000 -0.372410924424
2621  6.552500 -0.372473910069
2622  6.555000 -0.372536247135
2623  6.557500 -0.372597144557
2624  6.560000 -0.372655818778
2625  6.562500 -0.372711509606
2626  6.565000 -0.372763494937
2627  6.567500 -0.372811103641
2628  6.570000 -0.372853725927
2629  6.572500 -0.372890821190
2630  6.575000 -0.372921923025
2631  6.577500 -0.372946641759
2632  6.580000 -0.372964664646
2633  6.582500 -0.372975754192
2634  6.585000 -0.372979744881
2635  6.587500 -0.372976538929
2636  6.590000 -0.372966101186
2637  6.592500 -0.372948453697
2638  6.595000 -0.372923670159
2639  6.597500 -0.372891870388
2640  6.600000 -0.372853215065
2641  6.602500 -0.372807900754
2642  6.605000 -0.372756155397
2643  6.607500 -0.372698234139
2644  6.610000 -0.372634415613
2645  6.612500 -0.372564998609
2646  6.615000 -0.372490299235
2647  6.617500 -0.372410648395
2648  6.620000 -0.372326389570
2649  6.622500 -0.372237876942
2650  6.625000 -0.372145473851
2651  6.627500 -0.372049551420
2652  6.630000 -0.371950487403
2653  6.632500 -0.371848665277
2654  6.635000 -0.371744473488
2655  6.637500 -0.371638304768
2656  6.640000 -0.371530555699
2657  6.642500 -0.371421626268
2658  6.645000 -0.371311919577
2659  6.647500 -0.371201841636
2660  6.650000 -0.371091801146
2661  6.652500 -0.370982209412
2662  6.655000 -0.370873480245
2663  6.657500 -0.370766029934
2664  6.660000 -0.370660277116
2665  6.662500 -0.370556642818
2666  6.665000 -0.370455550311
2667  6.667500 -0.370357425071
2668  6.670000 -0.370262694579
2669  6.672500 -0.370171788159
2670  6.675000 -0.370085136651
2671  6.677500 -0.370003172006
2672  6.680000 -0.369926326737
2673  6.682500 -0.369855033121
2674  6.685000 -0.369789722276
2675  6.687500 -0.369730822858
2676  6.690000 -0.369678759469
2677  6.692500 -0.369633950581
2678  6.695000 -0.369596805980
2679  6.697500 -0.369567723599
2680  6.700000 -0.369547085537
2681  6.702500 -0.369535253234
2682  6.705000 -0.369532561599
2683  6.707500 -0.369539311923
2684  6.710000 -0.369555763435
2685  6.712500 -0.369582123301
2686  6.715000 -0.369618535063
2687  6.717500 -0.369665065376
2688  6.720000 -0.369721689294
2689  6.722500 -0.369788274254
2690  6.725000 -0.369864563496
2691  6.727500 -0.369950159763
2692  6.730000 -0.370044510609
2693  6.732500 -0.370146897078
2694  6.735000 -0.370256427855
2695  6.737500 -0.370372040876
2696  6.740000 -0.370492514391
2697  6.742500 -0.370616488438
2698  6.745000 -0.370742496754
2699  6.747500 -0.370869007671
2700  6.750000 -0.370994470727
2701  6.752500 -0.371117365137
2702  6.755000 -0.371236245694
2703  6.757500 -0.371349782067
2704  6.760000 -0.371456788880
2705  6.762500 -0.371556245132
2706  6.765000 -0.371647303200
2707  6.767500 -0.371729288744
2708  6.770000 -0.371801693331
2709  6.772500 -0.371864162060
2710  6.775000 -0.371916478154
2711  6.777500 -0.371958546182
2712  6.780000 -0.371990375222
2713  6.782500 -0.372012062840
2714  6.785000 -0.372023780350
2715  6.787500 -0.372025759703
2716  6.790000 -0.372018282102
2717  6.792500 -0.372001668164
2718  6.795000 -0.371976269679
2719  6.797500 -0.371942462714
2720  6.800000 -0.371900641910
2721  6.802500 -0.371851215798
2722  6.805000 -0.371794603018
2723  6.807500 -0.371731229293
2724  6.810000 -0.371661524988
2725  6.812500 -0.371585923198
2726  6.815000 -0.371504858241
2727  6.817500 -0.371418764541
2728  6.820000 -0.371328075766
2729  6.822500 -0.371233224187
2730  6.825000 -0.371134640242
2731  6.827500 -0.371032752282
2732  6.830000 -0.370927986384
2733  6.832500 -0.370820766277
2734  6.835000 -0.370711513374
2735  6.837500 -0.370600646858
2736  6.840000 -0.370488583784
2737  6.842500 -0.370375739272
2738  6.845000 -0.370262526648
2739  6.847500 -0.370149357668
2740  6.850000 -0.370036642706
2741  6.852500 -0.369924790984
2742  6.855000 -0.369814210747
2743  6.857500 -0.369705309478
2744  6.860000 -0.369598494045
2745  6.862500 -0.369494170813
2746  6.865000 -0.369392745742
2747  6.867500 -0.369294624452
2748  6.870000 -0.369200212156
2749  6.872500 -0.369109913575
2750  6.875000 -0.369024132721
2751  6.877500 -0.368943272563
2752  6.880000 -0.368867734604
2753  6.882500 -0.368797918193
2754  6.885000 -0.368734219711
2755  6.887500 -0.368677031433
2756  6.890000 -0.368626740191
2757  6.892500 -0.368583725565
2758  6.895000 -0.368548357676
2759  6.897500 -0.368520994597
2760  6.900000 -0.368501978974
2761  6.902500 -0.368491634115
2762  6.905000 -0.368490259222
2763  6.907500 -0.368498123726
2764  6.910000 -0.368515460633
2765  6.912500 -0.368542458752
2766  6.915000 -0.368579253839
2767  6.917500 -0.368625918502
2768  6.920000 -0.368682451141
2769  6.922500 -0.368748764030
2770  6.925000 -0.368824670927
2771  6.927500 -0.368909874882
2772  6.930000 -0.369003957010
2773  6.932500 -0.369106367467
2774  6.935000 -0.369216419733
2775  6.937500 -0.369333289790
2776  6.940000 -0.369456021420
2777  6.942500 -0.369583538594
2778  6.945000 -0.369714665249
2779  6.947500 -0.369848152126
2780  6.950000 -0.369982709074
2781  6.952500 -0.370117040684
2782  6.955000 -0.370249882289
2783  6.957500 -0.370380033773
2784  6.960000 -0.370506388338
2785  6.962500 -0.370627954746
2786  6.965000 -0.370743872108
2787  6.967500 -0.370853417324
2788  6.970000 -0.370956005966
2789  6.972500 -0.371051187800
2790  6.975000 -0.371138638444
2791  6.977500 -0.371218148464
2792  6.980000 -0.371289611030
2793  6.982500 -0.371353009241
2794  6.985000 -0.371408403756
2795  6.987500 -0.371455921052
2796  6.990000 -0.371495742801
2797  6.992500 -0.371528096316
2798  6.995000 -0.371553246175
2799  6.997500 -0.371571487029
2800  7.000000 -0.371583137366
2801  7.002500 -0.371588534296
2802  7.005000 -0.371588029077
2803  7.007500 -0.371581983412
2804  7.010000 -0.371570766354
2805  7.012500 -0.371554751699
2806  7.015000 -0.371534315868
2807  7.017500 -0.371509836063
2808  7.020000 -0.371481688777
2809  7.022500 -0.371450248516
2810  7.025000 -0.371415886712
2811  7.027500 -0.371378970782
2812  7.030000 -0.371339863263
2813  7.032500 -0.371298921071
2814  7.035000 -0.371256494775
2815  7.037500 -0.371212927926
2816  7.040000 -0.371168556338
2817  7.042500 -0.371123707424
2818  7.045000 -0.371078699444
2819  7.047500 -0.371033840698
2820  7.050000 -0.370989428717
2821  7.052500 -0.370945749316
2822  7.055000 -0.370903075621
2823  7.057500 -0.370861666922
2824  7.060000 -0.370821767533
2825  7.062500 -0.370783605446
2826  7.065000 -0.370747390908
2827  7.067500 -0.370713314928
2828  7.070000 -0.370681547712
2829  7.072500 -0.370652236843
2830  7.075000 -0.370625505630
2831  7.077500 -0.370601451237
2832  7.080000 -0.370580142946
2833  7.082500 -0.370561620325
2834  7.085000 -0.370545891643
2835  7.087500 -0.370532932315
2836  7.090000 -0.370522683714
2837  7.092500 -0.370515052214
2838  7.095000 -0.370509908697
2839  7.097500 -0.370507088552
2840  7.100000 -0.370506392260
2841  7.102500 -0.370507586626
2842  7.105000 -0.370510406717
2843  7.107500 -0.370514558573
2844  7.110000 -0.370519722597
2845  7.112500 -0.370525557648
2846  7.115000 -0.370531705822
2847  7.117500 -0.370537797636
2848  7.120000 -0.370543457565
2849  7.122500 -0.370548309867
2850  7.125000 -0.370551984239
2851  7.127500 -0.370554121460
2852  7.130000 -0.370554378531
2853  7.132500 -0.370552433422
2854  7.135000 -0.370547989112
2855  7.137500 -0.370540777006
2856  7.140000 -0.370530559549
2857  7.142500 -0.370517132137
2858  7.145000 -0.370500324250
2859  7.147500 -0.370479999980
2860  7.150000 -0.370456057940
2861  7.152500 -0.370428430660
2862  7.155000 -0.370397083550
2863  7.157500 -0.370362013550
2864  7.160000 -0.370323247510
2865  7.162500 -0.370280840454
2866  7.165000 -0.370234873682
2867  7.167500 -0.370185452790
2868  7.170000 -0.370132705830
2869  7.172500 -0.370076781367
2870  7.175000 -0.370017846664
2871  7.177500 -0.369956085971
2872  7.180000 -0.369891698833
2873  7.182500 -0.369824898579
2874  7.185000 -0.369755910915
2875  7.187500 -0.369684972576
2876  7.190000 -0.369612330131
2877  7.192500 -0.369538238850
2878  7.195000 -0.369462961694
2879  7.197500 -0.369386768351
2880  7.200000 -0.369309934403
2881  7.202500 -0.369232740472
2882  7.205000 -0.369155471506
2883  7.207500 -0.369078416031
2884  7.210000 -0.369001865494
2885  7.212500 -0.368926113545
2886  7.215000 -0.368851455422
2887  7.217500 -0.368778187254
2888  7.220000 -0.368706605388
2889  7.222500 -0.368637005625
2890  7.225000 -0.368569682463
2891  7.227500 -0.368504928225
2892  7.230000 -0.368443032138
2893  7.232500 -0.368384279278
2894  7.235000 -0.368328949401
2895  7.237500 -0.368277315659
2896  7.240000 -0.368229643046
2897  7.242500 -0.368186186786
2898  7.245000 -0.368147190374
2899  7.247500 -0.368112883475
2900  7.250000 -0.368083479486
2901  7.252500 -0.368059172851
2902  7.255000 -0.368040136082
2903  7.257500 -0.368026516432
2904  7.260000 -0.368018432297
2905  7.262500 -0.368015969349
2906  7.265000 -0.368019176402
2907  7.267500 -0.368028061160
2908  7.270000 -0.368042585861
2909  7.272500 -0.368062663039
2910  7.275000 -0.368088151506
2911  7.277500 -0.368118852921
2912  7.280000 -0.368154508997
2913  7.282500 -0.368194799823
2914  7.285000 -0.368239343549
2915  7.287500 -0.368287697617
2916  7.290000 -0.368339361948
2917  7.292500 -0.368393784080
2918  7.295000 -0.368450366358
2919  7.297500 -0.368508475045
2920  7.300000 -0.368567451061
2921  7.302500 -0.368626621949
2922  7.305000 -0.368685314547
2923  7.307500 -0.368742867613
2924  7.310000 -0.368798644062
2925  7.312500 -0.368852041899
2926  7.315000 -0.368902503756
2927  7.317500 -0.368949524411
2928  7.320000 -0.368992656306
2929  7.322500 -0.369031513085
2930  7.325000 -0.369065771156
2931  7.327500 -0.369095169566
2932  7.330000 -0.369119508475
2933  7.332500 -0.369138646532
2934  7.335000 -0.369152497418
2935  7.337500 -0.369161025837
2936  7.340000 -0.369164243240
2937  7.342500 -0.369162203374
2938  7.345000 -0.369154997977
2939  7.347500 -0.369142752544
2940  7.350000 -0.369125622372
2941  7.352500 -0.369103788845
2942  7.355000 -0.369077456077
2943  7.357500 -0.369046847855
2944  7.360000 -0.369012204928
2945  7.362500 -0.368973782522
2946  7.365000 -0.368931848215
2947  7.367500 -0.368886680048
2948  7.370000 -0.368838564866
2949  7.372500 -0.368787796869
2950  7.375000 -0.368734676379
2951  7.377500 -0.368679508731
2952  7.380000 -0.368622603352
2953  7.382500 -0.368564272924
2954  7.385000 -0.368504832677
2955  7.387500 -0.368444599769
2956  7.390000 -0.368383892718
2957  7.392500 -0.368323030918
2958  7.395000 -0.368262334176
2959  7.397500 -0.368202122284
2960  7.400000 -0.368142714622
2961  7.402500 -0.368084429729
2962  7.405000 -0.368027584904
2963  7.407500 -0.367972495772
2964  7.410000 -0.367919475817
2965  7.412500 -0.367868835847
2966  7.415000 -0.367820883454
2967  7.417500 -0.367775922323
2968  7.420000 -0.367734251508
2969  7.422500 -0.367696164578
2970  7.425000 -0.367661948633
2971  7.427500 -0.367631883188
2972  7.430000 -0.367606238871
2973  7.432500 -0.367585275943
2974  7.435000 -0.367569242599
2975  7.437500 -0.367558373066
2976  7.440000 -0.367552885386
2977  7.442500 -0.367552978969
2978  7.445000 -0.367558831891
2979  7.447500 -0.367570597834
2980  7.450000 -0.367588402750
2981  7.452500 -0.367612341339
2982  7.455000 -0.367642473154
2983  7.457500 -0.367678818650
2984  7.460000 -0.367721355128
2985  7.462500 -0.367770012711
2986  7.465000 -0.367824670511
2987  7.467500 -0.367885153278
2988  7.470000 -0.367951228646
2989  7.472500 -0.368022605326
2990  7.475000 -0.368098932504
2991  7.477500 -0.368179800638
2992  7.480000 -0.368264744082
2993  7.482500 -0.368353245419
2994  7.485000 -0.368444741839
2995  7.487500 -0.368538633242
2996  7.490000 -0.368634291988
2997  7.492500 -0.368731073942
2998  7.495000 -0.368828330288
2999  7.497500 -0.368925419427
