0  inf
1  43.966892
2  33.348691
3  29.903675
4  28.235607
5  27.269995
6  26.650792
7  26.226495
8  25.921974
9  25.695866
10  25.523602
11  25.389713
12  25.284007
13  25.199513
14  25.131318
15  25.075869
16  25.030539
17  24.993350
18  24.962787
19  24.937673
20  24.917082
21  24.900274
22  24.886655
23  24.875740
24  24.867129
25  24.860493
26  24.855553
27  24.852076
28  24.849862
29  24.848742
30  24.848568
31  24.849213
32  24.850568
33  24.852536
34  24.855033
35  24.857987
36  24.861334
37  24.865017
38  24.868990
39  24.873211
40  24.877645
41  24.882260
42  24.887032
43  24.891940
44  24.896965
45  24.902093
46  24.907313
47  24.912614
48  24.917991
49  24.923437
50  24.928948
51  24.934519
52  24.940149
53  24.945833
54  24.951571
55  24.957359
56  24.963195
57  24.969077
58  24.975002
59  24.980967
60  24.986969
61  24.993006
62  24.999073
63  25.005168
64  25.011287
65  25.017428
66  25.023588
67  25.029764
68  25.035954
69  25.042154
70  25.048364
71  25.054582
72  25.060805
73  25.067033
74  25.073264
75  25.079496
76  25.085730
77  25.091963
78  25.098194
79  25.104422
80  25.110646
81  25.116865
82  25.123076
83  25.129278
84  25.135470
85  25.141649
86  25.147814
87  25.153962
88  25.160093
89  25.166203
90  25.172292
91  25.178358
92  25.184398
93  25.190412
94  25.196399
95  25.202356
96  25.208284
97  25.214182
98  25.220048
99  25.225883
100  25.231687
101  25.237458
102  25.243197
103  25.248905
104  25.254580
105  25.260224
106  25.265836
107  25.271416
108  25.276964
109  25.282481
110  25.287966
111  25.293419
112  25.298841
113  25.304230
114  25.309588
115  25.314914
116  25.320207
117  25.325469
118  25.330698
119  25.335896
120  25.341061
121  25.346195
122  25.351297
123  25.356368
124  25.361408
125  25.366418
126  25.371398
127  25.376348
128  25.381269
129  25.386163
130  25.391028
131  25.395866
132  25.400677
133  25.405462
134  25.410222
135  25.414955
136  25.419664
137  25.424348
138  25.429008
139  25.433644
140  25.438256
141  25.442844
142  25.447409
143  25.451950
144  25.456468
145  25.460963
146  25.465435
147  25.469885
148  25.474312
149  25.478716
150  25.483098
151  25.487459
152  25.491797
153  25.496113
154  25.500408
155  25.504682
156  25.508934
157  25.513165
158  25.517375
159  25.521564
160  25.525732
161  25.529878
162  25.534004
163  25.538109
164  25.542192
165  25.546254
166  25.550294
167  25.554313
168  25.558310
169  25.562286
170  25.566239
171  25.570170
172  25.574078
173  25.577964
174  25.581827
175  25.585667
176  25.589483
177  25.593277
178  25.597046
179  25.600792
180  25.604514
181  25.608212
182  25.611885
183  25.615533
184  25.619156
185  25.622754
186  25.626326
187  25.629871
188  25.633390
189  25.636881
190  25.640345
191  25.643780
192  25.647186
193  25.650563
194  25.653909
195  25.657223
196  25.660506
197  25.663755
198  25.666971
199  25.670151
200  25.673296
201  25.676404
202  25.679473
203  25.682503
204  25.685492
205  25.688439
206  25.691342
207  25.694201
208  25.697012
209  25.699775
210  25.702488
211  25.705148
212  25.707753
213  25.710303
214  25.712793
215  25.715222
216  25.717587
217  25.719886
218  25.722116
219  25.724274
220  25.726356
221  25.728361
222  25.730284
223  25.732123
224  25.733874
225  25.735533
226  25.737098
227  25.738564
228  25.739929
229  25.741189
230  25.742340
231  25.743379
232  25.744303
233  25.745110
234  25.745796
235  25.746360
236  25.746800
237  25.747115
238  25.747305
239  25.747372
240  25.747316
241  25.747142
242  25.746855
243  25.746461
244  25.745971
245  25.745394
246  25.744745
247  25.744038
248  25.743289
249  25.742516
250  25.741739
251  25.740974
252  25.740241
253  25.739555
254  25.738931
255  25.738381
256  25.737916
257  25.737544
258  25.737269
259  25.737096
260  25.737026
261  25.737058
262  25.737192
263  25.737424
264  25.737751
265  25.738169
266  25.738672
267  25.739256
268  25.739914
269  25.740641
270  25.741431
271  25.742278
272  25.743176
273  25.744119
274  25.745100
275  25.746115
276  25.747157
277  25.748220
278  25.749301
279  25.750393
280  25.751492
281  25.752592
282  25.753690
283  25.754782
284  25.755863
285  25.756929
286  25.757978
287  25.759006
288  25.760009
289  25.760986
290  25.761934
291  25.762850
292  25.763732
293  25.764578
294  25.765387
295  25.766156
296  25.766883
297  25.767568
298  25.768208
299  25.768801
300  25.769347
301  25.769843
302  25.770287
303  25.770679
304  25.771017
305  25.771298
306  25.771522
307  25.771687
308  25.771791
309  25.771834
310  25.771815
311  25.771731
312  25.771584
313  25.771373
314  25.771098
315  25.770760
316  25.770360
317  25.769900
318  25.769382
319  25.768810
320  25.768188
321  25.767520
322  25.766811
323  25.766068
324  25.765298
325  25.764508
326  25.763707
327  25.762902
328  25.762104
329  25.761320
330  25.760561
331  25.759835
332  25.759151
333  25.758517
334  25.757941
335  25.757431
336  25.756991
337  25.756628
338  25.756346
339  25.756150
340  25.756041
341  25.756021
342  25.756092
343  25.756253
344  25.756504
345  25.756843
346  25.757269
347  25.757779
348  25.758368
349  25.759035
350  25.759775
351  25.760582
352  25.761454
353  25.762385
354  25.763370
355  25.764405
356  25.765483
357  25.766601
358  25.767754
359  25.768936
360  25.770144
361  25.771373
362  25.772618
363  25.773876
364  25.775143
365  25.776416
366  25.777692
367  25.778967
368  25.780239
369  25.781506
370  25.782766
371  25.784016
372  25.785254
373  25.786480
374  25.787690
375  25.788885
376  25.790062
377  25.791219
378  25.792355
379  25.793469
380  25.794559
381  25.795622
382  25.796657
383  25.797662
384  25.798635
385  25.799574
386  25.800478
387  25.801344
388  25.802171
389  25.802957
390  25.803702
391  25.804405
392  25.805066
393  25.805684
394  25.806262
395  25.806800
396  25.807300
397  25.807766
398  25.808199
399  25.808604
400  25.808984
401  25.809344
402  25.809685
403  25.810013
404  25.810331
405  25.810640
406  25.810944
407  25.811244
408  25.811540
409  25.811834
410  25.812126
411  25.812414
412  25.812698
413  25.812977
414  25.813251
415  25.813517
416  25.813775
417  25.814024
418  25.814265
419  25.814498
420  25.814724
421  25.814944
422  25.815160
423  25.815375
424  25.815593
425  25.815815
426  25.816047
427  25.816291
428  25.816550
429  25.816828
430  25.817126
431  25.817447
432  25.817793
433  25.818162
434  25.818556
435  25.818973
436  25.819412
437  25.819872
438  25.820349
439  25.820843
440  25.821349
441  25.821866
442  25.822390
443  25.822920
444  25.823451
445  25.823982
446  25.824511
447  25.825036
448  25.825556
449  25.826068
450  25.826571
451  25.827067
452  25.827552
453  25.828028
454  25.828495
455  25.828951
456  25.829398
457  25.829836
458  25.830264
459  25.830684
460  25.831094
461  25.831496
462  25.831889
463  25.832274
464  25.832651
465  25.833020
466  25.833381
467  25.833736
468  25.834084
469  25.834426
470  25.834762
471  25.835094
472  25.835423
473  25.835748
474  25.836070
475  25.836391
476  25.836710
477  25.837027
478  25.837343
479  25.837658
480  25.837970
481  25.838279
482  25.838585
483  25.838887
484  25.839182
485  25.839471
486  25.839752
487  25.840024
488  25.840287
489  25.840538
490  25.840780
491  25.841010
492  25.841230
493  25.841440
494  25.841642
495  25.841837
496  25.842026
497  25.842212
498  25.842398
499  25.842585
500  25.842776
501  25.842974
502  25.843180
503  25.843397
504  25.843626
505  25.843869
506  25.844126
507  25.844399
508  25.844688
509  25.844992
510  25.845312
511  25.845647
512  25.845997
513  25.846361
514  25.846738
515  25.847128
516  25.847530
517  25.847943
518  25.848366
519  25.848798
520  25.849239
521  25.849686
522  25.850141
523  25.850600
524  25.851065
525  25.851532
526  25.852002
527  25.852474
528  25.852945
529  25.853417
530  25.853887
531  25.854355
532  25.854822
533  25.855287
534  25.855750
535  25.856212
536  25.856675
537  25.857139
538  25.857606
539  25.858079
540  25.858559
541  25.859048
542  25.859548
543  25.860062
544  25.860590
545  25.861133
546  25.861692
547  25.862267
548  25.862857
549  25.863461
550  25.864078
551  25.864705
552  25.865342
553  25.865984
554  25.866631
555  25.867281
556  25.867930
557  25.868579
558  25.869225
559  25.869869
560  25.870509
561  25.871148
562  25.871786
563  25.872425
564  25.873066
565  25.873713
566  25.874368
567  25.875034
568  25.875712
569  25.876403
570  25.877110
571  25.877832
572  25.878569
573  25.879319
574  25.880082
575  25.880854
576  25.881632
577  25.882414
578  25.883194
579  25.883970
580  25.884735
581  25.885488
582  25.886222
583  25.886935
584  25.887622
585  25.888282
586  25.888912
587  25.889511
588  25.890080
589  25.890619
590  25.891132
591  25.891623
592  25.892097
593  25.892560
594  25.893018
595  25.893477
596  25.893945
597  25.894424
598  25.894921
599  25.895436
600  25.895972
601  25.896527
602  25.897102
603  25.897694
604  25.898300
605  25.898918
606  25.899543
607  25.900173
608  25.900805
609  25.901435
610  25.902061
611  25.902681
612  25.903293
613  25.903896
614  25.904491
615  25.905077
616  25.905655
617  25.906226
618  25.906791
619  25.907350
620  25.907904
621  25.908453
622  25.908997
623  25.909534
624  25.910063
625  25.910580
626  25.911083
627  25.911569
628  25.912033
629  25.912472
630  25.912881
631  25.913256
632  25.913595
633  25.913895
634  25.914154
635  25.914372
636  25.914550
637  25.914692
638  25.914802
639  25.914885
640  25.914948
641  25.914999
642  25.915045
643  25.915091
644  25.915142
645  25.915203
646  25.915274
647  25.915358
648  25.915452
649  25.915555
650  25.915665
651  25.915780
652  25.915898
653  25.916015
654  25.916130
655  25.916243
656  25.916354
657  25.916461
658  25.916568
659  25.916676
660  25.916788
661  25.916905
662  25.917030
663  25.917166
664  25.917314
665  25.917474
666  25.917649
667  25.917836
668  25.918036
669  25.918246
670  25.918465
671  25.918692
672  25.918923
673  25.919157
674  25.919393
675  25.919627
676  25.919859
677  25.920087
678  25.920311
679  25.920529
680  25.920742
681  25.920948
682  25.921148
683  25.921342
684  25.921530
685  25.921711
686  25.921887
687  25.922058
688  25.922223
689  25.922385
690  25.922545
691  25.922705
692  25.922866
693  25.923032
694  25.923207
695  25.923392
696  25.923593
697  25.923811
698  25.924050
699  25.924313
700  25.924600
701  25.924913
702  25.925253
703  25.925617
704  25.926006
705  25.926417
706  25.926850
707  25.927300
708  25.927766
709  25.928246
710  25.928738
711  25.929239
712  25.929749
713  25.930267
714  25.930791
715  25.931322
716  25.931861
717  25.932407
718  25.932962
719  25.933525
720  25.934098
721  25.934681
722  25.935274
723  25.935877
724  25.936489
725  25.937108
726  25.937735
727  25.938367
728  25.939003
729  25.939641
730  25.940281
731  25.940920
732  25.941558
733  25.942194
734  25.942829
735  25.943463
736  25.944097
737  25.944731
738  25.945368
739  25.946008
740  25.946653
741  25.947305
742  25.947964
743  25.948630
744  25.949303
745  25.949984
746  25.950670
747  25.951361
748  25.952054
749  25.952747
750  25.953438
751  25.954123
752  25.954800
753  25.955465
754  25.956117
755  25.956751
756  25.957366
757  25.957958
758  25.958526
759  25.959067
760  25.959579
761  25.960060
762  25.960509
763  25.960925
764  25.961306
765  25.961651
766  25.961959
767  25.962231
768  25.962466
769  25.962664
770  25.962827
771  25.962959
772  25.963061
773  25.963138
774  25.963197
775  25.963245
776  25.963289
777  25.963337
778  25.963398
779  25.963477
780  25.963582
781  25.963716
782  25.963882
783  25.964080
784  25.964309
785  25.964566
786  25.964849
787  25.965153
788  25.965472
789  25.965800
790  25.966131
791  25.966458
792  25.966774
793  25.967072
794  25.967346
795  25.967588
796  25.967793
797  25.967956
798  25.968073
799  25.968142
800  25.968164
801  25.968142
802  25.968084
803  25.968001
804  25.967905
805  25.967814
806  25.967740
807  25.967697
808  25.967696
809  25.967741
810  25.967837
811  25.967984
812  25.968180
813  25.968422
814  25.968706
815  25.969027
816  25.969379
817  25.969759
818  25.970160
819  25.970579
820  25.971010
821  25.971451
822  25.971896
823  25.972343
824  25.972789
825  25.973232
826  25.973668
827  25.974096
828  25.974514
829  25.974921
830  25.975315
831  25.975695
832  25.976059
833  25.976407
834  25.976736
835  25.977045
836  25.977332
837  25.977596
838  25.977835
839  25.978047
840  25.978229
841  25.978381
842  25.978501
843  25.978586
844  25.978636
845  25.978650
846  25.978628
847  25.978569
848  25.978477
849  25.978352
850  25.978199
851  25.978021
852  25.977826
853  25.977621
854  25.977412
855  25.977209
856  25.977020
857  25.976852
858  25.976714
859  25.976610
860  25.976545
861  25.976523
862  25.976545
863  25.976612
864  25.976723
865  25.976876
866  25.977070
867  25.977302
868  25.977568
869  25.977864
870  25.978187
871  25.978532
872  25.978894
873  25.979270
874  25.979654
875  25.980042
876  25.980429
877  25.980809
878  25.981179
879  25.981533
880  25.981866
881  25.982174
882  25.982453
883  25.982698
884  25.982904
885  25.983069
886  25.983189
887  25.983263
888  25.983289
889  25.983267
890  25.983201
891  25.983094
892  25.982953
893  25.982789
894  25.982611
895  25.982434
896  25.982268
897  25.982127
898  25.982019
899  25.981952
900  25.981929
901  25.981955
902  25.982028
903  25.982148
904  25.982312
905  25.982518
906  25.982762
907  25.983039
908  25.983346
909  25.983679
910  25.984033
911  25.984405
912  25.984790
913  25.985186
914  25.985588
915  25.985993
916  25.986401
917  25.986807
918  25.987211
919  25.987611
920  25.988007
921  25.988398
922  25.988785
923  25.989169
924  25.989551
925  25.989932
926  25.990313
927  25.990698
928  25.991088
929  25.991484
930  25.991890
931  25.992306
932  25.992735
933  25.993179
934  25.993637
935  25.994113
936  25.994606
937  25.995118
938  25.995648
939  25.996196
940  25.996763
941  25.997348
942  25.997950
943  25.998568
944  25.999201
945  25.999847
946  26.000504
947  26.001171
948  26.001846
949  26.002527
950  26.003211
951  26.003897
952  26.004583
953  26.005265
954  26.005944
955  26.006616
956  26.007281
957  26.007937
958  26.008583
959  26.009217
960  26.009840
961  26.010451
962  26.011049
963  26.011635
964  26.012208
965  26.012771
966  26.013322
967  26.013863
968  26.014395
969  26.014919
970  26.015436
971  26.015947
972  26.016453
973  26.016956
974  26.017456
975  26.017956
976  26.018455
977  26.018956
978  26.019458
979  26.019963
980  26.020472
981  26.020984
982  26.021500
983  26.022020
984  26.022544
985  26.023071
986  26.023600
987  26.024130
988  26.024661
989  26.025191
990  26.025719
991  26.026243
992  26.026761
993  26.027271
994  26.027772
995  26.028262
996  26.028738
997  26.029198
998  26.029641
999  26.030065
1000  26.030469
1001  26.030850
1002  26.031208
1003  26.031543
1004  26.031855
1005  26.032144
1006  26.032413
1007  26.032664
1008  26.032899
1009  26.033124
1010  26.033341
1011  26.033556
1012  26.033774
1013  26.033998
1014  26.034231
1015  26.034478
1016  26.034741
1017  26.035019
1018  26.035316
1019  26.035630
1020  26.035962
1021  26.036311
1022  26.036675
1023  26.037055
1024  26.037448
1025  26.037854
1026  26.038271
1027  26.038700
1028  26.039140
1029  26.039590
1030  26.040050
1031  26.040520
1032  26.041000
1033  26.041490
1034  26.041992
1035  26.042504
1036  26.043028
1037  26.043563
1038  26.044109
1039  26.044667
1040  26.045236
1041  26.045816
1042  26.046407
1043  26.047007
1044  26.047616
1045  26.048233
1046  26.048858
1047  26.049489
1048  26.050126
1049  26.050769
1050  26.051416
1051  26.052067
1052  26.052722
1053  26.053379
1054  26.054038
1055  26.054700
1056  26.055364
1057  26.056028
1058  26.056695
1059  26.057362
1060  26.058030
1061  26.058699
1062  26.059369
1063  26.060040
1064  26.060711
1065  26.061382
1066  26.062054
1067  26.062726
1068  26.063398
1069  26.064070
1070  26.064742
1071  26.065414
1072  26.066086
1073  26.066757
1074  26.067429
1075  26.068101
1076  26.068772
1077  26.069445
1078  26.070118
1079  26.070792
1080  26.071467
1081  26.072144
1082  26.072822
1083  26.073502
1084  26.074185
1085  26.074869
1086  26.075556
1087  26.076244
1088  26.076933
1089  26.077623
1090  26.078313
1091  26.079002
1092  26.079689
1093  26.080373
1094  26.081053
1095  26.081727
1096  26.082395
1097  26.083055
1098  26.083706
1099  26.084347
1100  26.084978
1101  26.085597
1102  26.086205
1103  26.086801
1104  26.087386
1105  26.087959
1106  26.088522
1107  26.089075
1108  26.089620
1109  26.090156
1110  26.090686
1111  26.091211
1112  26.091730
1113  26.092246
1114  26.092758
1115  26.093267
1116  26.093774
1117  26.094278
1118  26.094780
1119  26.095278
1120  26.095774
1121  26.096267
1122  26.096758
1123  26.097245
1124  26.097730
1125  26.098212
1126  26.098693
1127  26.099173
1128  26.099654
1129  26.100136
1130  26.100621
1131  26.101110
1132  26.101604
1133  26.102104
1134  26.102612
1135  26.103128
1136  26.103654
1137  26.104190
1138  26.104737
1139  26.105295
1140  26.105864
1141  26.106445
1142  26.107038
1143  26.107643
1144  26.108260
1145  26.108888
1146  26.109528
1147  26.110178
1148  26.110838
1149  26.111508
1150  26.112187
1151  26.112874
1152  26.113568
1153  26.114268
1154  26.114973
1155  26.115682
1156  26.116394
1157  26.117108
1158  26.117823
1159  26.118538
1160  26.119253
1161  26.119967
1162  26.120680
1163  26.121391
1164  26.122101
1165  26.122810
1166  26.123517
1167  26.124225
1168  26.124932
1169  26.125640
1170  26.126349
1171  26.127060
1172  26.127773
1173  26.128488
1174  26.129206
1175  26.129925
1176  26.130647
1177  26.131370
1178  26.132094
1179  26.132818
1180  26.133542
1181  26.134265
1182  26.134986
1183  26.135704
1184  26.136418
1185  26.137129
1186  26.137835
1187  26.138536
1188  26.139232
1189  26.139923
1190  26.140608
1191  26.141287
1192  26.141961
1193  26.142630
1194  26.143293
1195  26.143951
1196  26.144604
1197  26.145252
1198  26.145895
1199  26.146532
1200  26.147165
1201  26.147792
1202  26.148413
1203  26.149030
1204  26.149640
1205  26.150245
1206  26.150844
1207  26.151438
1208  26.152027
1209  26.152611
1210  26.153191
1211  26.153767
1212  26.154341
1213  26.154913
1214  26.155483
1215  26.156054
1216  26.156626
1217  26.157200
1218  26.157777
1219  26.158359
1220  26.158945
1221  26.159537
1222  26.160136
1223  26.160741
1224  26.161353
1225  26.161972
1226  26.162597
1227  26.163229
1228  26.163866
1229  26.164509
1230  26.165157
1231  26.165809
1232  26.166464
1233  26.167121
1234  26.167781
1235  26.168443
1236  26.169106
1237  26.169770
1238  26.170436
1239  26.171103
1240  26.171771
1241  26.172442
1242  26.173114
1243  26.173789
1244  26.174468
1245  26.175149
1246  26.175834
1247  26.176522
1248  26.177214
1249  26.177908
1250  26.178605
1251  26.179303
1252  26.180002
1253  26.180701
1254  26.181399
1255  26.182094
1256  26.182785
1257  26.183472
1258  26.184152
1259  26.184826
1260  26.185491
1261  26.186148
1262  26.186796
1263  26.187434
1264  26.188063
1265  26.188682
1266  26.189293
1267  26.189897
1268  26.190494
1269  26.191086
1270  26.191675
1271  26.192262
1272  26.192848
1273  26.193436
1274  26.194027
1275  26.194621
1276  26.195221
1277  26.195825
1278  26.196436
1279  26.197053
1280  26.197675
1281  26.198302
1282  26.198934
1283  26.199570
1284  26.200209
1285  26.200851
1286  26.201494
1287  26.202137
1288  26.202782
1289  26.203426
1290  26.204070
1291  26.204713
1292  26.205356
1293  26.206000
1294  26.206643
1295  26.207288
1296  26.207934
1297  26.208582
1298  26.209232
1299  26.209886
1300  26.210541
1301  26.211200
1302  26.211862
1303  26.212526
1304  26.213192
1305  26.213860
1306  26.214528
1307  26.215197
1308  26.215864
1309  26.216531
1310  26.217195
1311  26.217857
1312  26.218516
1313  26.219171
1314  26.219823
1315  26.220472
1316  26.221118
1317  26.221760
1318  26.222400
1319  26.223037
1320  26.223673
1321  26.224307
1322  26.224939
1323  26.225569
1324  26.226199
1325  26.226827
1326  26.227454
1327  26.228079
1328  26.228703
1329  26.229324
1330  26.229944
1331  26.230561
1332  26.231177
1333  26.231791
1334  26.232404
1335  26.233015
1336  26.233627
1337  26.234238
1338  26.234851
1339  26.235465
1340  26.236081
1341  26.236700
1342  26.237322
1343  26.237948
1344  26.238577
1345  26.239210
1346  26.239846
1347  26.240486
1348  26.241129
1349  26.241774
1350  26.242421
1351  26.243069
1352  26.243718
1353  26.244367
1354  26.245017
1355  26.245666
1356  26.246314
1357  26.246961
1358  26.247606
1359  26.248251
1360  26.248894
1361  26.249536
1362  26.250176
1363  26.250816
1364  26.251454
1365  26.252090
1366  26.252725
1367  26.253359
1368  26.253990
1369  26.254618
1370  26.255243
1371  26.255865
1372  26.256483
1373  26.257097
1374  26.257706
1375  26.258310
1376  26.258909
1377  26.259503
1378  26.260092
1379  26.260678
1380  26.261261
1381  26.261842
1382  26.262422
1383  26.263003
1384  26.263586
1385  26.264172
1386  26.264763
1387  26.265360
1388  26.265964
1389  26.266576
1390  26.267195
1391  26.267823
1392  26.268460
1393  26.269104
1394  26.269757
1395  26.270416
1396  26.271083
1397  26.271756
1398  26.272433
1399  26.273116
1400  26.273802
1401  26.274491
1402  26.275182
1403  26.275875
1404  26.276569
1405  26.277262
1406  26.277955
1407  26.278646
1408  26.279336
1409  26.280023
1410  26.280708
1411  26.281389
1412  26.282066
1413  26.282740
1414  26.283409
1415  26.284073
1416  26.284733
1417  26.285389
1418  26.286039
1419  26.286685
1420  26.287327
1421  26.287965
1422  26.288599
1423  26.289230
1424  26.289857
1425  26.290483
1426  26.291106
1427  26.291728
1428  26.292350
1429  26.292970
1430  26.293590
1431  26.294210
1432  26.294830
1433  26.295451
1434  26.296071
1435  26.296692
1436  26.297312
1437  26.297932
1438  26.298552
1439  26.299170
1440  26.299788
1441  26.300404
1442  26.301018
1443  26.301630
1444  26.302240
1445  26.302848
1446  26.303453
1447  26.304057
1448  26.304658
1449  26.305258
1450  26.305856
1451  26.306454
1452  26.307052
1453  26.307650
1454  26.308249
1455  26.308850
1456  26.309454
1457  26.310060
1458  26.310670
1459  26.311284
1460  26.311901
1461  26.312523
1462  26.313148
1463  26.313776
1464  26.314407
1465  26.315041
1466  26.315676
1467  26.316312
1468  26.316948
1469  26.317584
1470  26.318217
1471  26.318849
1472  26.319477
1473  26.320102
1474  26.320722
1475  26.321338
1476  26.321950
1477  26.322556
1478  26.323157
1479  26.323755
1480  26.324348
1481  26.324937
1482  26.325524
1483  26.326108
1484  26.326691
1485  26.327273
1486  26.327855
1487  26.328436
1488  26.329018
1489  26.329601
1490  26.330184
1491  26.330768
1492  26.331352
1493  26.331937
1494  26.332522
1495  26.333106
1496  26.333691
1497  26.334274
1498  26.334857
1499  26.335440
1500  26.336022
1501  26.336603
1502  26.337185
1503  26.337765
1504  26.338346
1505  26.338926
1506  26.339505
1507  26.340083
1508  26.340660
1509  26.341235
1510  26.341808
1511  26.342379
1512  26.342947
1513  26.343511
1514  26.344073
1515  26.344632
1516  26.345188
1517  26.345743
1518  26.346296
1519  26.346850
1520  26.347405
1521  26.347962
1522  26.348524
1523  26.349090
1524  26.349663
1525  26.350242
1526  26.350828
1527  26.351420
1528  26.352020
1529  26.352626
1530  26.353237
1531  26.353852
1532  26.354471
1533  26.355093
1534  26.355715
1535  26.356338
1536  26.356959
1537  26.357579
1538  26.358196
1539  26.358810
1540  26.359421
1541  26.360029
1542  26.360633
1543  26.361234
1544  26.361833
1545  26.362429
1546  26.363024
1547  26.363618
1548  26.364210
1549  26.364802
1550  26.365393
1551  26.365984
1552  26.366574
1553  26.367163
1554  26.367751
1555  26.368337
1556  26.368922
1557  26.369505
1558  26.370085
1559  26.370663
1560  26.371239
1561  26.371813
1562  26.372385
1563  26.372956
1564  26.373525
1565  26.374094
1566  26.374662
1567  26.375230
1568  26.375798
1569  26.376366
1570  26.376934
1571  26.377502
1572  26.378070
1573  26.378637
1574  26.379203
1575  26.379768
1576  26.380331
1577  26.380892
1578  26.381450
1579  26.382006
1580  26.382560
1581  26.383111
1582  26.383660
1583  26.384208
1584  26.384756
1585  26.385303
1586  26.385851
1587  26.386401
1588  26.386952
1589  26.387507
1590  26.388064
1591  26.388626
1592  26.389191
1593  26.389760
1594  26.390332
1595  26.390909
1596  26.391488
1597  26.392071
1598  26.392656
1599  26.393243
1600  26.393832
1601  26.394422
1602  26.395012
1603  26.395603
1604  26.396194
1605  26.396784
1606  26.397373
1607  26.397962
1608  26.398549
1609  26.399135
1610  26.399718
1611  26.400300
1612  26.400880
1613  26.401458
1614  26.402032
1615  26.402604
1616  26.403174
1617  26.403740
1618  26.404303
1619  26.404864
1620  26.405423
1621  26.405979
1622  26.406534
1623  26.407087
1624  26.407640
1625  26.408193
1626  26.408747
1627  26.409303
1628  26.409860
1629  26.410419
1630  26.410980
1631  26.411544
1632  26.412110
1633  26.412678
1634  26.413247
1635  26.413818
1636  26.414389
1637  26.414959
1638  26.415529
1639  26.416097
1640  26.416662
1641  26.417224
1642  26.417782
1643  26.418337
1644  26.418887
1645  26.419433
1646  26.419975
1647  26.420514
1648  26.421051
1649  26.421587
1650  26.422122
1651  26.422659
1652  26.423198
1653  26.423740
1654  26.424287
1655  26.424838
1656  26.425395
1657  26.425957
1658  26.426524
1659  26.427096
1660  26.427673
1661  26.428252
1662  26.428834
1663  26.429417
1664  26.430001
1665  26.430583
1666  26.431164
1667  26.431742
1668  26.432317
1669  26.432888
1670  26.433455
1671  26.434017
1672  26.434576
1673  26.435131
1674  26.435683
1675  26.436232
1676  26.436781
1677  26.437329
1678  26.437878
1679  26.438428
1680  26.438980
1681  26.439535
1682  26.440093
1683  26.440653
1684  26.441217
1685  26.441783
1686  26.442352
1687  26.442923
1688  26.443494
1689  26.444066
1690  26.444639
1691  26.445210
1692  26.445780
1693  26.446348
1694  26.446914
1695  26.447477
1696  26.448036
1697  26.448593
1698  26.449146
1699  26.449697
1700  26.450244
1701  26.450790
1702  26.451334
1703  26.451876
1704  26.452419
1705  26.452962
1706  26.453506
1707  26.454052
1708  26.454600
1709  26.455151
1710  26.455706
1711  26.456264
1712  26.456825
1713  26.457389
1714  26.457955
1715  26.458525
1716  26.459095
1717  26.459667
1718  26.460240
1719  26.460812
1720  26.461383
1721  26.461953
1722  26.462520
1723  26.463085
1724  26.463647
1725  26.464206
1726  26.464762
1727  26.465315
1728  26.465865
1729  26.466413
1730  26.466959
1731  26.467503
1732  26.468047
1733  26.468591
1734  26.469135
1735  26.469680
1736  26.470225
1737  26.470772
1738  26.471321
1739  26.471870
1740  26.472421
1741  26.472973
1742  26.473525
1743  26.474077
1744  26.474630
1745  26.475182
1746  26.475734
1747  26.476285
1748  26.476835
1749  26.477384
1750  26.477933
1751  26.478480
1752  26.479027
1753  26.479574
1754  26.480120
1755  26.480667
1756  26.481214
1757  26.481762
1758  26.482310
1759  26.482860
1760  26.483410
1761  26.483960
1762  26.484512
1763  26.485064
1764  26.485616
1765  26.486167
1766  26.486719
1767  26.487270
1768  26.487819
1769  26.488368
1770  26.488915
1771  26.489461
1772  26.490006
1773  26.490549
1774  26.491092
1775  26.491635
1776  26.492177
1777  26.492720
1778  26.493263
1779  26.493809
1780  26.494356
1781  26.494905
1782  26.495457
1783  26.496011
1784  26.496568
1785  26.497127
1786  26.497689
1787  26.498252
1788  26.498817
1789  26.499382
1790  26.499948
1791  26.500513
1792  26.501077
1793  26.501640
1794  26.502200
1795  26.502759
1796  26.503314
1797  26.503867
1798  26.504417
1799  26.504964
1800  26.505509
1801  26.506050
1802  26.506590
1803  26.507128
1804  26.507664
1805  26.508199
1806  26.508734
1807  26.509267
1808  26.509801
1809  26.510334
1810  26.510867
1811  26.511401
1812  26.511935
1813  26.512469
1814  26.513003
1815  26.513537
1816  26.514072
1817  26.514606
1818  26.515139
1819  26.515672
1820  26.516203
1821  26.516734
1822  26.517263
1823  26.517790
1824  26.518316
1825  26.518840
1826  26.519363
1827  26.519885
1828  26.520406
1829  26.520927
1830  26.521447
1831  26.521969
1832  26.522492
1833  26.523016
1834  26.523542
1835  26.524070
1836  26.524600
1837  26.525132
1838  26.525666
1839  26.526202
1840  26.526740
1841  26.527278
1842  26.527816
1843  26.528355
1844  26.528893
1845  26.529430
1846  26.529967
1847  26.530502
1848  26.531036
1849  26.531569
1850  26.532101
1851  26.532633
1852  26.533165
1853  26.533697
1854  26.534231
1855  26.534765
1856  26.535301
1857  26.535839
1858  26.536379
1859  26.536919
1860  26.537462
1861  26.538005
1862  26.538548
1863  26.539091
1864  26.539634
1865  26.540175
1866  26.540714
1867  26.541252
1868  26.541786
1869  26.542318
1870  26.542847
1871  26.543372
1872  26.543896
1873  26.544416
1874  26.544935
1875  26.545453
1876  26.545970
1877  26.546486
1878  26.547003
1879  26.547520
1880  26.548038
1881  26.548557
1882  26.549078
1883  26.549599
1884  26.550122
1885  26.550645
1886  26.551169
1887  26.551693
1888  26.552216
1889  26.552738
1890  26.553259
1891  26.553778
1892  26.554295
1893  26.554811
1894  26.555324
1895  26.555836
1896  26.556346
1897  26.556855
1898  26.557363
1899  26.557871
1900  26.558379
1901  26.558888
1902  26.559398
1903  26.559909
1904  26.560423
1905  26.560937
1906  26.561454
1907  26.561973
1908  26.562492
1909  26.563013
1910  26.563535
1911  26.564057
1912  26.564578
1913  26.565099
1914  26.565619
1915  26.566138
1916  26.566654
1917  26.567169
1918  26.567682
1919  26.568193
1920  26.568701
1921  26.569208
1922  26.569714
1923  26.570218
1924  26.570720
1925  26.571222
1926  26.571723
1927  26.572224
1928  26.572725
1929  26.573226
1930  26.573727
1931  26.574229
1932  26.574731
1933  26.575234
1934  26.575737
1935  26.576240
1936  26.576744
1937  26.577249
1938  26.577754
1939  26.578259
1940  26.578764
1941  26.579269
1942  26.579775
1943  26.580280
1944  26.580785
1945  26.581289
1946  26.581793
1947  26.582296
1948  26.582799
1949  26.583301
1950  26.583802
1951  26.584301
1952  26.584800
1953  26.585298
1954  26.585795
1955  26.586292
1956  26.586788
1957  26.587283
1958  26.587779
1959  26.588274
1960  26.588770
1961  26.589267
1962  26.589765
1963  26.590265
1964  26.590767
1965  26.591270
1966  26.591775
1967  26.592282
1968  26.592791
1969  26.593301
1970  26.593812
1971  26.594323
1972  26.594835
1973  26.595345
1974  26.595855
1975  26.596362
1976  26.596868
1977  26.597371
1978  26.597871
1979  26.598369
1980  26.598863
1981  26.599356
1982  26.599846
1983  26.600334
1984  26.600821
1985  26.601307
1986  26.601793
1987  26.602279
1988  26.602765
1989  26.603251
1990  26.603737
1991  26.604224
1992  26.604711
1993  26.605198
1994  26.605685
1995  26.606171
1996  26.606656
1997  26.607140
1998  26.607622
1999  26.608104
2000  26.608584
2001  26.609063
2002  26.609541
2003  26.610019
2004  26.610496
2005  26.610975
2006  26.611453
2007  26.611934
2008  26.612415
2009  26.612899
2010  26.613384
2011  26.613871
2012  26.614361
2013  26.614852
2014  26.615345
2015  26.615839
2016  26.616335
2017  26.616831
2018  26.617328
2019  26.617825
2020  26.618322
2021  26.618818
2022  26.619313
2023  26.619808
2024  26.620301
2025  26.620793
2026  26.621283
2027  26.621772
2028  26.622259
2029  26.622746
2030  26.623231
2031  26.623715
2032  26.624198
2033  26.624680
2034  26.625162
2035  26.625642
2036  26.626123
2037  26.626603
2038  26.627082
2039  26.627561
2040  26.628040
2041  26.628518
2042  26.628996
2043  26.629473
2044  26.629950
2045  26.630426
2046  26.630902
2047  26.631378
2048  26.631853
2049  26.632327
2050  26.632802
2051  26.633276
2052  26.633751
2053  26.634225
2054  26.634700
2055  26.635175
2056  26.635650
2057  26.636125
2058  26.636601
2059  26.637078
2060  26.637555
2061  26.638032
2062  26.638509
2063  26.638986
2064  26.639462
2065  26.639939
2066  26.640414
2067  26.640889
2068  26.641362
2069  26.641834
2070  26.642305
2071  26.642774
2072  26.643241
2073  26.643707
2074  26.644171
2075  26.644633
2076  26.645095
2077  26.645556
2078  26.646016
2079  26.646476
2080  26.646936
2081  26.647396
2082  26.647857
2083  26.648318
2084  26.648781
2085  26.649244
2086  26.649709
2087  26.650175
2088  26.650642
2089  26.651109
2090  26.651578
2091  26.652046
2092  26.652516
2093  26.652985
2094  26.653454
2095  26.653923
2096  26.654392
2097  26.654861
2098  26.655329
2099  26.655797
2100  26.656265
2101  26.656733
2102  26.657200
2103  26.657668
2104  26.658136
2105  26.658604
2106  26.659072
2107  26.659540
2108  26.660009
2109  26.660478
2110  26.660947
2111  26.661417
2112  26.661886
2113  26.662355
2114  26.662823
2115  26.663291
2116  26.663757
2117  26.664222
2118  26.664686
2119  26.665149
2120  26.665609
2121  26.666068
2122  26.666525
2123  26.666980
2124  26.667433
2125  26.667886
2126  26.668336
2127  26.668786
2128  26.669236
2129  26.669685
2130  26.670135
2131  26.670585
2132  26.671036
2133  26.671487
2134  26.671940
2135  26.672394
2136  26.672850
2137  26.673306
2138  26.673763
2139  26.674221
2140  26.674680
2141  26.675139
2142  26.675598
2143  26.676056
2144  26.676514
2145  26.676972
2146  26.677428
2147  26.677884
2148  26.678339
2149  26.678793
2150  26.679247
2151  26.679700
2152  26.680152
2153  26.680604
2154  26.681056
2155  26.681508
2156  26.681960
2157  26.682412
2158  26.682864
2159  26.683315
2160  26.683766
2161  26.684216
2162  26.684665
2163  26.685113
2164  26.685559
2165  26.686003
2166  26.686444
2167  26.686884
2168  26.687321
2169  26.687755
2170  26.688188
2171  26.688618
2172  26.689047
2173  26.689475
2174  26.689902
2175  26.690329
2176  26.690756
2177  26.691184
2178  26.691612
2179  26.692042
2180  26.692473
2181  26.692907
2182  26.693341
2183  26.693777
2184  26.694215
2185  26.694654
2186  26.695093
2187  26.695534
2188  26.695974
2189  26.696414
2190  26.696854
2191  26.697294
2192  26.697733
2193  26.698170
2194  26.698607
2195  26.699043
2196  26.699478
2197  26.699911
2198  26.700344
2199  26.700776
2200  26.701208
2201  26.701639
2202  26.702070
2203  26.702501
2204  26.702932
2205  26.703362
2206  26.703793
2207  26.704224
2208  26.704655
2209  26.705085
2210  26.705516
2211  26.705946
2212  26.706375
2213  26.706804
2214  26.707231
2215  26.707658
2216  26.708084
2217  26.708509
2218  26.708933
2219  26.709357
2220  26.709779
2221  26.710201
2222  26.710623
2223  26.711044
2224  26.711465
2225  26.711886
2226  26.712308
2227  26.712730
2228  26.713152
2229  26.713574
2230  26.713997
2231  26.714421
2232  26.714845
2233  26.715269
2234  26.715693
2235  26.716118
2236  26.716543
2237  26.716968
2238  26.717393
2239  26.717817
2240  26.718242
2241  26.718667
2242  26.719092
2243  26.719517
2244  26.719941
2245  26.720366
2246  26.720790
2247  26.721214
2248  26.721638
2249  26.722061
2250  26.722483
2251  26.722905
2252  26.723325
2253  26.723745
2254  26.724164
2255  26.724582
2256  26.724999
2257  26.725415
2258  26.725830
2259  26.726245
2260  26.726659
2261  26.727073
2262  26.727487
2263  26.727901
2264  26.728316
2265  26.728730
2266  26.729146
2267  26.729561
2268  26.729976
2269  26.730392
2270  26.730808
2271  26.731223
2272  26.731638
2273  26.732052
2274  26.732466
2275  26.732879
2276  26.733291
2277  26.733702
2278  26.734113
2279  26.734523
2280  26.734933
2281  26.735342
2282  26.735752
2283  26.736161
2284  26.736571
2285  26.736981
2286  26.737392
2287  26.737804
2288  26.738216
2289  26.738629
2290  26.739042
2291  26.739456
2292  26.739870
2293  26.740284
2294  26.740697
2295  26.741110
2296  26.741523
2297  26.741934
2298  26.742344
2299  26.742753
2300  26.743161
2301  26.743567
2302  26.743971
2303  26.744374
2304  26.744776
2305  26.745177
2306  26.745576
2307  26.745976
2308  26.746375
2309  26.746774
2310  26.747173
2311  26.747573
2312  26.747973
2313  26.748374
2314  26.748776
2315  26.749179
2316  26.749582
2317  26.749986
2318  26.750390
2319  26.750794
2320  26.751198
2321  26.751602
2322  26.752006
2323  26.752409
2324  26.752811
2325  26.753213
2326  26.753614
2327  26.754015
2328  26.754414
2329  26.754814
2330  26.755213
2331  26.755612
2332  26.756011
2333  26.756410
2334  26.756809
2335  26.757209
2336  26.757610
2337  26.758010
2338  26.758412
2339  26.758813
2340  26.759215
2341  26.759617
2342  26.760018
2343  26.760420
2344  26.760821
2345  26.761221
2346  26.761620
2347  26.762019
2348  26.762416
2349  26.762813
2350  26.763208
2351  26.763602
2352  26.763996
2353  26.764388
2354  26.764780
2355  26.765172
2356  26.765564
2357  26.765956
2358  26.766348
2359  26.766740
2360  26.767132
2361  26.767525
2362  26.767918
2363  26.768312
2364  26.768705
2365  26.769098
2366  26.769491
2367  26.769884
2368  26.770276
2369  26.770667
2370  26.771057
2371  26.771446
2372  26.771835
2373  26.772222
2374  26.772609
2375  26.772995
2376  26.773381
2377  26.773767
2378  26.774152
2379  26.774539
2380  26.774926
2381  26.775314
2382  26.775703
2383  26.776094
2384  26.776485
2385  26.776878
2386  26.777272
2387  26.777666
2388  26.778061
2389  26.778456
2390  26.778851
2391  26.779246
2392  26.779639
2393  26.780031
2394  26.780422
2395  26.780811
2396  26.781198
2397  26.781583
2398  26.781966
2399  26.782346
2400  26.782725
2401  26.783102
2402  26.783478
2403  26.783853
2404  26.784227
2405  26.784601
2406  26.784975
2407  26.785349
2408  26.785724
2409  26.786100
2410  26.786476
2411  26.786854
2412  26.787233
2413  26.787612
2414  26.787992
2415  26.788373
2416  26.788754
2417  26.789136
2418  26.789517
2419  26.789898
2420  26.790278
2421  26.790658
2422  26.791037
2423  26.791415
2424  26.791793
2425  26.792169
2426  26.792546
2427  26.792921
2428  26.793296
2429  26.793671
2430  26.794046
2431  26.794421
2432  26.794796
2433  26.795172
2434  26.795548
2435  26.795924
2436  26.796301
2437  26.796679
2438  26.797057
2439  26.797436
2440  26.797814
2441  26.798193
2442  26.798572
2443  26.798951
2444  26.799329
2445  26.799707
2446  26.800085
2447  26.800461
2448  26.800837
2449  26.801212
2450  26.801586
2451  26.801958
2452  26.802330
2453  26.802701
2454  26.803072
2455  26.803441
2456  26.803810
2457  26.804180
2458  26.804548
2459  26.804918
2460  26.805287
2461  26.805657
2462  26.806027
2463  26.806398
2464  26.806769
2465  26.807141
2466  26.807514
2467  26.807886
2468  26.808259
2469  26.808632
2470  26.809004
2471  26.809376
2472  26.809748
2473  26.810119
2474  26.810489
2475  26.810858
2476  26.811225
2477  26.811592
2478  26.811958
2479  26.812323
2480  26.812687
2481  26.813050
2482  26.813412
2483  26.813774
2484  26.814136
2485  26.814497
2486  26.814859
2487  26.815221
2488  26.815584
2489  26.815947
2490  26.816311
2491  26.816675
2492  26.817040
2493  26.817406
2494  26.817773
2495  26.818140
2496  26.818508
2497  26.818876
2498  26.819244
2499  26.819611
2500  26.819979
2501  26.820346
2502  26.820712
2503  26.821077
2504  26.821441
2505  26.821804
2506  26.822165
2507  26.822524
2508  26.822882
2509  26.823239
2510  26.823594
2511  26.823947
2512  26.824300
2513  26.824651
2514  26.825002
2515  26.825353
2516  26.825703
2517  26.826054
2518  26.826405
2519  26.826756
2520  26.827109
2521  26.827462
2522  26.827816
2523  26.828172
2524  26.828529
2525  26.828886
2526  26.829245
2527  26.829604
2528  26.829964
2529  26.830324
2530  26.830684
2531  26.831043
2532  26.831403
2533  26.831761
2534  26.832118
2535  26.832475
2536  26.832830
2537  26.833183
2538  26.833536
2539  26.833887
2540  26.834236
2541  26.834585
2542  26.834932
2543  26.835279
2544  26.835625
2545  26.835971
2546  26.836317
2547  26.836663
2548  26.837009
2549  26.837356
2550  26.837704
2551  26.838052
2552  26.838401
2553  26.838750
2554  26.839100
2555  26.839450
2556  26.839801
2557  26.840152
2558  26.840503
2559  26.840853
2560  26.841203
2561  26.841552
2562  26.841901
2563  26.842249
2564  26.842596
2565  26.842942
2566  26.843287
2567  26.843631
2568  26.843975
2569  26.844318
2570  26.844661
2571  26.845004
2572  26.845347
2573  26.845690
2574  26.846033
2575  26.846377
2576  26.846721
2577  26.847066
2578  26.847412
2579  26.847758
2580  26.848104
2581  26.848451
2582  26.848798
2583  26.849145
2584  26.849492
2585  26.849838
2586  26.850184
2587  26.850529
2588  26.850874
2589  26.851218
2590  26.851561
2591  26.851903
2592  26.852245
2593  26.852586
2594  26.852926
2595  26.853266
2596  26.853605
2597  26.853944
2598  26.854283
2599  26.854622
2600  26.854961
2601  26.855299
2602  26.855638
2603  26.855977
2604  26.856315
2605  26.856653
2606  26.856991
2607  26.857328
2608  26.857665
2609  26.858001
2610  26.858336
2611  26.858671
2612  26.859004
2613  26.859336
2614  26.859667
2615  26.859998
2616  26.860327
2617  26.860656
2618  26.860984
2619  26.861311
2620  26.861639
2621  26.861966
2622  26.862293
2623  26.862620
2624  26.862947
2625  26.863275
2626  26.863603
2627  26.863932
2628  26.864261
2629  26.864590
2630  26.864920
2631  26.865251
2632  26.865582
2633  26.865913
2634  26.866244
2635  26.866576
2636  26.866907
2637  26.867239
2638  26.867571
2639  26.867903
2640  26.868236
2641  26.868568
2642  26.868900
2643  26.869231
2644  26.869563
2645  26.869894
2646  26.870225
2647  26.870556
2648  26.870886
2649  26.871216
2650  26.871545
2651  26.871873
2652  26.872200
2653  26.872527
2654  26.872853
2655  26.873178
2656  26.873503
2657  26.873827
2658  26.874151
2659  26.874474
2660  26.874797
2661  26.875120
2662  26.875443
2663  26.875766
2664  26.876089
2665  26.876412
2666  26.876735
2667  26.877059
2668  26.877382
2669  26.877707
2670  26.878031
2671  26.878355
2672  26.878680
2673  26.879004
2674  26.879329
2675  26.879653
2676  26.879976
2677  26.880299
2678  26.880622
2679  26.880944
2680  26.881265
2681  26.881586
2682  26.881906
2683  26.882225
2684  26.882543
2685  26.882861
2686  26.883179
2687  26.883496
2688  26.883812
2689  26.884129
2690  26.884445
2691  26.884762
2692  26.885078
2693  26.885395
2694  26.885712
2695  26.886029
2696  26.886347
2697  26.886665
2698  26.886983
2699  26.887302
2700  26.887620
2701  26.887939
2702  26.888259
2703  26.888578
2704  26.888898
2705  26.889217
2706  26.889536
2707  26.889855
2708  26.890173
2709  26.890492
2710  26.890809
2711  26.891127
2712  26.891443
2713  26.891759
2714  26.892075
2715  26.892389
2716  26.892704
2717  26.893017
2718  26.893331
2719  26.893644
2720  26.893956
2721  26.894268
2722  26.894581
2723  26.894893
2724  26.895205
2725  26.895517
2726  26.895830
2727  26.896143
2728  26.896456
2729  26.896769
2730  26.897082
2731  26.897396
2732  26.897709
2733  26.898022
2734  26.898335
2735  26.898648
2736  26.898960
2737  26.899271
2738  26.899582
2739  26.899893
2740  26.900203
2741  26.900512
2742  26.900820
2743  26.901128
2744  26.901436
2745  26.901743
2746  26.902050
2747  26.902356
2748  26.902662
2749  26.902969
2750  26.903275
2751  26.903581
2752  26.903888
2753  26.904194
2754  26.904501
2755  26.904808
2756  26.905115
2757  26.905422
2758  26.905730
2759  26.906038
2760  26.906346
2761  26.906654
2762  26.906963
2763  26.907271
2764  26.907579
2765  26.907888
2766  26.908196
2767  26.908503
2768  26.908811
2769  26.909118
2770  26.909424
2771  26.909730
2772  26.910035
2773  26.910339
2774  26.910642
2775  26.910945
2776  26.911247
2777  26.911548
2778  26.911848
2779  26.912148
2780  26.912447
2781  26.912746
2782  26.913044
2783  26.913343
2784  26.913642
2785  26.913941
2786  26.914240
2787  26.914540
2788  26.914840
2789  26.915141
2790  26.915443
2791  26.915745
2792  26.916048
2793  26.916351
2794  26.916654
2795  26.916958
2796  26.917261
2797  26.917564
2798  26.917867
2799  26.918169
2800  26.918471
2801  26.918772
2802  26.919072
2803  26.919372
2804  26.919671
2805  26.919969
2806  26.920266
2807  26.920563
2808  26.920860
2809  26.921157
2810  26.921453
2811  26.921750
2812  26.922047
2813  26.922344
2814  26.922642
2815  26.922940
2816  26.923238
2817  26.923537
2818  26.923836
2819  26.924135
2820  26.924433
2821  26.924732
2822  26.925030
2823  26.925328
2824  26.925625
2825  26.925921
2826  26.926216
2827  26.926511
2828  26.926804
2829  26.927097
2830  26.927388
2831  26.927679
2832  26.927969
2833  26.928259
2834  26.928548
2835  26.928837
2836  26.929125
2837  26.929414
2838  26.929702
2839  26.929990
2840  26.930278
2841  26.930566
2842  26.930854
2843  26.931142
2844  26.931429
2845  26.931717
2846  26.932004
2847  26.932292
2848  26.932579
2849  26.932866
2850  26.933153
2851  26.933441
2852  26.933728
2853  26.934015
2854  26.934303
2855  26.934591
2856  26.934879
2857  26.935167
2858  26.935456
2859  26.935745
2860  26.936034
2861  26.936323
2862  26.936613
2863  26.936902
2864  26.937192
2865  26.937481
2866  26.937770
2867  26.938059
2868  26.938347
2869  26.938635
2870  26.938923
2871  26.939210
2872  26.939497
2873  26.939784
2874  26.940070
2875  26.940357
2876  26.940644
2877  26.940931
2878  26.941219
2879  26.941507
2880  26.941796
2881  26.942086
2882  26.942376
2883  26.942666
2884  26.942957
2885  26.943248
2886  26.943539
2887  26.943830
2888  26.944120
2889  26.944411
2890  26.944700
2891  26.944988
2892  26.945276
2893  26.945562
2894  26.945848
2895  26.946132
2896  26.946415
2897  26.946697
2898  26.946978
2899  26.947259
2900  26.947538
2901  26.947818
2902  26.948096
2903  26.948375
2904  26.948653
2905  26.948932
2906  26.949210
2907  26.949488
2908  26.949767
2909  26.950045
2910  26.950324
2911  26.950602
2912  26.950881
2913  26.951159
2914  26.951437
2915  26.951715
2916  26.951992
2917  26.952270
2918  26.952547
2919  26.952824
2920  26.953101
2921  26.953378
2922  26.953655
2923  26.953931
2924  26.954208
2925  26.954484
2926  26.954760
2927  26.955036
2928  26.955313
2929  26.955589
2930  26.955865
2931  26.956142
2932  26.956418
2933  26.956694
2934  26.956971
2935  26.957248
2936  26.957525
2937  26.957802
2938  26.958080
2939  26.958358
2940  26.958636
2941  26.958915
2942  26.959194
2943  26.959473
2944  26.959753
2945  26.960032
2946  26.960311
2947  26.960590
2948  26.960868
2949  26.961145
2950  26.961422
2951  26.961697
2952  26.961972
2953  26.962245
2954  26.962517
2955  26.962788
2956  26.963057
2957  26.963326
2958  26.963594
2959  26.963861
2960  26.964128
2961  26.964394
2962  26.964661
2963  26.964927
2964  26.965194
2965  26.965461
2966  26.965729
2967  26.965997
2968  26.966265
2969  26.966534
2970  26.966803
2971  26.967073
2972  26.967342
2973  26.967612
2974  26.967881
2975  26.968150
2976  26.968419
2977  26.968687
2978  26.968955
2979  26.969223
2980  26.969490
2981  26.969757
2982  26.970024
2983  26.970291
2984  26.970558
2985  26.970825
2986  26.971092
2987  26.971360
2988  26.971628
2989  26.971896
2990  26.972166
2991  26.972435
2992  26.972705
2993  26.972976
2994  26.973246
2995  26.973517
2996  26.973787
2997  26.974057
2998  26.974327
2999  26.974596
3000  26.974864
3001  26.975131
3002  26.975397
3003  26.975662
3004  26.975926
3005  26.976189
3006  26.976451
3007  26.976712
3008  26.976972
3009  26.977233
3010  26.977493
3011  26.977752
3012  26.978012
3013  26.978273
3014  26.978533
3015  26.978794
3016  26.979056
3017  26.979318
3018  26.979580
3019  26.979843
3020  26.980106
3021  26.980369
3022  26.980633
3023  26.980896
3024  26.981160
3025  26.981423
3026  26.981686
3027  26.981949
3028  26.982212
3029  26.982474
3030  26.982737
3031  26.982999
3032  26.983261
3033  26.983523
3034  26.983785
3035  26.984047
3036  26.984309
3037  26.984571
3038  26.984832
3039  26.985093
3040  26.985355
3041  26.985615
3042  26.985876
3043  26.986136
3044  26.986396
3045  26.986655
3046  26.986913
3047  26.987171
3048  26.987428
3049  26.987685
3050  26.987941
3051  26.988197
3052  26.988452
3053  26.988708
3054  26.988963
3055  26.989218
3056  26.989473
3057  26.989728
3058  26.989983
3059  26.990238
3060  26.990493
3061  26.990749
3062  26.991005
3063  26.991261
3064  26.991517
3065  26.991772
3066  26.992028
3067  26.992284
3068  26.992539
3069  26.992794
3070  26.993049
3071  26.993303
3072  26.993557
3073  26.993811
3074  26.994065
3075  26.994318
3076  26.994572
3077  26.994826
3078  26.995080
3079  26.995334
3080  26.995589
3081  26.995844
3082  26.996099
3083  26.996356
3084  26.996612
3085  26.996870
3086  26.997127
3087  26.997385
3088  26.997643
3089  26.997901
3090  26.998159
3091  26.998417
3092  26.998674
3093  26.998930
3094  26.999186
3095  26.999441
3096  26.999695
3097  26.999948
3098  27.000200
3099  27.000451
3100  27.000702
3101  27.000951
3102  27.001200
3103  27.001448
3104  27.001696
3105  27.001943
3106  27.002190
3107  27.002436
3108  27.002683
3109  27.002929
3110  27.003175
3111  27.003421
3112  27.003667
3113  27.003912
3114  27.004157
3115  27.004403
3116  27.004647
3117  27.004892
3118  27.005136
3119  27.005380
3120  27.005624
3121  27.005867
3122  27.006111
3123  27.006355
3124  27.006599
3125  27.006844
3126  27.007088
3127  27.007334
3128  27.007580
3129  27.007826
3130  27.008073
3131  27.008321
3132  27.008569
3133  27.008818
3134  27.009067
3135  27.009315
3136  27.009564
3137  27.009813
3138  27.010061
3139  27.010309
3140  27.010556
3141  27.010802
3142  27.011048
3143  27.011293
3144  27.011538
3145  27.011781
3146  27.012024
3147  27.012267
3148  27.012509
3149  27.012751
3150  27.012993
3151  27.013234
3152  27.013475
3153  27.013716
3154  27.013958
3155  27.014199
3156  27.014440
3157  27.014680
3158  27.014921
3159  27.015161
3160  27.015401
3161  27.015640
3162  27.015879
3163  27.016118
3164  27.016356
3165  27.016594
3166  27.016831
3167  27.017069
3168  27.017306
3169  27.017543
3170  27.017781
3171  27.018019
3172  27.018257
3173  27.018496
3174  27.018736
3175  27.018976
3176  27.019217
3177  27.019459
3178  27.019700
3179  27.019943
3180  27.020185
3181  27.020427
3182  27.020670
3183  27.020912
3184  27.021153
3185  27.021394
3186  27.021635
3187  27.021875
3188  27.022114
3189  27.022352
3190  27.022590
3191  27.022828
3192  27.023065
3193  27.023302
3194  27.023538
3195  27.023775
3196  27.024012
3197  27.024249
3198  27.024486
3199  27.024723
3200  27.024961
3201  27.025199
3202  27.025437
3203  27.025676
3204  27.025914
3205  27.026153
3206  27.026392
3207  27.026630
3208  27.026868
3209  27.027106
3210  27.027344
3211  27.027581
3212  27.027818
3213  27.028054
3214  27.028291
3215  27.028527
3216  27.028762
3217  27.028998
3218  27.029234
3219  27.029469
3220  27.029705
3221  27.029940
3222  27.030176
3223  27.030411
3224  27.030647
3225  27.030882
3226  27.031117
3227  27.031351
3228  27.031586
3229  27.031819
3230  27.032053
3231  27.032285
3232  27.032517
3233  27.032748
3234  27.032979
3235  27.033209
3236  27.033439
3237  27.033668
3238  27.033898
3239  27.034127
3240  27.034356
3241  27.034586
3242  27.034816
3243  27.035046
3244  27.035277
3245  27.035508
3246  27.035740
3247  27.035972
3248  27.036205
3249  27.036438
3250  27.036672
3251  27.036906
3252  27.037140
3253  27.037374
3254  27.037608
3255  27.037843
3256  27.038077
3257  27.038311
3258  27.038546
3259  27.038780
3260  27.039014
3261  27.039249
3262  27.039483
3263  27.039717
3264  27.039950
3265  27.040184
3266  27.040417
3267  27.040651
3268  27.040883
3269  27.041116
3270  27.041348
3271  27.041579
3272  27.041810
3273  27.042040
3274  27.042269
3275  27.042498
3276  27.042726
3277  27.042953
3278  27.043180
3279  27.043406
3280  27.043632
3281  27.043857
3282  27.044082
3283  27.044306
3284  27.044530
3285  27.044755
3286  27.044979
3287  27.045203
3288  27.045427
3289  27.045652
3290  27.045877
3291  27.046102
3292  27.046327
3293  27.046552
3294  27.046778
3295  27.047004
3296  27.047230
3297  27.047456
3298  27.047682
3299  27.047907
3300  27.048133
3301  27.048359
3302  27.048584
3303  27.048810
3304  27.049034
3305  27.049259
3306  27.049483
3307  27.049707
3308  27.049931
3309  27.050154
3310  27.050377
3311  27.050600
3312  27.050822
3313  27.051045
3314  27.051267
3315  27.051489
3316  27.051711
3317  27.051934
3318  27.052156
3319  27.052378
3320  27.052601
3321  27.052823
3322  27.053046
3323  27.053269
3324  27.053491
3325  27.053714
3326  27.053936
3327  27.054158
3328  27.054380
3329  27.054602
3330  27.054823
3331  27.055044
3332  27.055265
3333  27.055485
3334  27.055705
3335  27.055925
3336  27.056144
3337  27.056363
3338  27.056582
3339  27.056800
3340  27.057019
3341  27.057237
3342  27.057455
3343  27.057674
3344  27.057892
3345  27.058110
3346  27.058328
3347  27.058546
3348  27.058763
3349  27.058981
3350  27.059198
3351  27.059415
3352  27.059632
3353  27.059849
3354  27.060065
3355  27.060282
3356  27.060498
3357  27.060714
3358  27.060930
3359  27.061145
3360  27.061361
3361  27.061578
3362  27.061794
3363  27.062011
3364  27.062227
3365  27.062445
3366  27.062662
3367  27.062880
3368  27.063098
3369  27.063317
3370  27.063535
3371  27.063754
3372  27.063973
3373  27.064191
3374  27.064410
3375  27.064628
3376  27.064847
3377  27.065065
3378  27.065283
3379  27.065500
3380  27.065717
3381  27.065935
3382  27.066151
3383  27.066368
3384  27.066584
3385  27.066801
3386  27.067017
3387  27.067233
3388  27.067448
3389  27.067664
3390  27.067879
3391  27.068093
3392  27.068308
3393  27.068522
3394  27.068735
3395  27.068948
3396  27.069161
3397  27.069373
3398  27.069584
3399  27.069795
3400  27.070006
3401  27.070216
3402  27.070427
3403  27.070637
3404  27.070847
3405  27.071057
3406  27.071268
3407  27.071479
3408  27.071690
3409  27.071901
3410  27.072113
3411  27.072325
3412  27.072538
3413  27.072751
3414  27.072964
3415  27.073177
3416  27.073391
3417  27.073604
3418  27.073818
3419  27.074031
3420  27.074244
3421  27.074457
3422  27.074669
3423  27.074882
3424  27.075094
3425  27.075305
3426  27.075517
3427  27.075728
3428  27.075939
3429  27.076149
3430  27.076360
3431  27.076570
3432  27.076780
3433  27.076989
3434  27.077198
3435  27.077407
3436  27.077615
3437  27.077823
3438  27.078031
3439  27.078237
3440  27.078443
3441  27.078649
3442  27.078854
3443  27.079058
3444  27.079262
3445  27.079465
3446  27.079668
3447  27.079870
3448  27.080072
3449  27.080275
3450  27.080477
3451  27.080679
3452  27.080882
3453  27.081085
3454  27.081288
3455  27.081492
3456  27.081696
3457  27.081900
3458  27.082106
3459  27.082311
3460  27.082517
3461  27.082723
3462  27.082930
3463  27.083136
3464  27.083343
3465  27.083550
3466  27.083757
3467  27.083964
3468  27.084170
3469  27.084377
3470  27.084583
3471  27.084790
3472  27.084995
3473  27.085201
3474  27.085407
3475  27.085612
3476  27.085817
3477  27.086021
3478  27.086225
3479  27.086428
3480  27.086631
3481  27.086833
3482  27.087035
3483  27.087236
3484  27.087437
3485  27.087637
3486  27.087836
3487  27.088035
3488  27.088233
3489  27.088430
3490  27.088627
3491  27.088824
3492  27.089021
3493  27.089217
3494  27.089414
3495  27.089610
3496  27.089807
3497  27.090004
3498  27.090201
3499  27.090399
3500  27.090597
3501  27.090795
3502  27.090994
3503  27.091193
3504  27.091393
3505  27.091593
3506  27.091794
3507  27.091995
3508  27.092196
3509  27.092397
3510  27.092598
3511  27.092799
3512  27.093000
3513  27.093201
3514  27.093402
3515  27.093603
3516  27.093803
3517  27.094002
3518  27.094202
3519  27.094401
3520  27.094599
3521  27.094797
3522  27.094995
3523  27.095192
3524  27.095388
3525  27.095585
3526  27.095781
3527  27.095977
3528  27.096172
3529  27.096368
3530  27.096563
3531  27.096758
3532  27.096953
3533  27.097148
3534  27.097342
3535  27.097537
3536  27.097732
3537  27.097927
3538  27.098122
3539  27.098317
3540  27.098512
3541  27.098707
3542  27.098902
3543  27.099097
3544  27.099292
3545  27.099487
3546  27.099682
3547  27.099877
3548  27.100072
3549  27.100267
3550  27.100462
3551  27.100657
3552  27.100852
3553  27.101048
3554  27.101243
3555  27.101438
3556  27.101633
3557  27.101828
3558  27.102024
3559  27.102219
3560  27.102415
3561  27.102610
3562  27.102806
3563  27.103001
3564  27.103196
3565  27.103392
3566  27.103586
3567  27.103781
3568  27.103975
3569  27.104169
3570  27.104362
3571  27.104554
3572  27.104746
3573  27.104938
3574  27.105128
3575  27.105319
3576  27.105508
3577  27.105698
3578  27.105887
3579  27.106076
3580  27.106265
3581  27.106453
3582  27.106643
3583  27.106832
3584  27.107022
3585  27.107212
3586  27.107403
3587  27.107594
3588  27.107785
3589  27.107977
3590  27.108170
3591  27.108363
3592  27.108556
3593  27.108749
3594  27.108942
3595  27.109135
3596  27.109328
3597  27.109521
3598  27.109714
3599  27.109906
3600  27.110098
3601  27.110290
3602  27.110481
3603  27.110672
3604  27.110863
3605  27.111053
3606  27.111243
3607  27.111433
3608  27.111623
3609  27.111812
3610  27.112002
3611  27.112191
3612  27.112381
3613  27.112571
3614  27.112760
3615  27.112950
3616  27.113140
3617  27.113329
3618  27.113519
3619  27.113709
3620  27.113899
3621  27.114089
3622  27.114278
3623  27.114468
3624  27.114657
3625  27.114846
3626  27.115035
3627  27.115224
3628  27.115412
3629  27.115601
3630  27.115789
3631  27.115977
3632  27.116164
3633  27.116352
3634  27.116540
3635  27.116727
3636  27.116915
3637  27.117102
3638  27.117289
3639  27.117477
3640  27.117664
3641  27.117851
3642  27.118038
3643  27.118224
3644  27.118411
3645  27.118597
3646  27.118782
3647  27.118968
3648  27.119152
3649  27.119337
3650  27.119521
3651  27.119704
3652  27.119888
3653  27.120071
3654  27.120254
3655  27.120436
3656  27.120619
3657  27.120802
3658  27.120985
3659  27.121168
3660  27.121351
3661  27.121535
3662  27.121718
3663  27.121902
3664  27.122087
3665  27.122271
3666  27.122456
3667  27.122640
3668  27.122825
3669  27.123010
3670  27.123195
3671  27.123380
3672  27.123564
3673  27.123749
3674  27.123934
3675  27.124118
3676  27.124303
3677  27.124487
3678  27.124671
3679  27.124856
3680  27.125040
3681  27.125224
3682  27.125409
3683  27.125593
3684  27.125777
3685  27.125961
3686  27.126146
3687  27.126330
3688  27.126514
3689  27.126697
3690  27.126881
3691  27.127064
3692  27.127247
3693  27.127429
3694  27.127611
3695  27.127792
3696  27.127973
3697  27.128153
3698  27.128333
3699  27.128512
3700  27.128691
3701  27.128869
3702  27.129047
3703  27.129225
3704  27.129402
3705  27.129580
3706  27.129758
3707  27.129936
3708  27.130115
3709  27.130294
3710  27.130473
3711  27.130653
3712  27.130833
3713  27.131014
3714  27.131194
3715  27.131375
3716  27.131557
3717  27.131738
3718  27.131919
3719  27.132100
3720  27.132280
3721  27.132461
3722  27.132641
3723  27.132820
3724  27.132999
3725  27.133179
3726  27.133357
3727  27.133536
3728  27.133715
3729  27.133894
3730  27.134073
3731  27.134252
3732  27.134432
3733  27.134612
3734  27.134792
3735  27.134973
3736  27.135154
3737  27.135335
3738  27.135517
3739  27.135698
3740  27.135879
3741  27.136060
3742  27.136241
3743  27.136421
3744  27.136601
3745  27.136780
3746  27.136958
3747  27.137135
3748  27.137312
3749  27.137488
3750  27.137664
3751  27.137839
3752  27.138013
3753  27.138188
3754  27.138362
3755  27.138536
3756  27.138711
3757  27.138885
3758  27.139060
3759  27.139235
3760  27.139410
3761  27.139586
3762  27.139761
3763  27.139937
3764  27.140113
3765  27.140288
3766  27.140463
3767  27.140638
3768  27.140813
3769  27.140987
3770  27.141160
3771  27.141333
3772  27.141505
3773  27.141677
3774  27.141849
3775  27.142020
3776  27.142190
3777  27.142361
3778  27.142532
3779  27.142702
3780  27.142873
3781  27.143044
3782  27.143216
3783  27.143387
3784  27.143559
3785  27.143732
3786  27.143904
3787  27.144077
3788  27.144250
3789  27.144423
3790  27.144596
3791  27.144769
3792  27.144942
3793  27.145115
3794  27.145288
3795  27.145460
3796  27.145632
3797  27.145804
3798  27.145975
3799  27.146147
3800  27.146318
3801  27.146489
3802  27.146661
3803  27.146832
3804  27.147004
3805  27.147176
3806  27.147348
3807  27.147521
3808  27.147694
3809  27.147866
3810  27.148039
3811  27.148212
3812  27.148385
3813  27.148558
3814  27.148731
3815  27.148903
3816  27.149074
3817  27.149246
3818  27.149416
3819  27.149587
3820  27.149756
3821  27.149925
3822  27.150093
3823  27.150261
3824  27.150428
3825  27.150595
3826  27.150762
3827  27.150929
3828  27.151095
3829  27.151261
3830  27.151428
3831  27.151594
3832  27.151761
3833  27.151927
3834  27.152094
3835  27.152261
3836  27.152428
3837  27.152596
3838  27.152763
3839  27.152930
3840  27.153097
3841  27.153265
3842  27.153431
3843  27.153598
3844  27.153765
3845  27.153931
3846  27.154098
3847  27.154264
3848  27.154430
3849  27.154596
3850  27.154763
3851  27.154929
3852  27.155096
3853  27.155263
3854  27.155431
3855  27.155599
3856  27.155768
3857  27.155937
3858  27.156106
3859  27.156277
3860  27.156447
3861  27.156618
3862  27.156789
3863  27.156959
3864  27.157130
3865  27.157301
3866  27.157471
3867  27.157641
3868  27.157810
3869  27.157979
3870  27.158147
3871  27.158314
3872  27.158481
3873  27.158647
3874  27.158812
3875  27.158977
3876  27.159141
3877  27.159304
3878  27.159468
3879  27.159631
3880  27.159794
3881  27.159957
3882  27.160119
3883  27.160282
3884  27.160445
3885  27.160608
3886  27.160771
3887  27.160934
3888  27.161097
3889  27.161260
3890  27.161422
3891  27.161585
3892  27.161748
3893  27.161910
3894  27.162072
3895  27.162234
3896  27.162396
3897  27.162558
3898  27.162719
3899  27.162880
3900  27.163042
3901  27.163203
3902  27.163364
3903  27.163526
3904  27.163688
3905  27.163850
3906  27.164012
3907  27.164175
3908  27.164338
3909  27.164501
3910  27.164665
3911  27.164829
3912  27.164993
3913  27.165158
3914  27.165323
3915  27.165488
3916  27.165653
3917  27.165818
3918  27.165983
3919  27.166148
3920  27.166313
3921  27.166477
3922  27.166640
3923  27.166804
3924  27.166966
3925  27.167129
3926  27.167290
3927  27.167451
3928  27.167612
3929  27.167772
3930  27.167932
3931  27.168091
3932  27.168250
3933  27.168408
3934  27.168566
3935  27.168724
3936  27.168882
3937  27.169040
3938  27.169197
3939  27.169355
3940  27.169512
3941  27.169669
3942  27.169827
3943  27.169984
3944  27.170141
3945  27.170298
3946  27.170455
3947  27.170612
3948  27.170769
3949  27.170926
3950  27.171082
3951  27.171239
3952  27.171396
3953  27.171552
3954  27.171709
3955  27.171865
3956  27.172022
3957  27.172180
3958  27.172337
3959  27.172495
3960  27.172654
3961  27.172812
3962  27.172972
3963  27.173132
3964  27.173292
3965  27.173452
3966  27.173613
3967  27.173775
3968  27.173936
3969  27.174097
3970  27.174258
3971  27.174419
3972  27.174580
3973  27.174740
3974  27.174900
3975  27.175060
3976  27.175219
3977  27.175377
3978  27.175535
3979  27.175692
3980  27.175849
3981  27.176006
3982  27.176162
3983  27.176318
3984  27.176474
3985  27.176630
3986  27.176785
3987  27.176941
3988  27.177097
3989  27.177253
3990  27.177409
3991  27.177565
3992  27.177721
3993  27.177877
3994  27.178033
3995  27.178189
3996  27.178345
3997  27.178501
3998  27.178656
3999  27.178811
4000  27.178967
4001  27.179121
4002  27.179276
4003  27.179430
4004  27.179584
4005  27.179738
4006  27.179892
4007  27.180046
4008  27.180200
4009  27.180353
4010  27.180507
4011  27.180660
4012  27.180814
4013  27.180967
4014  27.181121
4015  27.181274
4016  27.181428
4017  27.181582
4018  27.181735
4019  27.181889
4020  27.182042
4021  27.182196
4022  27.182350
4023  27.182503
4024  27.182657
4025  27.182811
4026  27.182965
4027  27.183119
4028  27.183273
4029  27.183427
4030  27.183581
4031  27.183736
4032  27.183890
4033  27.184045
4034  27.184200
4035  27.184354
4036  27.184509
4037  27.184664
4038  27.184819
4039  27.184973
4040  27.185128
4041  27.185282
4042  27.185436
4043  27.185590
4044  27.185743
4045  27.185897
4046  27.186050
4047  27.186202
4048  27.186355
4049  27.186507
4050  27.186659
4051  27.186810
4052  27.186962
4053  27.187113
4054  27.187265
4055  27.187416
4056  27.187567
4057  27.187719
4058  27.187870
4059  27.188022
4060  27.188173
4061  27.188325
4062  27.188476
4063  27.188628
4064  27.188780
4065  27.188931
4066  27.189083
4067  27.189234
4068  27.189385
4069  27.189536
4070  27.189687
4071  27.189837
4072  27.189987
4073  27.190136
4074  27.190285
4075  27.190434
4076  27.190582
4077  27.190731
4078  27.190879
4079  27.191027
4080  27.191175
4081  27.191322
4082  27.191471
4083  27.191619
4084  27.191767
4085  27.191916
4086  27.192066
4087  27.192215
4088  27.192365
4089  27.192515
4090  27.192666
4091  27.192817
4092  27.192968
4093  27.193119
4094  27.193270
4095  27.193421
4096  27.193572
4097  27.193722
4098  27.193872
4099  27.194022
4100  27.194172
4101  27.194321
4102  27.194469
4103  27.194617
4104  27.194765
4105  27.194912
4106  27.195058
4107  27.195204
4108  27.195350
4109  27.195496
4110  27.195641
4111  27.195787
4112  27.195932
4113  27.196078
4114  27.196224
4115  27.196370
4116  27.196516
4117  27.196662
4118  27.196809
4119  27.196955
4120  27.197102
4121  27.197248
4122  27.197395
4123  27.197541
4124  27.197687
4125  27.197833
4126  27.197978
4127  27.198123
4128  27.198268
4129  27.198412
4130  27.198556
4131  27.198700
4132  27.198844
4133  27.198987
4134  27.199131
4135  27.199274
4136  27.199418
4137  27.199561
4138  27.199705
4139  27.199849
4140  27.199993
4141  27.200136
4142  27.200280
4143  27.200425
4144  27.200569
4145  27.200713
4146  27.200858
4147  27.201002
4148  27.201147
4149  27.201292
4150  27.201437
4151  27.201582
4152  27.201728
4153  27.201874
4154  27.202020
4155  27.202166
4156  27.202313
4157  27.202459
4158  27.202606
4159  27.202753
4160  27.202900
4161  27.203047
4162  27.203193
4163  27.203340
4164  27.203486
4165  27.203632
4166  27.203777
4167  27.203923
4168  27.204068
4169  27.204212
4170  27.204356
4171  27.204500
4172  27.204644
4173  27.204787
4174  27.204930
4175  27.205073
4176  27.205216
4177  27.205358
4178  27.205500
4179  27.205642
4180  27.205784
4181  27.205925
4182  27.206067
4183  27.206207
4184  27.206348
4185  27.206488
4186  27.206628
4187  27.206767
4188  27.206907
4189  27.207046
4190  27.207185
4191  27.207324
4192  27.207462
4193  27.207601
4194  27.207740
4195  27.207879
4196  27.208019
4197  27.208158
4198  27.208298
4199  27.208438
4200  27.208578
4201  27.208719
4202  27.208859
4203  27.209000
4204  27.209140
4205  27.209280
4206  27.209421
4207  27.209561
4208  27.209701
4209  27.209841
4210  27.209981
4211  27.210121
4212  27.210261
4213  27.210401
4214  27.210541
4215  27.210681
4216  27.210822
4217  27.210962
4218  27.211104
4219  27.211245
4220  27.211387
4221  27.211529
4222  27.211671
4223  27.211813
4224  27.211956
4225  27.212098
4226  27.212240
4227  27.212382
4228  27.212523
4229  27.212664
4230  27.212805
4231  27.212945
4232  27.213084
4233  27.213223
4234  27.213362
4235  27.213500
4236  27.213638
4237  27.213775
4238  27.213912
4239  27.214050
4240  27.214187
4241  27.214324
4242  27.214461
4243  27.214598
4244  27.214735
4245  27.214872
4246  27.215010
4247  27.215147
4248  27.215284
4249  27.215421
4250  27.215558
4251  27.215694
4252  27.215831
4253  27.215967
4254  27.216102
4255  27.216238
4256  27.216373
4257  27.216509
4258  27.216644
4259  27.216779
4260  27.216914
4261  27.217049
4262  27.217184
4263  27.217319
4264  27.217454
4265  27.217590
4266  27.217725
4267  27.217861
4268  27.217998
4269  27.218134
4270  27.218271
4271  27.218408
4272  27.218545
4273  27.218682
4274  27.218820
4275  27.218958
4276  27.219096
4277  27.219234
4278  27.219372
4279  27.219510
4280  27.219649
4281  27.219787
4282  27.219926
4283  27.220064
4284  27.220203
4285  27.220341
4286  27.220480
4287  27.220618
4288  27.220756
4289  27.220894
4290  27.221031
4291  27.221168
4292  27.221305
4293  27.221442
4294  27.221578
4295  27.221714
4296  27.221849
4297  27.221984
4298  27.222118
4299  27.222253
4300  27.222387
4301  27.222521
4302  27.222654
4303  27.222788
4304  27.222921
4305  27.223055
4306  27.223188
4307  27.223322
4308  27.223455
4309  27.223589
4310  27.223723
4311  27.223856
4312  27.223990
4313  27.224124
4314  27.224257
4315  27.224391
4316  27.224524
4317  27.224657
4318  27.224790
4319  27.224922
4320  27.225055
4321  27.225187
4322  27.225319
4323  27.225451
4324  27.225583
4325  27.225714
4326  27.225846
4327  27.225978
4328  27.226111
4329  27.226243
4330  27.226375
4331  27.226508
4332  27.226641
4333  27.226774
4334  27.226907
4335  27.227040
4336  27.227174
4337  27.227307
4338  27.227440
4339  27.227574
4340  27.227707
4341  27.227840
4342  27.227973
4343  27.228105
4344  27.228238
4345  27.228370
4346  27.228502
4347  27.228634
4348  27.228766
4349  27.228898
4350  27.229030
4351  27.229161
4352  27.229293
4353  27.229425
4354  27.229556
4355  27.229688
4356  27.229820
4357  27.229951
4358  27.230082
4359  27.230214
4360  27.230345
4361  27.230475
4362  27.230606
4363  27.230736
4364  27.230866
4365  27.230996
4366  27.231126
4367  27.231255
4368  27.231384
4369  27.231513
4370  27.231642
4371  27.231771
4372  27.231899
4373  27.232028
4374  27.232157
4375  27.232286
4376  27.232415
4377  27.232545
4378  27.232675
4379  27.232804
4380  27.232934
4381  27.233064
4382  27.233194
4383  27.233325
4384  27.233455
4385  27.233585
4386  27.233715
4387  27.233845
4388  27.233975
4389  27.234105
4390  27.234235
4391  27.234365
4392  27.234494
4393  27.234624
4394  27.234753
4395  27.234882
4396  27.235012
4397  27.235141
4398  27.235270
4399  27.235400
4400  27.235529
4401  27.235659
4402  27.235788
4403  27.235918
4404  27.236048
4405  27.236178
4406  27.236307
4407  27.236437
4408  27.236567
4409  27.236696
4410  27.236826
4411  27.236955
4412  27.237084
4413  27.237213
4414  27.237341
4415  27.237469
4416  27.237597
4417  27.237725
4418  27.237853
4419  27.237980
4420  27.238108
4421  27.238235
4422  27.238361
4423  27.238488
4424  27.238615
4425  27.238742
4426  27.238868
4427  27.238994
4428  27.239121
4429  27.239247
4430  27.239373
4431  27.239500
4432  27.239626
4433  27.239752
4434  27.239878
4435  27.240004
4436  27.240130
4437  27.240256
4438  27.240383
4439  27.240509
4440  27.240635
4441  27.240761
4442  27.240887
4443  27.241013
4444  27.241139
4445  27.241265
4446  27.241391
4447  27.241517
4448  27.241643
4449  27.241769
4450  27.241895
4451  27.242021
4452  27.242147
4453  27.242274
4454  27.242400
4455  27.242526
4456  27.242652
4457  27.242779
4458  27.242905
4459  27.243031
4460  27.243158
4461  27.243284
4462  27.243410
4463  27.243537
4464  27.243663
4465  27.243789
4466  27.243915
4467  27.244041
4468  27.244167
4469  27.244293
4470  27.244419
4471  27.244544
4472  27.244670
4473  27.244795
4474  27.244920
4475  27.245044
4476  27.245168
4477  27.245292
4478  27.245416
4479  27.245539
4480  27.245662
4481  27.245785
4482  27.245908
4483  27.246030
4484  27.246152
4485  27.246273
4486  27.246395
4487  27.246516
4488  27.246637
4489  27.246758
4490  27.246879
4491  27.247000
4492  27.247121
4493  27.247242
4494  27.247363
4495  27.247484
4496  27.247604
4497  27.247725
4498  27.247846
4499  27.247967
4500  27.248087
4501  27.248208
4502  27.248328
4503  27.248449
4504  27.248569
4505  27.248690
4506  27.248810
4507  27.248930
4508  27.249050
4509  27.249171
4510  27.249291
4511  27.249411
4512  27.249532
4513  27.249652
4514  27.249773
4515  27.249894
4516  27.250015
4517  27.250136
4518  27.250257
4519  27.250378
4520  27.250500
4521  27.250621
4522  27.250743
4523  27.250865
4524  27.250986
4525  27.251108
4526  27.251230
4527  27.251351
4528  27.251473
4529  27.251595
4530  27.251716
4531  27.251838
4532  27.251959
4533  27.252081
4534  27.252203
4535  27.252324
4536  27.252446
4537  27.252567
4538  27.252689
4539  27.252811
4540  27.252932
4541  27.253054
4542  27.253175
4543  27.253296
4544  27.253418
4545  27.253539
4546  27.253659
4547  27.253780
4548  27.253900
4549  27.254021
4550  27.254141
4551  27.254260
4552  27.254380
4553  27.254500
4554  27.254619
4555  27.254738
4556  27.254857
4557  27.254976
4558  27.255096
4559  27.255215
4560  27.255334
4561  27.255453
4562  27.255572
4563  27.255691
4564  27.255810
4565  27.255929
4566  27.256048
4567  27.256167
4568  27.256286
4569  27.256405
4570  27.256523
4571  27.256641
4572  27.256759
4573  27.256877
4574  27.256995
4575  27.257112
4576  27.257229
4577  27.257346
4578  27.257463
4579  27.257580
4580  27.257697
4581  27.257814
4582  27.257931
4583  27.258048
4584  27.258166
4585  27.258283
4586  27.258401
4587  27.258518
4588  27.258636
4589  27.258755
4590  27.258873
4591  27.258991
4592  27.259110
4593  27.259228
4594  27.259347
4595  27.259465
4596  27.259583
4597  27.259702
4598  27.259820
4599  27.259937
4600  27.260055
4601  27.260173
4602  27.260290
4603  27.260407
4604  27.260524
4605  27.260641
4606  27.260758
4607  27.260875
4608  27.260991
4609  27.261108
4610  27.261224
4611  27.261341
4612  27.261458
4613  27.261574
4614  27.261691
4615  27.261807
4616  27.261923
4617  27.262040
4618  27.262156
4619  27.262272
4620  27.262388
4621  27.262503
4622  27.262619
4623  27.262734
4624  27.262850
4625  27.262965
4626  27.263080
4627  27.263195
4628  27.263310
4629  27.263425
4630  27.263540
4631  27.263655
4632  27.263770
4633  27.263885
4634  27.264001
4635  27.264117
4636  27.264233
4637  27.264349
4638  27.264465
4639  27.264581
4640  27.264698
4641  27.264814
4642  27.264930
4643  27.265047
4644  27.265163
4645  27.265279
4646  27.265395
4647  27.265511
4648  27.265626
4649  27.265742
4650  27.265857
4651  27.265972
4652  27.266088
4653  27.266203
4654  27.266318
4655  27.266433
4656  27.266548
4657  27.266663
4658  27.266778
4659  27.266893
4660  27.267008
4661  27.267123
4662  27.267238
4663  27.267352
4664  27.267467
4665  27.267582
4666  27.267697
4667  27.267811
4668  27.267926
4669  27.268041
4670  27.268155
4671  27.268270
4672  27.268384
4673  27.268499
4674  27.268613
4675  27.268728
4676  27.268842
4677  27.268957
4678  27.269072
4679  27.269186
4680  27.269301
4681  27.269416
4682  27.269530
4683  27.269645
4684  27.269759
4685  27.269873
4686  27.269988
4687  27.270101
4688  27.270215
4689  27.270328
4690  27.270441
4691  27.270554
4692  27.270667
4693  27.270779
4694  27.270891
4695  27.271004
4696  27.271116
4697  27.271228
4698  27.271339
4699  27.271451
4700  27.271563
4701  27.271675
4702  27.271787
4703  27.271899
4704  27.272011
4705  27.272123
4706  27.272235
4707  27.272347
4708  27.272459
4709  27.272571
4710  27.272683
4711  27.272795
4712  27.272907
4713  27.273019
4714  27.273131
4715  27.273243
4716  27.273355
4717  27.273468
4718  27.273580
4719  27.273692
4720  27.273805
4721  27.273918
4722  27.274030
4723  27.274143
4724  27.274256
4725  27.274369
4726  27.274482
4727  27.274595
4728  27.274708
4729  27.274821
4730  27.274933
4731  27.275046
4732  27.275158
4733  27.275269
4734  27.275380
4735  27.275491
4736  27.275602
4737  27.275712
4738  27.275822
4739  27.275932
4740  27.276041
4741  27.276150
4742  27.276259
4743  27.276368
4744  27.276476
4745  27.276585
4746  27.276694
4747  27.276802
4748  27.276911
4749  27.277019
4750  27.277128
4751  27.277236
4752  27.277345
4753  27.277453
4754  27.277562
4755  27.277670
4756  27.277778
4757  27.277886
4758  27.277995
4759  27.278103
4760  27.278211
4761  27.278319
4762  27.278427
4763  27.278535
4764  27.278643
4765  27.278751
4766  27.278859
4767  27.278967
4768  27.279075
4769  27.279183
4770  27.279292
4771  27.279400
4772  27.279509
4773  27.279617
4774  27.279726
4775  27.279835
4776  27.279943
4777  27.280051
4778  27.280160
4779  27.280268
4780  27.280376
4781  27.280484
4782  27.280592
4783  27.280700
4784  27.280807
4785  27.280915
4786  27.281022
4787  27.281129
4788  27.281237
4789  27.281344
4790  27.281452
4791  27.281559
4792  27.281667
4793  27.281775
4794  27.281883
4795  27.281991
4796  27.282099
4797  27.282207
4798  27.282315
4799  27.282423
4800  27.282531
4801  27.282639
4802  27.282747
4803  27.282855
4804  27.282963
4805  27.283071
4806  27.283178
4807  27.283285
4808  27.283393
4809  27.283500
4810  27.283607
4811  27.283713
4812  27.283820
4813  27.283927
4814  27.284034
4815  27.284141
4816  27.284248
4817  27.284355
4818  27.284462
4819  27.284570
4820  27.284677
4821  27.284785
4822  27.284892
4823  27.285000
4824  27.285107
4825  27.285214
4826  27.285322
4827  27.285429
4828  27.285536
4829  27.285642
4830  27.285749
4831  27.285855
4832  27.285961
4833  27.286067
4834  27.286173
4835  27.286278
4836  27.286384
4837  27.286489
4838  27.286595
4839  27.286700
4840  27.286806
4841  27.286912
4842  27.287017
4843  27.287123
4844  27.287229
4845  27.287335
4846  27.287440
4847  27.287546
4848  27.287652
4849  27.287757
4850  27.287863
4851  27.287968
4852  27.288073
4853  27.288178
4854  27.288283
4855  27.288387
4856  27.288492
4857  27.288596
4858  27.288700
4859  27.288805
4860  27.288909
4861  27.289013
4862  27.289117
4863  27.289222
4864  27.289326
4865  27.289431
4866  27.289535
4867  27.289640
4868  27.289745
4869  27.289850
4870  27.289954
4871  27.290059
4872  27.290163
4873  27.290268
4874  27.290372
4875  27.290477
4876  27.290581
4877  27.290684
4878  27.290788
4879  27.290892
4880  27.290995
4881  27.291099
4882  27.291202
4883  27.291305
4884  27.291408
4885  27.291511
4886  27.291614
4887  27.291717
4888  27.291820
4889  27.291923
4890  27.292026
4891  27.292129
4892  27.292232
4893  27.292335
4894  27.292439
4895  27.292542
4896  27.292645
4897  27.292748
4898  27.292851
4899  27.292954
4900  27.293057
4901  27.293161
4902  27.293264
4903  27.293367
4904  27.293471
4905  27.293574
4906  27.293678
4907  27.293781
4908  27.293885
4909  27.293989
4910  27.294093
4911  27.294197
4912  27.294301
4913  27.294406
4914  27.294510
4915  27.294614
4916  27.294719
4917  27.294823
4918  27.294927
4919  27.295031
4920  27.295135
4921  27.295239
4922  27.295342
4923  27.295446
4924  27.295549
4925  27.295652
4926  27.295755
4927  27.295857
4928  27.295960
4929  27.296062
4930  27.296164
4931  27.296266
4932  27.296368
4933  27.296470
4934  27.296572
4935  27.296674
4936  27.296776
4937  27.296878
4938  27.296980
4939  27.297082
4940  27.297184
4941  27.297286
4942  27.297388
4943  27.297490
4944  27.297592
4945  27.297694
4946  27.297796
4947  27.297898
4948  27.298001
4949  27.298103
4950  27.298205
4951  27.298307
4952  27.298409
4953  27.298511
4954  27.298613
4955  27.298714
4956  27.298816
4957  27.298918
4958  27.299019
4959  27.299121
4960  27.299222
4961  27.299323
4962  27.299424
4963  27.299525
4964  27.299625
4965  27.299726
4966  27.299826
4967  27.299926
4968  27.300026
4969  27.300126
4970  27.300226
4971  27.300326
4972  27.300426
4973  27.300526
4974  27.300625
4975  27.300725
4976  27.300824
4977  27.300924
4978  27.301024
4979  27.301123
4980  27.301223
4981  27.301323
4982  27.301423
4983  27.301523
4984  27.301623
4985  27.301723
4986  27.301823
4987  27.301923
4988  27.302024
4989  27.302124
4990  27.302225
4991  27.302325
4992  27.302426
4993  27.302526
4994  27.302627
4995  27.302727
4996  27.302827
4997  27.302928
4998  27.303027
4999  27.303127
