#n  real_time  lyapunov_exponential
0  0.000000 -inf
1  0.002500 -0.004689989449
2  0.005000 -0.006569670208
3  0.007500 -0.009392252579
4  0.010000 -0.012926373749
5  0.012500 -0.017128873110
6  0.015000 -0.021988503770
7  0.017500 -0.027503580216
8  0.020000 -0.033676361975
9  0.022500 -0.040511144267
10  0.025000 -0.048013443700
11  0.027500 -0.056189566963
12  0.030000 -0.065046313208
13  0.032500 -0.074590710421
14  0.035000 -0.084829731197
15  0.037500 -0.095769950947
16  0.040000 -0.107417114828
17  0.042500 -0.119775576412
18  0.045000 -0.132847565338
19  0.047500 -0.146632230513
20  0.050000 -0.161124396031
21  0.052500 -0.176312954989
22  0.055000 -0.192178821978
23  0.057500 -0.208692366831
24  0.060000 -0.225810280705
25  0.062500 -0.243471891013
26  0.065000 -0.261595075314
27  0.067500 -0.280072144874
28  0.070000 -0.298766390892
29  0.072500 -0.317510357750
30  0.075000 -0.336107203281
31  0.077500 -0.354336449676
32  0.080000 -0.371964769576
33  0.082500 -0.388761096812
34  0.085000 -0.404513721427
35  0.087500 -0.419045943938
36  0.090000 -0.432227060395
37  0.092500 -0.443976922980
38  0.095000 -0.454264267166
39  0.097500 -0.463100464485
40  0.100000 -0.470530881618
41  0.102500 -0.476625756332
42  0.105000 -0.481471860061
43  0.107500 -0.485165571824
44  0.110000 -0.487807517575
45  0.112500 -0.489498654761
46  0.115000 -0.490337565080
47  0.117500 -0.490418690947
48  0.120000 -0.489831276885
49  0.122500 -0.488658816181
50  0.125000 -0.486978849821
51  0.127500 -0.484863001030
52  0.130000 -0.482377160990
53  0.132500 -0.479581766477
54  0.135000 -0.476532127342
55  0.137500 -0.473278775279
56  0.140000 -0.469867814746
57  0.142500 -0.466341264210
58  0.145000 -0.462737379185
59  0.147500 -0.459090953003
60  0.150000 -0.455433593063
61  0.152500 -0.451793970796
62  0.155000 -0.448198046785
63  0.157500 -0.444669269934
64  0.160000 -0.441228752593
65  0.162500 -0.437895422443
66  0.165000 -0.434686152233
67  0.167500 -0.431615868296
68  0.170000 -0.428697639461
69  0.172500 -0.425942747471
70  0.175000 -0.423360739709
71  0.177500 -0.420959466273
72  0.180000 -0.418745102398
73  0.182500 -0.416722158403
74  0.185000 -0.414893478920
75  0.187500 -0.413260234102
76  0.190000 -0.411821906781
77  0.192500 -0.410576277441
78  0.195000 -0.409519413929
79  0.197500 -0.408645668647
80  0.200000 -0.407947691213
81  0.202500 -0.407416460497
82  0.205000 -0.407041344628
83  0.207500 -0.406810192537
84  0.210000 -0.406709463886
85  0.212500 -0.406724399456
86  0.215000 -0.406839233145
87  0.217500 -0.407037443696
88  0.220000 -0.407302041159
89  0.222500 -0.407615878879
90  0.225000 -0.407961980113
91  0.227500 -0.408323865815
92  0.230000 -0.408685868965
93  0.232500 -0.409033421425
94  0.235000 -0.409353301420
95  0.237500 -0.409633832736
96  0.240000 -0.409865029056
97  0.242500 -0.410038682498
98  0.245000 -0.410148397301
99  0.247500 -0.410189573769
100  0.250000 -0.410159349203
101  0.252500 -0.410056503669
102  0.255000 -0.409881339468
103  0.257500 -0.409635542316
104  0.260000 -0.409322031524
105  0.262500 -0.408944805934
106  0.265000 -0.408508790390
107  0.267500 -0.408019687074
108  0.270000 -0.407483833831
109  0.272500 -0.406908072082
110  0.275000 -0.406299624569
111  0.277500 -0.405665983486
112  0.280000 -0.405014808962
113  0.282500 -0.404353836612
114  0.285000 -0.403690794133
115  0.287500 -0.403033325244
116  0.290000 -0.402388920617
117  0.292500 -0.401764853449
118  0.295000 -0.401168120219
119  0.297500 -0.400605383885
120  0.300000 -0.400082919813
121  0.302500 -0.399606562817
122  0.305000 -0.399181654923
123  0.307500 -0.398812993103
124  0.310000 -0.398504776321
125  0.312500 -0.398260552499
126  0.315000 -0.398083164514
127  0.317500 -0.397974696096
128  0.320000 -0.397936418719
129  0.322500 -0.397968739893
130  0.325000 -0.398071155151
131  0.327500 -0.398242205875
132  0.330000 -0.398479445200
133  0.332500 -0.398779415197
134  0.335000 -0.399137639034
135  0.337500 -0.399548631331
136  0.340000 -0.400005929801
137  0.342500 -0.400502151606
138  0.345000 -0.401029076281
139  0.347500 -0.401577755543
140  0.350000 -0.402138649300
141  0.352500 -0.402701785620
142  0.355000 -0.403256939058
143  0.357500 -0.403793821896
144  0.360000 -0.404302280131
145  0.362500 -0.404772486024
146  0.365000 -0.405195119152
147  0.367500 -0.405561528002
148  0.370000 -0.405863866740
149  0.372500 -0.406095202224
150  0.375000 -0.406249590071
151  0.377500 -0.406322119067
152  0.380000 -0.406308926058
153  0.382500 -0.406207184220
154  0.385000 -0.406015069043
155  0.387500 -0.405731706341
156  0.390000 -0.405357107184
157  0.392500 -0.404892093794
158  0.395000 -0.404338220293
159  0.397500 -0.403697691867
160  0.400000 -0.402973284712
161  0.402500 -0.402168268764
162  0.405000 -0.401286334968
163  0.407500 -0.400331527852
164  0.410000 -0.399308183881
165  0.412500 -0.398220876008
166  0.415000 -0.397074364484
167  0.417500 -0.395873553389
168  0.420000 -0.394623453124
169  0.422500 -0.393329148028
170  0.425000 -0.391995768943
171  0.427500 -0.390628470007
172  0.430000 -0.389232409861
173  0.432500 -0.387812736210
174  0.435000 -0.386374573538
175  0.437500 -0.384923013758
176  0.440000 -0.383463109465
177  0.442500 -0.381999869170
178  0.445000 -0.380538254584
179  0.447500 -0.379083179564
180  0.450000 -0.377639510641
181  0.452500 -0.376212068553
182  0.455000 -0.374805631040
183  0.457500 -0.373424936559
184  0.460000 -0.372074688644
185  0.462500 -0.370759561160
186  0.465000 -0.369484203887
187  0.467500 -0.368253248530
188  0.470000 -0.367071315182
189  0.472500 -0.365943018763
190  0.475000 -0.364872975690
191  0.477500 -0.363865810381
192  0.480000 -0.362926161500
193  0.482500 -0.362058687968
194  0.485000 -0.361268074134
195  0.487500 -0.360559034211
196  0.490000 -0.359936315473
197  0.492500 -0.359404699925
198  0.495000 -0.358969003811
199  0.497500 -0.358634074361
200  0.500000 -0.358404783260
201  0.502500 -0.358286015256
202  0.505000 -0.358282651272
203  0.507500 -0.358399543843
204  0.510000 -0.358641483185
205  0.512500 -0.359013151012
206  0.515000 -0.359519059416
207  0.517500 -0.360163470265
208  0.520000 -0.360950290829
209  0.522500 -0.361882939989
210  0.525000 -0.362964178846
211  0.527500 -0.364195898623
212  0.530000 -0.365578860537
213  0.532500 -0.367112381990
214  0.535000 -0.368793969597
215  0.537500 -0.370618904600
216  0.540000 -0.372579799641
217  0.542500 -0.374666161206
218  0.545000 -0.376864013075
219  0.547500 -0.379155656743
220  0.550000 -0.381519658350
221  0.552500 -0.383931147415
222  0.555000 -0.386362480664
223  0.557500 -0.388784261885
224  0.560000 -0.391166629092
225  0.562500 -0.393480648531
226  0.565000 -0.395699621949
227  0.567500 -0.397800134308
228  0.570000 -0.399762734965
229  0.572500 -0.401572229383
230  0.575000 -0.403217628848
231  0.577500 -0.404691847092
232  0.580000 -0.405991243327
233  0.582500 -0.407115098068
234  0.585000 -0.408065085989
235  0.587500 -0.408844786633
236  0.590000 -0.409459254014
237  0.592500 -0.409914652512
238  0.595000 -0.410217957666
239  0.597500 -0.410376715917
240  0.600000 -0.410398855101
241  0.602500 -0.410292537450
242  0.605000 -0.410066047326
243  0.607500 -0.409727706709
244  0.610000 -0.409285812741
245  0.612500 -0.408748592470
246  0.615000 -0.408124171193
247  0.617500 -0.407420551139
248  0.620000 -0.406645598033
249  0.622500 -0.405807033991
250  0.625000 -0.404912434786
251  0.627500 -0.403969230874
252  0.630000 -0.402984710727
253  0.632500 -0.401966026349
254  0.635000 -0.400920200148
255  0.637500 -0.399854132577
256  0.640000 -0.398774610740
257  0.642500 -0.397688317116
258  0.645000 -0.396601838588
259  0.647500 -0.395521675535
260  0.650000 -0.394454250596
261  0.652500 -0.393405917218
262  0.655000 -0.392382967689
263  0.657500 -0.391391640422
264  0.660000 -0.390438126373
265  0.662500 -0.389528574208
266  0.665000 -0.388669094002
267  0.667500 -0.387865758762
268  0.670000 -0.387124603658
269  0.672500 -0.386451621667
270  0.675000 -0.385852755103
271  0.677500 -0.385333881699
272  0.680000 -0.384900793737
273  0.682500 -0.384559168085
274  0.685000 -0.384314525031
275  0.687500 -0.384172172495
276  0.690000 -0.384137132021
277  0.692500 -0.384214042075
278  0.695000 -0.384407033290
279  0.697500 -0.384719569680
280  0.700000 -0.385154250338
281  0.702500 -0.385712565970
282  0.705000 -0.386394608064
283  0.707500 -0.387198732693
284  0.710000 -0.388121190317
285  0.712500 -0.389155745345
286  0.715000 -0.390293327429
287  0.717500 -0.391521774937
288  0.720000 -0.392825747620
289  0.722500 -0.394186886807
290  0.725000 -0.395584282086
291  0.727500 -0.396995253544
292  0.730000 -0.398396389703
293  0.732500 -0.399764712543
294  0.735000 -0.401078802701
295  0.737500 -0.402319726759
296  0.740000 -0.403471662163
297  0.742500 -0.404522189018
298  0.745000 -0.405462283984
299  0.747500 -0.406286090986
300  0.750000 -0.406990554534
301  0.752500 -0.407574991783
302  0.755000 -0.408040659559
303  0.757500 -0.408390351942
304  0.760000 -0.408628046787
305  0.762500 -0.408758607484
306  0.765000 -0.408787538488
307  0.767500 -0.408720789565
308  0.770000 -0.408564601712
309  0.772500 -0.408325387659
310  0.775000 -0.408009640361
311  0.777500 -0.407623863729
312  0.780000 -0.407174520787
313  0.782500 -0.406667995286
314  0.785000 -0.406110563604
315  0.787500 -0.405508374380
316  0.790000 -0.404867433905
317  0.792500 -0.404193595603
318  0.795000 -0.403492552353
319  0.797500 -0.402769830803
320  0.800000 -0.402030786533
321  0.802500 -0.401280599798
322  0.805000 -0.400524270940
323  0.807500 -0.399766615251
324  0.810000 -0.399012256698
325  0.812500 -0.398265620328
326  0.815000 -0.397530922746
327  0.817500 -0.396812160598
328  0.820000 -0.396113096694
329  0.822500 -0.395437243476
330  0.825000 -0.394787843684
331  0.827500 -0.394167848138
332  0.830000 -0.393579890468
333  0.832500 -0.393026259054
334  0.835000 -0.392508866186
335  0.837500 -0.392029215308
336  0.840000 -0.391588366874
337  0.842500 -0.391186903972
338  0.845000 -0.390824899342
339  0.847500 -0.390501885729
340  0.850000 -0.390216831908
341  0.852500 -0.389968127197
342  0.855000 -0.389753577236
343  0.857500 -0.389570414134
344  0.860000 -0.389415323457
345  0.862500 -0.389284490077
346  0.865000 -0.389173663653
347  0.867500 -0.389078243185
348  0.870000 -0.388993378444
349  0.872500 -0.388914084526
350  0.875000 -0.388835364218
351  0.877500 -0.388752332149
352  0.880000 -0.388660334361
353  0.882500 -0.388555057255
354  0.885000 -0.388432621069
355  0.887500 -0.388289654378
356  0.890000 -0.388123348011
357  0.892500 -0.387931488179
358  0.895000 -0.387712470232
359  0.897500 -0.387465295448
360  0.900000 -0.387189553771
361  0.902500 -0.386885395834
362  0.905000 -0.386553497500
363  0.907500 -0.386195019640
364  0.910000 -0.385811565837
365  0.912500 -0.385405139830
366  0.915000 -0.384978104352
367  0.917500 -0.384533142349
368  0.920000 -0.384073221398
369  0.922500 -0.383601561676
370  0.925000 -0.383121607678
371  0.927500 -0.382637003742
372  0.930000 -0.382151573257
373  0.932500 -0.381669301417
374  0.935000 -0.381194321204
375  0.937500 -0.380730902439
376  0.940000 -0.380283443500
377  0.942500 -0.379856465637
378  0.945000 -0.379454609337
379  0.947500 -0.379082632674
380  0.950000 -0.378745411165
381  0.952500 -0.378447938819
382  0.955000 -0.378195330010
383  0.957500 -0.377992821604
384  0.960000 -0.377845774650
385  0.962500 -0.377759674815
386  0.965000 -0.377740130260
387  0.967500 -0.377792865359
388  0.970000 -0.377923707881
389  0.972500 -0.378138566465
390  0.975000 -0.378443393865
391  0.977500 -0.378844129499
392  0.980000 -0.379346612831
393  0.982500 -0.379956455554
394  0.985000 -0.380678856808
395  0.987500 -0.381518340899
396  0.990000 -0.382478392732
397  0.992500 -0.383560963922
398  0.995000 -0.384765826828
399  0.997500 -0.386089772181
400  1.000000 -0.387525687557
401  1.002500 -0.389061631265
402  1.005000 -0.390680122416
403  1.007500 -0.392357967594
404  1.010000 -0.394066955061
405  1.012500 -0.395775572058
406  1.015000 -0.397451538740
407  1.017500 -0.399064579547
408  1.020000 -0.400588727206
409  1.022500 -0.402003677768
410  1.025000 -0.403295117788
411  1.027500 -0.404454265980
412  1.030000 -0.405476985037
413  1.032500 -0.406362768723
414  1.035000 -0.407113794781
415  1.037500 -0.407734130699
416  1.040000 -0.408229111514
417  1.042500 -0.408604874330
418  1.045000 -0.408868021465
419  1.047500 -0.409025383018
420  1.050000 -0.409083853434
421  1.052500 -0.409050281912
422  1.055000 -0.408931401193
423  1.057500 -0.408733783237
424  1.060000 -0.408463813996
425  1.062500 -0.408127680919
426  1.065000 -0.407731369394
427  1.067500 -0.407280665104
428  1.070000 -0.406781160256
429  1.072500 -0.406238262151
430  1.075000 -0.405657203264
431  1.077500 -0.405043052087
432  1.080000 -0.404400724232
433  1.082500 -0.403734993506
434  1.085000 -0.403050502794
435  1.087500 -0.402351774448
436  1.090000 -0.401643220343
437  1.092500 -0.400929151262
438  1.095000 -0.400213785763
439  1.097500 -0.399501258424
440  1.100000 -0.398795627397
441  1.102500 -0.398100881240
442  1.105000 -0.397420945030
443  1.107500 -0.396759685571
444  1.110000 -0.396120915693
445  1.112500 -0.395508397413
446  1.115000 -0.394925843850
447  1.117500 -0.394376919642
448  1.120000 -0.393865239432
449  1.122500 -0.393394364296
450  1.125000 -0.392967795368
451  1.127500 -0.392588964173
452  1.130000 -0.392261218893
453  1.132500 -0.391987805596
454  1.135000 -0.391771843295
455  1.137500 -0.391616291521
456  1.140000 -0.391523908707
457  1.142500 -0.391497199753
458  1.145000 -0.391538350565
459  1.147500 -0.391649147835
460  1.150000 -0.391830882234
461  1.152500 -0.392084233946
462  1.155000 -0.392409140924
463  1.157500 -0.392804652403
464  1.160000 -0.393268773469
465  1.162500 -0.393798311467
466  1.165000 -0.394388740234
467  1.167500 -0.395034104066
468  1.170000 -0.395726987229
469  1.172500 -0.396458574902
470  1.175000 -0.397218825148
471  1.177500 -0.397996757299
472  1.180000 -0.398780842291
473  1.182500 -0.399559459011
474  1.185000 -0.400321365402
475  1.187500 -0.401056128684
476  1.190000 -0.401754468632
477  1.192500 -0.402408486555
478  1.195000 -0.403011774370
479  1.197500 -0.403559417250
480  1.200000 -0.404047913646
481  1.202500 -0.404475040776
482  1.205000 -0.404839691093
483  1.207500 -0.405141700087
484  1.210000 -0.405381679559
485  1.212500 -0.405560864900
486  1.215000 -0.405680980815
487  1.217500 -0.405744126525
488  1.220000 -0.405752679948
489  1.222500 -0.405709219005
490  1.225000 -0.405616458038
491  1.227500 -0.405477197019
492  1.230000 -0.405294281358
493  1.232500 -0.405070570561
494  1.235000 -0.404808913881
495  1.237500 -0.404512131814
496  1.240000 -0.404183002050
497  1.242500 -0.403824249126
498  1.245000 -0.403438536940
499  1.247500 -0.403028463469
500  1.250000 -0.402596557347
501  1.252500 -0.402145275729
502  1.255000 -0.401677003275
503  1.257500 -0.401194051920
504  1.260000 -0.400698661345
505  1.262500 -0.400192999809
506  1.265000 -0.399679165422
507  1.267500 -0.399159187616
508  1.270000 -0.398635028816
509  1.272500 -0.398108586192
510  1.275000 -0.397581693492
511  1.277500 -0.397056122883
512  1.280000 -0.396533586768
513  1.282500 -0.396015739529
514  1.285000 -0.395504179202
515  1.287500 -0.395000449038
516  1.290000 -0.394506038923
517  1.292500 -0.394022386612
518  1.295000 -0.393550878779
519  1.297500 -0.393092851855
520  1.300000 -0.392649592567
521  1.302500 -0.392222338218
522  1.305000 -0.391812276623
523  1.307500 -0.391420545667
524  1.310000 -0.391048232478
525  1.312500 -0.390696372118
526  1.315000 -0.390365945797
527  1.317500 -0.390057878535
528  1.320000 -0.389773036226
529  1.322500 -0.389512222095
530  1.325000 -0.389276172451
531  1.327500 -0.389065551750
532  1.330000 -0.388880946930
533  1.332500 -0.388722861017
534  1.335000 -0.388591705968
535  1.337500 -0.388487794868
536  1.340000 -0.388411333466
537  1.342500 -0.388362411190
538  1.345000 -0.388340991783
539  1.347500 -0.388346903796
540  1.350000 -0.388379831111
541  1.352500 -0.388439303904
542  1.355000 -0.388524690450
543  1.357500 -0.388635190098
544  1.360000 -0.388769828090
545  1.362500 -0.388927452637
546  1.365000 -0.389106734862
547  1.367500 -0.389306172155
548  1.370000 -0.389524095287
549  1.372500 -0.389758679812
550  1.375000 -0.390007961824
551  1.377500 -0.390269857985
552  1.380000 -0.390542189783
553  1.382500 -0.390822711344
554  1.385000 -0.391109140046
555  1.387500 -0.391399189128
556  1.390000 -0.391690601023
557  1.392500 -0.391981180410
558  1.395000 -0.392268825633
559  1.397500 -0.392551557615
560  1.400000 -0.392827545157
561  1.402500 -0.393095126133
562  1.405000 -0.393352824039
563  1.407500 -0.393599359745
564  1.410000 -0.393833658443
565  1.412500 -0.394054852263
566  1.415000 -0.394262278632
567  1.417500 -0.394455475178
568  1.420000 -0.394634171649
569  1.422500 -0.394798279363
570  1.425000 -0.394947878744
571  1.427500 -0.395083205687
572  1.430000 -0.395204636758
573  1.432500 -0.395312674010
574  1.435000 -0.395407929508
575  1.437500 -0.395491109761
576  1.440000 -0.395563000428
577  1.442500 -0.395624451178
578  1.445000 -0.395676360886
579  1.447500 -0.395719663223
580  1.450000 -0.395755312525
581  1.452500 -0.395784270071
582  1.455000 -0.395807490647
583  1.457500 -0.395825909372
584  1.460000 -0.395840428829
585  1.462500 -0.395851906420
586  1.465000 -0.395861142016
587  1.467500 -0.395868865890
588  1.470000 -0.395875727011
589  1.472500 -0.395882281788
590  1.475000 -0.395888983467
591  1.477500 -0.395896172256
592  1.480000 -0.395904066493
593  1.482500 -0.395912755142
594  1.485000 -0.395922191773
595  1.487500 -0.395932190527
596  1.490000 -0.395942424322
597  1.492500 -0.395952425617
598  1.495000 -0.395961589998
599  1.497500 -0.395969182931
600  1.500000 -0.395974349670
601  1.502500 -0.395976128428
602  1.505000 -0.395973466694
603  1.507500 -0.395965240362
604  1.510000 -0.395950275273
605  1.512500 -0.395927370636
606  1.515000 -0.395895323617
607  1.517500 -0.395852954334
608  1.520000 -0.395799130528
609  1.522500 -0.395732791062
610  1.525000 -0.395652967702
611  1.527500 -0.395558804439
612  1.530000 -0.395449574061
613  1.532500 -0.395324691635
614  1.535000 -0.395183724733
615  1.537500 -0.395026400594
616  1.540000 -0.394852610185
617  1.542500 -0.394662409581
618  1.545000 -0.394456018866
619  1.547500 -0.394233819038
620  1.550000 -0.393996347240
621  1.552500 -0.393744290719
622  1.555000 -0.393478479869
623  1.557500 -0.393199880659
624  1.560000 -0.392909586770
625  1.562500 -0.392608811634
626  1.565000 -0.392298880621
627  1.567500 -0.391981223431
628  1.570000 -0.391657366925
629  1.572500 -0.391328928331
630  1.575000 -0.390997608987
631  1.577500 -0.390665188540
632  1.580000 -0.390333519677
633  1.582500 -0.390004523251
634  1.585000 -0.389680183829
635  1.587500 -0.389362545579
636  1.590000 -0.389053708342
637  1.592500 -0.388755823837
638  1.595000 -0.388471091785
639  1.597500 -0.388201755830
640  1.600000 -0.387950098946
641  1.602500 -0.387718438147
642  1.605000 -0.387509118033
643  1.607500 -0.387324502852
644  1.610000 -0.387166966447
645  1.612500 -0.387038879422
646  1.615000 -0.386942592733
647  1.617500 -0.386880416586
648  1.620000 -0.386854593429
649  1.622500 -0.386867263488
650  1.625000 -0.386920421032
651  1.627500 -0.387015859376
652  1.630000 -0.387155102424
653  1.632500 -0.387339320672
654  1.635000 -0.387569230021
655  1.637500 -0.387844972894
656  1.640000 -0.388165983257
657  1.642500 -0.388530840434
658  1.645000 -0.388937121574
659  1.647500 -0.389381268880
660  1.650000 -0.389858494067
661  1.652500 -0.390362747622
662  1.655000 -0.390886780359
663  1.657500 -0.391422317083
664  1.660000 -0.391960345476
665  1.662500 -0.392491499433
666  1.665000 -0.393006493531
667  1.667500 -0.393496550858
668  1.670000 -0.393953768425
669  1.672500 -0.394371379967
670  1.675000 -0.394743900351
671  1.677500 -0.395067158680
672  1.680000 -0.395338242830
673  1.682500 -0.395555384332
674  1.685000 -0.395717811261
675  1.687500 -0.395825591152
676  1.690000 -0.395879479048
677  1.692500 -0.395880779631
678  1.695000 -0.395831227609
679  1.697500 -0.395732887246
680  1.700000 -0.395588070066
681  1.702500 -0.395399268738
682  1.705000 -0.395169104943
683  1.707500 -0.394900288759
684  1.710000 -0.394595587572
685  1.712500 -0.394257802643
686  1.715000 -0.393889751811
687  1.717500 -0.393494257011
688  1.720000 -0.393074135671
689  1.722500 -0.392632195123
690  1.725000 -0.392171229379
691  1.727500 -0.391694017815
692  1.730000 -0.391203325353
693  1.732500 -0.390701903797
694  1.735000 -0.390192494206
695  1.737500 -0.389677830001
696  1.740000 -0.389160640793
697  1.742500 -0.388643656782
698  1.745000 -0.388129613706
699  1.747500 -0.387621258257
700  1.750000 -0.387121354020
701  1.752500 -0.386632687908
702  1.755000 -0.386158077071
703  1.757500 -0.385700376380
704  1.760000 -0.385262486505
705  1.762500 -0.384847362626
706  1.765000 -0.384458023808
707  1.767500 -0.384097563186
708  1.770000 -0.383769158895
709  1.772500 -0.383476085921
710  1.775000 -0.383221728809
711  1.777500 -0.383009595185
712  1.780000 -0.382843330101
713  1.782500 -0.382726730828
714  1.785000 -0.382663761801
715  1.787500 -0.382658568813
716  1.790000 -0.382715491234
717  1.792500 -0.382839069992
718  1.795000 -0.383034047836
719  1.797500 -0.383305356038
720  1.800000 -0.383658078483
721  1.802500 -0.384097378512
722  1.805000 -0.384628365650
723  1.807500 -0.385255867132
724  1.810000 -0.385984052409
725  1.812500 -0.386815838795
726  1.815000 -0.387751992793
727  1.817500 -0.388789859105
728  1.820000 -0.389921752233
729  1.822500 -0.391133307378
730  1.825000 -0.392402509864
731  1.827500 -0.393700432312
732  1.830000 -0.394994307591
733  1.832500 -0.396252223423
734  1.835000 -0.397447484400
735  1.837500 -0.398560945928
736  1.840000 -0.399581077211
737  1.842500 -0.400502624495
738  1.845000 -0.401324868613
739  1.847500 -0.402050066725
740  1.850000 -0.402682275135
741  1.852500 -0.403226540204
742  1.855000 -0.403688374144
743  1.857500 -0.404073429988
744  1.860000 -0.404387307933
745  1.862500 -0.404635445538
746  1.865000 -0.404823060278
747  1.867500 -0.404955124001
748  1.870000 -0.405036356587
749  1.872500 -0.405071230637
750  1.875000 -0.405063982189
751  1.877500 -0.405018624421
752  1.880000 -0.404938962466
753  1.882500 -0.404828608188
754  1.885000 -0.404690994224
755  1.887500 -0.404529387010
756  1.890000 -0.404346898504
757  1.892500 -0.404146496573
758  1.895000 -0.403931013992
759  1.897500 -0.403703156064
760  1.900000 -0.403465506848
761  1.902500 -0.403220534012
762  1.905000 -0.402970592383
763  1.907500 -0.402717926085
764  1.910000 -0.402464669390
765  1.912500 -0.402212846165
766  1.915000 -0.401964367957
767  1.917500 -0.401721030664
768  1.920000 -0.401484509810
769  1.922500 -0.401256354401
770  1.925000 -0.401037979380
771  1.927500 -0.400830656747
772  1.930000 -0.400635505416
773  1.932500 -0.400453480000
774  1.935000 -0.400285358790
775  1.937500 -0.400131731234
776  1.940000 -0.399992985421
777  1.942500 -0.399869296184
778  1.945000 -0.399760614590
779  1.947500 -0.399666659642
780  1.950000 -0.399586913282
781  1.952500 -0.399520619612
782  1.955000 -0.399466789452
783  1.957500 -0.399424211006
784  1.960000 -0.399391467335
785  1.962500 -0.399366960828
786  1.965000 -0.399348944520
787  1.967500 -0.399335559388
788  1.970000 -0.399324876450
789  1.972500 -0.399314941838
790  1.975000 -0.399303822859
791  1.977500 -0.399289652824
792  1.980000 -0.399270672629
793  1.982500 -0.399245267298
794  1.985000 -0.399211996190
795  1.987500 -0.399169616083
796  1.990000 -0.399117096925
797  1.992500 -0.399053630472
798  1.995000 -0.398978632499
799  1.997500 -0.398891739426
800  2.000000 -0.398792800432
801  2.002500 -0.398681866124
802  2.005000 -0.398559174749
803  2.007500 -0.398425136872
804  2.010000 -0.398280319287
805  2.012500 -0.398125428731
806  2.015000 -0.397961295888
807  2.017500 -0.397788860005
808  2.020000 -0.397609154328
809  2.022500 -0.397423292445
810  2.025000 -0.397232455596
811  2.027500 -0.397037880935
812  2.030000 -0.396840850646
813  2.032500 -0.396642681832
814  2.035000 -0.396444717046
815  2.037500 -0.396248315325
816  2.040000 -0.396054843586
817  2.042500 -0.395865668203
818  2.045000 -0.395682146631
819  2.047500 -0.395505618856
820  2.050000 -0.395337398544
821  2.052500 -0.395178763700
822  2.055000 -0.395030946627
823  2.057500 -0.394895123059
824  2.060000 -0.394772400272
825  2.062500 -0.394663804042
826  2.065000 -0.394570264321
827  2.067500 -0.394492599575
828  2.070000 -0.394431499750
829  2.072500 -0.394387507983
830  2.075000 -0.394361001239
831  2.077500 -0.394352170278
832  2.080000 -0.394360999442
833  2.082500 -0.394387247152
834  2.085000 -0.394430428063
835  2.087500 -0.394489798184
836  2.090000 -0.394564344472
837  2.092500 -0.394652780448
838  2.095000 -0.394753549470
839  2.097500 -0.394864837020
840  2.100000 -0.394984593000
841  2.102500 -0.395110564306
842  2.105000 -0.395240337246
843  2.107500 -0.395371388222
844  2.110000 -0.395501140534
845  2.112500 -0.395627024144
846  2.115000 -0.395746535113
847  2.117500 -0.395857291360
848  2.120000 -0.395957081720
849  2.122500 -0.396043906217
850  2.125000 -0.396116006158
851  2.127500 -0.396171883693
852  2.130000 -0.396210311316
853  2.132500 -0.396230332407
854  2.135000 -0.396231254244
855  2.137500 -0.396212635249
856  2.140000 -0.396174268051
857  2.142500 -0.396116159953
858  2.145000 -0.396038511998
859  2.147500 -0.395941697811
860  2.150000 -0.395826242884
861  2.152500 -0.395692804927
862  2.155000 -0.395542155616
863  2.157500 -0.395375163981
864  2.160000 -0.395192781459
865  2.162500 -0.394996028656
866  2.165000 -0.394785983741
867  2.167500 -0.394563772385
868  2.170000 -0.394330559088
869  2.172500 -0.394087539816
870  2.175000 -0.393835935764
871  2.177500 -0.393576988154
872  2.180000 -0.393311953949
873  2.182500 -0.393042102331
874  2.185000 -0.392768711893
875  2.187500 -0.392493068439
876  2.190000 -0.392216463309
877  2.192500 -0.391940192149
878  2.195000 -0.391665554096
879  2.197500 -0.391393851289
880  2.200000 -0.391126388687
881  2.202500 -0.390864474132
882  2.205000 -0.390609418625
883  2.207500 -0.390362536779
884  2.210000 -0.390125147395
885  2.212500 -0.389898574171
886  2.215000 -0.389684146437
887  2.217500 -0.389483199968
888  2.220000 -0.389297077698
889  2.222500 -0.389127130418
890  2.225000 -0.388974717290
891  2.227500 -0.388841206150
892  2.230000 -0.388727973464
893  2.232500 -0.388636403824
894  2.235000 -0.388567888832
895  2.237500 -0.388523825142
896  2.240000 -0.388505611444
897  2.242500 -0.388514643996
898  2.245000 -0.388552310363
899  2.247500 -0.388619980848
900  2.250000 -0.388718996931
901  2.252500 -0.388850655923
902  2.255000 -0.389016190976
903  2.257500 -0.389216745184
904  2.260000 -0.389453338565
905  2.262500 -0.389726826399
906  2.265000 -0.390037847462
907  2.267500 -0.390386760769
908  2.270000 -0.390773569958
909  2.272500 -0.391197835516
910  2.275000 -0.391658576671
911  2.277500 -0.392154167634
912  2.280000 -0.392682236640
913  2.282500 -0.393239580570
914  2.285000 -0.393822112153
915  2.287500 -0.394424859369
916  2.290000 -0.395042034873
917  2.292500 -0.395667185498
918  2.295000 -0.396293418832
919  2.297500 -0.396913687028
920  2.300000 -0.397521093639
921  2.302500 -0.398109183325
922  2.305000 -0.398672178168
923  2.307500 -0.399205138046
924  2.310000 -0.399704039181
925  2.312500 -0.400165779153
926  2.315000 -0.400588126082
927  2.317500 -0.400969631644
928  2.320000 -0.401309526214
929  2.322500 -0.401607609882
930  2.325000 -0.401864148771
931  2.327500 -0.402079781747
932  2.330000 -0.402255439908
933  2.332500 -0.402392279113
934  2.335000 -0.402491624659
935  2.337500 -0.402554926825
936  2.340000 -0.402583725562
937  2.342500 -0.402579622900
938  2.345000 -0.402544261548
939  2.347500 -0.402479308576
940  2.350000 -0.402386443076
941  2.352500 -0.402267347016
942  2.355000 -0.402123698568
943  2.357500 -0.401957167395
944  2.360000 -0.401769411428
945  2.362500 -0.401562074825
946  2.365000 -0.401336786831
947  2.367500 -0.401095161296
948  2.370000 -0.400838796733
949  2.372500 -0.400569276765
950  2.375000 -0.400288170834
951  2.377500 -0.399997035109
952  2.380000 -0.399697413560
953  2.382500 -0.399390839051
954  2.385000 -0.399078834517
955  2.387500 -0.398762914115
956  2.390000 -0.398444584335
957  2.392500 -0.398125345017
958  2.395000 -0.397806690282
959  2.397500 -0.397490109291
960  2.400000 -0.397177086824
961  2.402500 -0.396869103622
962  2.405000 -0.396567636411
963  2.407500 -0.396274157569
964  2.410000 -0.395990134372
965  2.412500 -0.395717027631
966  2.415000 -0.395456289724
967  2.417500 -0.395209361751
968  2.420000 -0.394977669738
969  2.422500 -0.394762619595
970  2.425000 -0.394565590639
971  2.427500 -0.394387927309
972  2.430000 -0.394230928784
973  2.432500 -0.394095836061
974  2.435000 -0.393983816041
975  2.437500 -0.393895942155
976  2.440000 -0.393833171009
977  2.442500 -0.393796314594
978  2.445000 -0.393786007701
979  2.447500 -0.393802670372
980  2.450000 -0.393846465702
981  2.452500 -0.393917253665
982  2.455000 -0.394014542694
983  2.457500 -0.394137441608
984  2.460000 -0.394284615816
985  2.462500 -0.394454253008
986  2.465000 -0.394644044525
987  2.467500 -0.394851189031
988  2.470000 -0.395072424251
989  2.472500 -0.395304090498
990  2.475000 -0.395542225814
991  2.477500 -0.395782688065
992  2.480000 -0.396021294534
993  2.482500 -0.396253966395
994  2.485000 -0.396476864335
995  2.487500 -0.396686503255
996  2.490000 -0.396879837808
997  2.492500 -0.397054315347
998  2.495000 -0.397207897276
999  2.497500 -0.397339053373
1000  2.500000 -0.397446735360
1001  2.502500 -0.397530336482
1002  2.505000 -0.397589643182
1003  2.507500 -0.397624783929
1004  2.510000 -0.397636178730
1005  2.512500 -0.397624491783
1006  2.515000 -0.397590588609
1007  2.517500 -0.397535498269
1008  2.520000 -0.397460380704
1009  2.522500 -0.397366498999
1010  2.525000 -0.397255196089
1011  2.527500 -0.397127875350
1012  2.530000 -0.396985984588
1013  2.532500 -0.396831002831
1014  2.535000 -0.396664429503
1015  2.537500 -0.396487775491
1016  2.540000 -0.396302555756
1017  2.542500 -0.396110283139
1018  2.545000 -0.395912463055
1019  2.547500 -0.395710588852
1020  2.550000 -0.395506137596
1021  2.552500 -0.395300566076
1022  2.555000 -0.395095306857
1023  2.557500 -0.394891764186
1024  2.560000 -0.394691309644
1025  2.562500 -0.394495277325
1026  2.565000 -0.394304958456
1027  2.567500 -0.394121595258
1028  2.570000 -0.393946373944
1029  2.572500 -0.393780416706
1030  2.575000 -0.393624772533
1031  2.577500 -0.393480406854
1032  2.580000 -0.393348189814
1033  2.582500 -0.393228883270
1034  2.585000 -0.393123126493
1035  2.587500 -0.393031420772
1036  2.590000 -0.392954113190
1037  2.592500 -0.392891380029
1038  2.595000 -0.392843210439
1039  2.597500 -0.392809391281
1040  2.600000 -0.392789494152
1041  2.602500 -0.392782865952
1042  2.605000 -0.392788624375
1043  2.607500 -0.392805659762
1044  2.610000 -0.392832644590
1045  2.612500 -0.392868051598
1046  2.615000 -0.392910180873
1047  2.617500 -0.392957195601
1048  2.620000 -0.393007165335
1049  2.622500 -0.393058114797
1050  2.625000 -0.393108075602
1051  2.627500 -0.393155137952
1052  2.630000 -0.393197499300
1053  2.632500 -0.393233507387
1054  2.635000 -0.393261695638
1055  2.637500 -0.393280809789
1056  2.640000 -0.393289825357
1057  2.642500 -0.393287956423
1058  2.645000 -0.393274656650
1059  2.647500 -0.393249613886
1060  2.650000 -0.393212739871
1061  2.652500 -0.393164156467
1062  2.655000 -0.393104179715
1063  2.657500 -0.393033302927
1064  2.660000 -0.392952179633
1065  2.662500 -0.392861607116
1066  2.665000 -0.392762510943
1067  2.667500 -0.392655930803
1068  2.670000 -0.392543007867
1069  2.672500 -0.392424973660
1070  2.675000 -0.392303140482
1071  2.677500 -0.392178893299
1072  2.680000 -0.392053682989
1073  2.682500 -0.391929020865
1074  2.685000 -0.391806474315
1075  2.687500 -0.391687663452
1076  2.690000 -0.391574258617
1077  2.692500 -0.391467978623
1078  2.695000 -0.391370589529
1079  2.697500 -0.391283903840
1080  2.700000 -0.391209779919
1081  2.702500 -0.391150121356
1082  2.705000 -0.391106876043
1083  2.707500 -0.391082034547
1084  2.710000 -0.391077627290
1085  2.712500 -0.391095719927
1086  2.715000 -0.391138405993
1087  2.717500 -0.391207795631
1088  2.720000 -0.391305998798
1089  2.722500 -0.391435100769
1090  2.725000 -0.391597127052
1091  2.727500 -0.391793993968
1092  2.730000 -0.392027440102
1093  2.732500 -0.392298932876
1094  2.735000 -0.392609543863
1095  2.737500 -0.392959786973
1096  2.740000 -0.393349416281
1097  2.742500 -0.393777187241
1098  2.745000 -0.394240597920
1099  2.747500 -0.394735647221
1100  2.750000 -0.395256671185
1101  2.752500 -0.395796336485
1102  2.755000 -0.396345864157
1103  2.757500 -0.396895510132
1104  2.760000 -0.397435247480
1105  2.762500 -0.397955514914
1106  2.765000 -0.398447866823
1107  2.767500 -0.398905401786
1108  2.770000 -0.399322931671
1109  2.772500 -0.399696930567
1110  2.775000 -0.400025341708
1111  2.777500 -0.400307320429
1112  2.780000 -0.400542970368
1113  2.782500 -0.400733105755
1114  2.785000 -0.400879053364
1115  2.787500 -0.400982495899
1116  2.790000 -0.401045352545
1117  2.792500 -0.401069690352
1118  2.795000 -0.401057659895
1119  2.797500 -0.401011449459
1120  2.800000 -0.400933253119
1121  2.802500 -0.400825248989
1122  2.805000 -0.400689584921
1123  2.807500 -0.400528369557
1124  2.810000 -0.400343667209
1125  2.812500 -0.400137495456
1126  2.815000 -0.399911824656
1127  2.817500 -0.399668578780
1128  2.820000 -0.399409637145
1129  2.822500 -0.399136836732
1130  2.825000 -0.398851974895
1131  2.827500 -0.398556812299
1132  2.830000 -0.398253075973
1133  2.832500 -0.397942462380
1134  2.835000 -0.397626640486
1135  2.837500 -0.397307254766
1136  2.840000 -0.396985928121
1137  2.842500 -0.396664264677
1138  2.845000 -0.396343852474
1139  2.847500 -0.396026265955
1140  2.850000 -0.395713068329
1141  2.852500 -0.395405813707
1142  2.855000 -0.395106048985
1143  2.857500 -0.394815315478
1144  2.860000 -0.394535150177
1145  2.862500 -0.394267086601
1146  2.865000 -0.394012655112
1147  2.867500 -0.393773382591
1148  2.870000 -0.393550791286
1149  2.872500 -0.393346396613
1150  2.875000 -0.393161703656
1151  2.877500 -0.392998201998
1152  2.880000 -0.392857358450
1153  2.882500 -0.392740607145
1154  2.885000 -0.392649336267
1155  2.887500 -0.392584870702
1156  2.890000 -0.392548449537
1157  2.892500 -0.392541197343
1158  2.895000 -0.392564088082
1159  2.897500 -0.392617900362
1160  2.900000 -0.392703163122
1161  2.902500 -0.392820091253
1162  2.905000 -0.392968511729
1163  2.907500 -0.393147782532
1164  2.910000 -0.393356709173
1165  2.912500 -0.393593466959
1166  2.915000 -0.393855540755
1167  2.917500 -0.394139697129
1168  2.920000 -0.394442004442
1169  2.922500 -0.394757913485
1170  2.925000 -0.395082402891
1171  2.927500 -0.395410181372
1172  2.930000 -0.395735925455
1173  2.932500 -0.396054522159
1174  2.935000 -0.396361284604
1175  2.937500 -0.396652115536
1176  2.940000 -0.396923606373
1177  2.942500 -0.397173072523
1178  2.945000 -0.397398535670
1179  2.947500 -0.397598668411
1180  2.950000 -0.397772716950
1181  2.952500 -0.397920414905
1182  2.955000 -0.398041897708
1183  2.957500 -0.398137623459
1184  2.960000 -0.398208303138
1185  2.962500 -0.398254841237
1186  2.965000 -0.398278286525
1187  2.967500 -0.398279792003
1188  2.970000 -0.398260582847
1189  2.972500 -0.398221931039
1190  2.975000 -0.398165135521
1191  2.977500 -0.398091506798
1192  2.980000 -0.398002355101
1193  2.982500 -0.397898981335
1194  2.985000 -0.397782670261
1195  2.987500 -0.397654685374
1196  2.990000 -0.397516265079
1197  2.992500 -0.397368619917
1198  2.995000 -0.397212930520
1199  2.997500 -0.397050346131
1200  3.000000 -0.396881983569
1201  3.002500 -0.396708926464
1202  3.005000 -0.396532224721
1203  3.007500 -0.396352894095
1204  3.010000 -0.396171915854
1205  3.012500 -0.395990236465
1206  3.015000 -0.395808767279
1207  3.017500 -0.395628384173
1208  3.020000 -0.395449927171
1209  3.022500 -0.395274199973
1210  3.025000 -0.395101969428
1211  3.027500 -0.394933964915
1212  3.030000 -0.394770877654
1213  3.032500 -0.394613359932
1214  3.035000 -0.394462024248
1215  3.037500 -0.394317442410
1216  3.040000 -0.394180144557
1217  3.042500 -0.394050618137
1218  3.045000 -0.393929306878
1219  3.047500 -0.393816609736
1220  3.050000 -0.393712879861
1221  3.052500 -0.393618423612
1222  3.055000 -0.393533499642
1223  3.057500 -0.393458318077
1224  3.060000 -0.393393039836
1225  3.062500 -0.393337776117
1226  3.065000 -0.393292588091
1227  3.067500 -0.393257486821
1228  3.070000 -0.393232433441
1229  3.072500 -0.393217339656
1230  3.075000 -0.393212068520
1231  3.077500 -0.393216435581
1232  3.080000 -0.393230210373
1233  3.082500 -0.393253118233
1234  3.085000 -0.393284842470
1235  3.087500 -0.393325026893
1236  3.090000 -0.393373278619
1237  3.092500 -0.393429171161
1238  3.095000 -0.393492247752
1239  3.097500 -0.393562024891
1240  3.100000 -0.393637996010
1241  3.102500 -0.393719635244
1242  3.105000 -0.393806401225
1243  3.107500 -0.393897740923
1244  3.110000 -0.393993093357
1245  3.112500 -0.394091893296
1246  3.115000 -0.394193574785
1247  3.117500 -0.394297574515
1248  3.120000 -0.394403335018
1249  3.122500 -0.394510307693
1250  3.125000 -0.394617955591
1251  3.127500 -0.394725756020
1252  3.130000 -0.394833202930
1253  3.132500 -0.394939809086
1254  3.135000 -0.395045108063
1255  3.137500 -0.395148655993
1256  3.140000 -0.395250033151
1257  3.142500 -0.395348845355
1258  3.145000 -0.395444725162
1259  3.147500 -0.395537332856
1260  3.150000 -0.395626357246
1261  3.152500 -0.395711516281
1262  3.155000 -0.395792557455
1263  3.157500 -0.395869257999
1264  3.160000 -0.395941424907
1265  3.162500 -0.396008894683
1266  3.165000 -0.396071532957
1267  3.167500 -0.396129233833
1268  3.170000 -0.396181919063
1269  3.172500 -0.396229537024
1270  3.175000 -0.396272061480
1271  3.177500 -0.396309490172
1272  3.180000 -0.396341843245
1273  3.182500 -0.396369161481
1274  3.185000 -0.396391504428
1275  3.187500 -0.396408948343
1276  3.190000 -0.396421584071
1277  3.192500 -0.396429514777
1278  3.195000 -0.396432853634
1279  3.197500 -0.396431721403
1280  3.200000 -0.396426244017
1281  3.202500 -0.396416550119
1282  3.205000 -0.396402768619
1283  3.207500 -0.396385026245
1284  3.210000 -0.396363445188
1285  3.212500 -0.396338140801
1286  3.215000 -0.396309219441
1287  3.217500 -0.396276776401
1288  3.220000 -0.396240894079
1289  3.222500 -0.396201640319
1290  3.225000 -0.396159067020
1291  3.227500 -0.396113209004
1292  3.230000 -0.396064083230
1293  3.232500 -0.396011688316
1294  3.235000 -0.395956004463
1295  3.237500 -0.395896993777
1296  3.240000 -0.395834600971
1297  3.242500 -0.395768754552
1298  3.245000 -0.395699368367
1299  3.247500 -0.395626343609
1300  3.250000 -0.395549571190
1301  3.252500 -0.395468934494
1302  3.255000 -0.395384312450
1303  3.257500 -0.395295582850
1304  3.260000 -0.395202625908
1305  3.262500 -0.395105327944
1306  3.265000 -0.395003585155
1307  3.267500 -0.394897307383
1308  3.270000 -0.394786421801
1309  3.272500 -0.394670876494
1310  3.275000 -0.394550643828
1311  3.277500 -0.394425723578
1312  3.280000 -0.394296145760
1313  3.282500 -0.394161973167
1314  3.285000 -0.394023303544
1315  3.287500 -0.393880271428
1316  3.290000 -0.393733049639
1317  3.292500 -0.393581850429
1318  3.295000 -0.393426926325
1319  3.297500 -0.393268570657
1320  3.300000 -0.393107117850
1321  3.302500 -0.392942943443
1322  3.305000 -0.392776463949
1323  3.307500 -0.392608136512
1324  3.310000 -0.392438458461
1325  3.312500 -0.392267966740
1326  3.315000 -0.392097237279
1327  3.317500 -0.391926884294
1328  3.320000 -0.391757559585
1329  3.322500 -0.391589951803
1330  3.325000 -0.391424785713
1331  3.327500 -0.391262821465
1332  3.330000 -0.391104853861
1333  3.332500 -0.390951711621
1334  3.335000 -0.390804256605
1335  3.337500 -0.390663383003
1336  3.340000 -0.390530016402
1337  3.342500 -0.390405112733
1338  3.345000 -0.390289656970
1339  3.347500 -0.390184661534
1340  3.350000 -0.390091164226
1341  3.352500 -0.390010225587
1342  3.355000 -0.389942925422
1343  3.357500 -0.389890358262
1344  3.360000 -0.389853627407
1345  3.362500 -0.389833837142
1346  3.365000 -0.389832082571
1347  3.367500 -0.389849436432
1348  3.370000 -0.389886932065
1349  3.372500 -0.389945541599
1350  3.375000 -0.390026148201
1351  3.377500 -0.390129511229
1352  3.380000 -0.390256223002
1353  3.382500 -0.390406656220
1354  3.385000 -0.390580901524
1355  3.387500 -0.390778695733
1356  3.390000 -0.390999343212
1357  3.392500 -0.391241635338
1358  3.395000 -0.391503776686
1359  3.397500 -0.391783330227
1360  3.400000 -0.392077196857
1361  3.402500 -0.392381644844
1362  3.405000 -0.392692400601
1363  3.407500 -0.393004802581
1364  3.410000 -0.393314006779
1365  3.412500 -0.393615219024
1366  3.415000 -0.393903921899
1367  3.417500 -0.394176065436
1368  3.420000 -0.394428200566
1369  3.422500 -0.394657548124
1370  3.425000 -0.394862008895
1371  3.427500 -0.395040128175
1372  3.430000 -0.395191030985
1373  3.432500 -0.395314342737
1374  3.435000 -0.395410106654
1375  3.437500 -0.395478705413
1376  3.440000 -0.395520791147
1377  3.442500 -0.395537225502
1378  3.445000 -0.395529029898
1379  3.447500 -0.395497345197
1380  3.450000 -0.395443399654
1381  3.452500 -0.395368483835
1382  3.455000 -0.395273931292
1383  3.457500 -0.395161103914
1384  3.460000 -0.395031380991
1385  3.462500 -0.394886151241
1386  3.465000 -0.394726807169
1387  3.467500 -0.394554741251
1388  3.470000 -0.394371343563
1389  3.472500 -0.394178000525
1390  3.475000 -0.393976094558
1391  3.477500 -0.393767004417
1392  3.480000 -0.393552106096
1393  3.482500 -0.393332774210
1394  3.485000 -0.393110383733
1395  3.487500 -0.392886312067
1396  3.490000 -0.392661941402
1397  3.492500 -0.392438661326
1398  3.495000 -0.392217871680
1399  3.497500 -0.392000985658
1400  3.500000 -0.391789433151
1401  3.502500 -0.391584664317
1402  3.505000 -0.391388153436
1403  3.507500 -0.391201403019
1404  3.510000 -0.391025948202
1405  3.512500 -0.390863361438
1406  3.515000 -0.390715257497
1407  3.517500 -0.390583298719
1408  3.520000 -0.390469200555
1409  3.522500 -0.390374737263
1410  3.525000 -0.390301747673
1411  3.527500 -0.390252140783
1412  3.530000 -0.390227900840
1413  3.532500 -0.390231091319
1414  3.535000 -0.390263856931
1415  3.537500 -0.390328422249
1416  3.540000 -0.390427084757
1417  3.542500 -0.390562199067
1418  3.545000 -0.390736147177
1419  3.547500 -0.390951287163
1420  3.550000 -0.391209868925
1421  3.552500 -0.391513900930
1422  3.555000 -0.391864945855
1423  3.557500 -0.392263818850
1424  3.560000 -0.392710163943
1425  3.562500 -0.393201904535
1426  3.565000 -0.393734620273
1427  3.567500 -0.394301008117
1428  3.570000 -0.394890711436
1429  3.572500 -0.395490833580
1430  3.575000 -0.396087238629
1431  3.577500 -0.396666308724
1432  3.580000 -0.397216515088
1433  3.582500 -0.397729289558
1434  3.585000 -0.398199117729
1435  3.587500 -0.398623112329
1436  3.590000 -0.399000389516
1437  3.592500 -0.399331466062
1438  3.595000 -0.399617771582
1439  3.597500 -0.399861290995
1440  3.600000 -0.400064317975
1441  3.602500 -0.400229292004
1442  3.605000 -0.400358694265
1443  3.607500 -0.400454983312
1444  3.610000 -0.400520557015
1445  3.612500 -0.400557731538
1446  3.615000 -0.400568731096
1447  3.617500 -0.400555684535
1448  3.620000 -0.400520626007
1449  3.622500 -0.400465498075
1450  3.625000 -0.400392156113
1451  3.627500 -0.400302373304
1452  3.630000 -0.400197845799
1453  3.632500 -0.400080197747
1454  3.635000 -0.399950986014
1455  3.637500 -0.399811704481
1456  3.640000 -0.399663787905
1457  3.642500 -0.399508615225
1458  3.645000 -0.399347512379
1459  3.647500 -0.399181754561
1460  3.650000 -0.399012567906
1461  3.652500 -0.398841130631
1462  3.655000 -0.398668573577
1463  3.657500 -0.398495980151
1464  3.660000 -0.398324385661
1465  3.662500 -0.398154775985
1466  3.665000 -0.397988085599
1467  3.667500 -0.397825194892
1468  3.670000 -0.397666926771
1469  3.672500 -0.397514042577
1470  3.675000 -0.397367237242
1471  3.677500 -0.397227133783
1472  3.680000 -0.397094277152
1473  3.682500 -0.396969127545
1474  3.685000 -0.396852053298
1475  3.687500 -0.396743323604
1476  3.690000 -0.396643101312
1477  3.692500 -0.396551436156
1478  3.695000 -0.396468258873
1479  3.697500 -0.396393376678
1480  3.700000 -0.396326470695
1481  3.702500 -0.396267095893
1482  3.705000 -0.396214684086
1483  3.707500 -0.396168550445
1484  3.710000 -0.396127903837
1485  3.712500 -0.396091861044
1486  3.715000 -0.396059464665
1487  3.717500 -0.396029704204
1488  3.720000 -0.396001539548
1489  3.722500 -0.395973925798
1490  3.725000 -0.395945838313
1491  3.727500 -0.395916296768
1492  3.730000 -0.395884387106
1493  3.732500 -0.395849280534
1494  3.735000 -0.395810248894
1495  3.737500 -0.395766676103
1496  3.740000 -0.395718065639
1497  3.742500 -0.395664044251
1498  3.745000 -0.395604362369
1499  3.747500 -0.395538891670
1500  3.750000 -0.395467620418
1501  3.752500 -0.395390647172
1502  3.755000 -0.395308173339
1503  3.757500 -0.395220495107
1504  3.760000 -0.395127995083
1505  3.762500 -0.395031133969
1506  3.765000 -0.394930442497
1507  3.767500 -0.394826513761
1508  3.770000 -0.394719996045
1509  3.772500 -0.394611586197
1510  3.775000 -0.394502023546
1511  3.777500 -0.394392084331
1512  3.780000 -0.394282576632
1513  3.782500 -0.394174335672
1514  3.785000 -0.394068219493
1515  3.787500 -0.393965104842
1516  3.790000 -0.393865883222
1517  3.792500 -0.393771456959
1518  3.795000 -0.393682735185
1519  3.797500 -0.393600629596
1520  3.800000 -0.393526049824
1521  3.802500 -0.393459898257
1522  3.805000 -0.393403064131
1523  3.807500 -0.393356416636
1524  3.810000 -0.393320796842
1525  3.812500 -0.393297008148
1526  3.815000 -0.393285804962
1527  3.817500 -0.393287879361
1528  3.820000 -0.393303845382
1529  3.822500 -0.393334220750
1530  3.825000 -0.393379405854
1531  3.827500 -0.393439660008
1532  3.830000 -0.393515075233
1533  3.832500 -0.393605548189
1534  3.835000 -0.393710751435
1535  3.837500 -0.393830105738
1536  3.840000 -0.393962755921
1537  3.842500 -0.394107553371
1538  3.845000 -0.394263048768
1539  3.847500 -0.394427498693
1540  3.850000 -0.394598888998
1541  3.852500 -0.394774976481
1542  3.855000 -0.394953348179
1543  3.857500 -0.395131494971
1544  3.860000 -0.395306893865
1545  3.862500 -0.395477091682
1546  3.865000 -0.395639782613
1547  3.867500 -0.395792873225
1548  3.870000 -0.395934530627
1549  3.872500 -0.396063212153
1550  3.875000 -0.396177677291
1551  3.877500 -0.396276984421
1552  3.880000 -0.396360475849
1553  3.882500 -0.396427754808
1554  3.885000 -0.396478657927
1555  3.887500 -0.396513225837
1556  3.890000 -0.396531674036
1557  3.892500 -0.396534365399
1558  3.895000 -0.396521785111
1559  3.897500 -0.396494518457
1560  3.900000 -0.396453231541
1561  3.902500 -0.396398654826
1562  3.905000 -0.396331569266
1563  3.907500 -0.396252794781
1564  3.910000 -0.396163180760
1565  3.912500 -0.396063598304
1566  3.915000 -0.395954933969
1567  3.917500 -0.395838084737
1568  3.920000 -0.395713954033
1569  3.922500 -0.395583448598
1570  3.925000 -0.395447476071
1571  3.927500 -0.395306943141
1572  3.930000 -0.395162754168
1573  3.932500 -0.395015810178
1574  3.935000 -0.394867008162
1575  3.937500 -0.394717240599
1576  3.940000 -0.394567395175
1577  3.942500 -0.394418354611
1578  3.945000 -0.394270996586
1579  3.947500 -0.394126193712
1580  3.950000 -0.393984813511
1581  3.952500 -0.393847718384
1582  3.955000 -0.393715765491
1583  3.957500 -0.393589806552
1584  3.960000 -0.393470687488
1585  3.962500 -0.393359247860
1586  3.965000 -0.393256320083
1587  3.967500 -0.393162728281
1588  3.970000 -0.393079286769
1589  3.972500 -0.393006798025
1590  3.975000 -0.392946050064
1591  3.977500 -0.392897813050
1592  3.980000 -0.392862835039
1593  3.982500 -0.392841836606
1594  3.985000 -0.392835504189
1595  3.987500 -0.392844481892
1596  3.990000 -0.392869361488
1597  3.992500 -0.392910670325
1598  3.995000 -0.392968856879
1599  3.997500 -0.393044273708
1600  4.000000 -0.393137157607
1601  4.002500 -0.393247606979
1602  4.005000 -0.393375556646
1603  4.007500 -0.393520750630
1604  4.010000 -0.393682713997
1605  4.012500 -0.393860725429
1606  4.015000 -0.394053792891
1607  4.017500 -0.394260635487
1608  4.020000 -0.394479675042
1609  4.022500 -0.394709041046
1610  4.025000 -0.394946592106
1611  4.027500 -0.395189955525
1612  4.030000 -0.395436584614
1613  4.032500 -0.395683830657
1614  4.035000 -0.395929024020
1615  4.037500 -0.396169557194
1616  4.040000 -0.396402962160
1617  4.042500 -0.396626975559
1618  4.045000 -0.396839587212
1619  4.047500 -0.397039070275
1620  4.050000 -0.397223993648
1621  4.052500 -0.397393219180
1622  4.055000 -0.397545887176
1623  4.057500 -0.397681393939
1624  4.060000 -0.397799364719
1625  4.062500 -0.397899624908
1626  4.065000 -0.397982171497
1627  4.067500 -0.398047146186
1628  4.070000 -0.398094810961
1629  4.072500 -0.398125526486
1630  4.075000 -0.398139733421
1631  4.077500 -0.398137936525
1632  4.080000 -0.398120691334
1633  4.082500 -0.398088593116
1634  4.085000 -0.398042267838
1635  4.087500 -0.397982364819
1636  4.090000 -0.397909550852
1637  4.092500 -0.397824505509
1638  4.095000 -0.397727917470
1639  4.097500 -0.397620481666
1640  4.100000 -0.397502897114
1641  4.102500 -0.397375865290
1642  4.105000 -0.397240088967
1643  4.107500 -0.397096271405
1644  4.110000 -0.396945115835
1645  4.112500 -0.396787325183
1646  4.115000 -0.396623601967
1647  4.117500 -0.396454648345
1648  4.120000 -0.396281166267
1649  4.122500 -0.396103857717
1650  4.125000 -0.395923425005
1651  4.127500 -0.395740571100
1652  4.130000 -0.395555999987
1653  4.132500 -0.395370417029
1654  4.135000 -0.395184529304
1655  4.137500 -0.394999045935
1656  4.140000 -0.394814678359
1657  4.142500 -0.394632140551
1658  4.145000 -0.394452149162
1659  4.147500 -0.394275423564
1660  4.150000 -0.394102685768
1661  4.152500 -0.393934660196
1662  4.155000 -0.393772073255
1663  4.157500 -0.393615652697
1664  4.160000 -0.393466126698
1665  4.162500 -0.393324222604
1666  4.165000 -0.393190665257
1667  4.167500 -0.393066174860
1668  4.170000 -0.392951464223
1669  4.172500 -0.392847235323
1670  4.175000 -0.392754175001
1671  4.177500 -0.392672949676
1672  4.180000 -0.392604198852
1673  4.182500 -0.392548527268
1674  4.185000 -0.392506495436
1675  4.187500 -0.392478608384
1676  4.190000 -0.392465302388
1677  4.192500 -0.392466929535
1678  4.195000 -0.392483740071
1679  4.197500 -0.392515862572
1680  4.200000 -0.392563282258
1681  4.202500 -0.392625818040
1682  4.205000 -0.392703099290
1683  4.207500 -0.392794543859
1684  4.210000 -0.392899339326
1685  4.212500 -0.393016429990
1686  4.215000 -0.393144512385
1687  4.217500 -0.393282042050
1688  4.220000 -0.393427253753
1689  4.222500 -0.393578196173
1690  4.225000 -0.393732780454
1691  4.227500 -0.393888840036
1692  4.230000 -0.394044197410
1693  4.232500 -0.394196732261
1694  4.235000 -0.394344445171
1695  4.237500 -0.394485511846
1696  4.240000 -0.394618324329
1697  4.242500 -0.394741517708
1698  4.245000 -0.394853982518
1699  4.247500 -0.394954864627
1700  4.250000 -0.395043555147
1701  4.252500 -0.395119673259
1702  4.255000 -0.395183044612
1703  4.257500 -0.395233677626
1704  4.260000 -0.395271739456
1705  4.262500 -0.395297532847
1706  4.265000 -0.395311474676
1707  4.267500 -0.395314076608
1708  4.270000 -0.395305928004
1709  4.272500 -0.395287681073
1710  4.275000 -0.395260038112
1711  4.277500 -0.395223740650
1712  4.280000 -0.395179560263
1713  4.282500 -0.395128290793
1714  4.285000 -0.395070741805
1715  4.287500 -0.395007732989
1716  4.290000 -0.394940089382
1717  4.292500 -0.394868637202
1718  4.295000 -0.394794200139
1719  4.297500 -0.394717595972
1720  4.300000 -0.394639633374
1721  4.302500 -0.394561108797
1722  4.305000 -0.394482803322
1723  4.307500 -0.394405479382
1724  4.310000 -0.394329877273
1725  4.312500 -0.394256711332
1726  4.315000 -0.394186665730
1727  4.317500 -0.394120389798
1728  4.320000 -0.394058492809
1729  4.322500 -0.394001538161
1730  4.325000 -0.393950036961
1731  4.327500 -0.393904440961
1732  4.330000 -0.393865134888
1733  4.332500 -0.393832428280
1734  4.335000 -0.393806546941
1735  4.337500 -0.393787624260
1736  4.340000 -0.393775692711
1737  4.342500 -0.393770675944
1738  4.345000 -0.393772382015
1739  4.347500 -0.393780498351
1740  4.350000 -0.393794589109
1741  4.352500 -0.393814095659
1742  4.355000 -0.393838340787
1743  4.357500 -0.393866537111
1744  4.360000 -0.393897799949
1745  4.362500 -0.393931164570
1746  4.365000 -0.393965607364
1747  4.367500 -0.394000070106
1748  4.370000 -0.394033486178
1749  4.372500 -0.394064807325
1750  4.375000 -0.394093029572
1751  4.377500 -0.394117216908
1752  4.380000 -0.394136521654
1753  4.382500 -0.394150200759
1754  4.385000 -0.394157627625
1755  4.387500 -0.394158299466
1756  4.390000 -0.394151840508
1757  4.392500 -0.394138001554
1758  4.395000 -0.394116656573
1759  4.397500 -0.394087797016
1760  4.400000 -0.394051524548
1761  4.402500 -0.394008042790
1762  4.405000 -0.393957648618
1763  4.407500 -0.393900723391
1764  4.410000 -0.393837724443
1765  4.412500 -0.393769177043
1766  4.415000 -0.393695666968
1767  4.417500 -0.393617833754
1768  4.420000 -0.393536364652
1769  4.422500 -0.393451989292
1770  4.425000 -0.393365475007
1771  4.427500 -0.393277622772
1772  4.430000 -0.393189263670
1773  4.432500 -0.393101255853
1774  4.435000 -0.393014481852
1775  4.437500 -0.392929846222
1776  4.440000 -0.392848273351
1777  4.442500 -0.392770705374
1778  4.445000 -0.392698100063
1779  4.447500 -0.392631428540
1780  4.450000 -0.392571672651
1781  4.452500 -0.392519821826
1782  4.455000 -0.392476869167
1783  4.457500 -0.392443806480
1784  4.460000 -0.392421617880
1785  4.462500 -0.392411271545
1786  4.465000 -0.392413709072
1787  4.467500 -0.392429831795
1788  4.470000 -0.392460483275
1789  4.472500 -0.392506427140
1790  4.475000 -0.392568319311
1791  4.477500 -0.392646673763
1792  4.480000 -0.392741821099
1793  4.482500 -0.392853859816
1794  4.485000 -0.392982600985
1795  4.487500 -0.393127508675
1796  4.490000 -0.393287640543
1797  4.492500 -0.393461595866
1798  4.495000 -0.393647480818
1799  4.497500 -0.393842902775
1800  4.500000 -0.394045004652
1801  4.502500 -0.394250546160
1802  4.505000 -0.394456030692
1803  4.507500 -0.394657866359
1804  4.510000 -0.394852540786
1805  4.512500 -0.395036785356
1806  4.515000 -0.395207707507
1807  4.517500 -0.395362878098
1808  4.520000 -0.395500371174
1809  4.522500 -0.395618762088
1810  4.525000 -0.395717094796
1811  4.527500 -0.395794830259
1812  4.530000 -0.395851786324
1813  4.532500 -0.395888076727
1814  4.535000 -0.395904054146
1815  4.537500 -0.395900259843
1816  4.540000 -0.395877380853
1817  4.542500 -0.395836214611
1818  4.545000 -0.395777640381
1819  4.547500 -0.395702596592
1820  4.550000 -0.395612063123
1821  4.552500 -0.395507047689
1822  4.555000 -0.395388575470
1823  4.557500 -0.395257681409
1824  4.560000 -0.395115404557
1825  4.562500 -0.394962784055
1826  4.565000 -0.394800856407
1827  4.567500 -0.394630653735
1828  4.570000 -0.394453202818
1829  4.572500 -0.394269524733
1830  4.575000 -0.394080634972
1831  4.577500 -0.393887543923
1832  4.580000 -0.393691257647
1833  4.582500 -0.393492778880
1834  4.585000 -0.393293108221
1835  4.587500 -0.393093245459
1836  4.590000 -0.392894191030
1837  4.592500 -0.392696947576
1838  4.595000 -0.392502521568
1839  4.597500 -0.392311925016
1840  4.600000 -0.392126177223
1841  4.602500 -0.391946306580
1842  4.605000 -0.391773352381
1843  4.607500 -0.391608366643
1844  4.610000 -0.391452415878
1845  4.612500 -0.391306582805
1846  4.615000 -0.391171967910
1847  4.617500 -0.391049690787
1848  4.620000 -0.390940891132
1849  4.622500 -0.390846729228
1850  4.625000 -0.390768385679
1851  4.627500 -0.390707060093
1852  4.630000 -0.390663968236
1853  4.632500 -0.390640337078
1854  4.635000 -0.390637396877
1855  4.637500 -0.390656369169
1856  4.640000 -0.390698449159
1857  4.642500 -0.390764780454
1858  4.645000 -0.390856419619
1859  4.647500 -0.390974287285
1860  4.650000 -0.391119102179
1861  4.652500 -0.391291294280
1862  4.655000 -0.391490894368
1863  4.657500 -0.391717400142
1864  4.660000 -0.391969625284
1865  4.662500 -0.392245548145
1866  4.665000 -0.392542190716
1867  4.667500 -0.392855571755
1868  4.670000 -0.393180781209
1869  4.672500 -0.393512205577
1870  4.675000 -0.393843891849
1871  4.677500 -0.394169986270
1872  4.680000 -0.394485152114
1873  4.682500 -0.394784879640
1874  4.685000 -0.395065645250
1875  4.687500 -0.395324927496
1876  4.690000 -0.395561120352
1877  4.692500 -0.395773391828
1878  4.695000 -0.395961527197
1879  4.697500 -0.396125781589
1880  4.700000 -0.396266753789
1881  4.702500 -0.396385284526
1882  4.705000 -0.396482377822
1883  4.707500 -0.396559141922
1884  4.710000 -0.396616745914
1885  4.712500 -0.396656388473
1886  4.715000 -0.396679275715
1887  4.717500 -0.396686605772
1888  4.720000 -0.396679558297
1889  4.722500 -0.396659287488
1890  4.725000 -0.396626917648
1891  4.727500 -0.396583540521
1892  4.730000 -0.396530213862
1893  4.732500 -0.396467960838
1894  4.735000 -0.396397769993
1895  4.737500 -0.396320595533
1896  4.740000 -0.396237357824
1897  4.742500 -0.396148943947
1898  4.745000 -0.396056208249
1899  4.747500 -0.395959972856
1900  4.750000 -0.395861028053
1901  4.752500 -0.395760132540
1902  4.755000 -0.395658013528
1903  4.757500 -0.395555366653
1904  4.760000 -0.395452855706
1905  4.762500 -0.395351112160
1906  4.765000 -0.395250734501
1907  4.767500 -0.395152287357
1908  4.770000 -0.395056300428
1909  4.772500 -0.394963267236
1910  4.775000 -0.394873643690
1911  4.777500 -0.394787846515
1912  4.780000 -0.394706251544
1913  4.782500 -0.394629191948
1914  4.785000 -0.394556956408
1915  4.787500 -0.394489787321
1916  4.790000 -0.394427879108
1917  4.792500 -0.394371376672
1918  4.795000 -0.394320374147
1919  4.797500 -0.394274913991
1920  4.800000 -0.394234986551
1921  4.802500 -0.394200530192
1922  4.805000 -0.394171432107
1923  4.807500 -0.394147529850
1924  4.810000 -0.394128613712
1925  4.812500 -0.394114429934
1926  4.815000 -0.394104684786
1927  4.817500 -0.394099049470
1928  4.820000 -0.394097165744
1929  4.822500 -0.394098652203
1930  4.825000 -0.394103110994
1931  4.827500 -0.394110134824
1932  4.830000 -0.394119314028
1933  4.832500 -0.394130243498
1934  4.835000 -0.394142529253
1935  4.837500 -0.394155794464
1936  4.840000 -0.394169684780
1937  4.842500 -0.394183872822
1938  4.845000 -0.394198061775
1939  4.847500 -0.394211988046
1940  4.850000 -0.394225422972
1941  4.852500 -0.394238173631
1942  4.855000 -0.394250082820
1943  4.857500 -0.394261028274
1944  4.860000 -0.394270921242
1945  4.862500 -0.394279704522
1946  4.865000 -0.394287350043
1947  4.867500 -0.394293856110
1948  4.870000 -0.394299244407
1949  4.872500 -0.394303556835
1950  4.875000 -0.394306852253
1951  4.877500 -0.394309203207
1952  4.880000 -0.394310692677
1953  4.882500 -0.394311410882
1954  4.885000 -0.394311452232
1955  4.887500 -0.394310912369
1956  4.890000 -0.394309885406
1957  4.892500 -0.394308461336
1958  4.895000 -0.394306723661
1959  4.897500 -0.394304747222
1960  4.900000 -0.394302596277
1961  4.902500 -0.394300322826
1962  4.905000 -0.394297965191
1963  4.907500 -0.394295546879
1964  4.910000 -0.394293075719
1965  4.912500 -0.394290543288
1966  4.915000 -0.394287924639
1967  4.917500 -0.394285178310
1968  4.920000 -0.394282246639
1969  4.922500 -0.394279056348
1970  4.925000 -0.394275519412
1971  4.927500 -0.394271534164
1972  4.930000 -0.394266986638
1973  4.932500 -0.394261752111
1974  4.935000 -0.394255696803
1975  4.937500 -0.394248679724
1976  4.940000 -0.394240554573
1977  4.942500 -0.394231171718
1978  4.945000 -0.394220380148
1979  4.947500 -0.394208029413
1980  4.950000 -0.394193971467
1981  4.952500 -0.394178062413
1982  4.955000 -0.394160164104
1983  4.957500 -0.394140145574
1984  4.960000 -0.394117884307
1985  4.962500 -0.394093267304
1986  4.965000 -0.394066191951
1987  4.967500 -0.394036566716
1988  4.970000 -0.394004311632
1989  4.972500 -0.393969358635
1990  4.975000 -0.393931651730
1991  4.977500 -0.393891147023
1992  4.980000 -0.393847812637
1993  4.982500 -0.393801628528
1994  4.985000 -0.393752586244
1995  4.987500 -0.393700688608
1996  4.990000 -0.393645949381
1997  4.992500 -0.393588392929
1998  4.995000 -0.393528053870
1999  4.997500 -0.393464976763
2000  5.000000 -0.393399215826
2001  5.002500 -0.393330834689
2002  5.005000 -0.393259906220
2003  5.007500 -0.393186512412
2004  5.010000 -0.393110744306
2005  5.012500 -0.393032702017
2006  5.015000 -0.392952494808
2007  5.017500 -0.392870241236
2008  5.020000 -0.392786069356
2009  5.022500 -0.392700116994
2010  5.025000 -0.392612532059
2011  5.027500 -0.392523472919
2012  5.030000 -0.392433108812
2013  5.032500 -0.392341620279
2014  5.035000 -0.392249199647
2015  5.037500 -0.392156051517
2016  5.040000 -0.392062393274
2017  5.042500 -0.391968455588
2018  5.045000 -0.391874482945
2019  5.047500 -0.391780734144
2020  5.050000 -0.391687482812
2021  5.052500 -0.391595017874
2022  5.055000 -0.391503644032
2023  5.057500 -0.391413682202
2024  5.060000 -0.391325469933
2025  5.062500 -0.391239361790
2026  5.065000 -0.391155729698
2027  5.067500 -0.391074963244
2028  5.070000 -0.390997469928
2029  5.072500 -0.390923675353
2030  5.075000 -0.390854023336
2031  5.077500 -0.390788975935
2032  5.080000 -0.390729013357
2033  5.082500 -0.390674633737
2034  5.085000 -0.390626352731
2035  5.087500 -0.390584702891
2036  5.090000 -0.390550232765
2037  5.092500 -0.390523505636
2038  5.095000 -0.390505097806
2039  5.097500 -0.390495596309
2040  5.100000 -0.390495595914
2041  5.102500 -0.390505695188
2042  5.105000 -0.390526491418
2043  5.107500 -0.390558574093
2044  5.110000 -0.390602516592
2045  5.112500 -0.390658865654
2046  5.115000 -0.390728128180
2047  5.117500 -0.390810754798
2048  5.120000 -0.390907119665
2049  5.122500 -0.391017495993
2050  5.125000 -0.391142026932
2051  5.127500 -0.391280691781
2052  5.130000 -0.391433268040
2053  5.132500 -0.391599290717
2054  5.135000 -0.391778011488
2055  5.137500 -0.391968361906
2056  5.140000 -0.392168926341
2057  5.142500 -0.392377931537
2058  5.145000 -0.392593259816
2059  5.147500 -0.392812491152
2060  5.150000 -0.393032975589
2061  5.152500 -0.393251932005
2062  5.155000 -0.393466563422
2063  5.157500 -0.393674175147
2064  5.160000 -0.393872281224
2065  5.162500 -0.394058687546
2066  5.165000 -0.394231545325
2067  5.167500 -0.394389374350
2068  5.170000 -0.394531060180
2069  5.172500 -0.394655831852
2070  5.175000 -0.394763227300
2071  5.177500 -0.394853052791
2072  5.180000 -0.394925341222
2073  5.182500 -0.394980312440
2074  5.185000 -0.395018337485
2075  5.187500 -0.395039907532
2076  5.190000 -0.395045607680
2077  5.192500 -0.395036095292
2078  5.195000 -0.395012082441
2079  5.197500 -0.394974321843
2080  5.200000 -0.394923595782
2081  5.202500 -0.394860707472
2082  5.205000 -0.394786474419
2083  5.207500 -0.394701723395
2084  5.210000 -0.394607286714
2085  5.212500 -0.394503999543
2086  5.215000 -0.394392698033
2087  5.217500 -0.394274218110
2088  5.220000 -0.394149394784
2089  5.222500 -0.394019061866
2090  5.225000 -0.393884052018
2091  5.227500 -0.393745197057
2092  5.230000 -0.393603328477
2093  5.232500 -0.393459278113
2094  5.235000 -0.393313878956
2095  5.237500 -0.393167966057
2096  5.240000 -0.393022377514
2097  5.242500 -0.392877955525
2098  5.245000 -0.392735547462
2099  5.247500 -0.392596006976
2100  5.250000 -0.392460195096
2101  5.252500 -0.392328981297
2102  5.255000 -0.392203244499
2103  5.257500 -0.392083873968
2104  5.260000 -0.391971770045
2105  5.262500 -0.391867844652
2106  5.265000 -0.391773021452
2107  5.267500 -0.391688235548
2108  5.270000 -0.391614432540
2109  5.272500 -0.391552566705
2110  5.275000 -0.391503597999
2111  5.277500 -0.391468487452
2112  5.280000 -0.391448190441
2113  5.282500 -0.391443647111
2114  5.285000 -0.391455769060
2115  5.287500 -0.391485421124
2116  5.290000 -0.391533396878
2117  5.292500 -0.391600386193
2118  5.295000 -0.391686933087
2119  5.297500 -0.391793382163
2120  5.300000 -0.391919812603
2121  5.302500 -0.392065960097
2122  5.305000 -0.392231129904
2123  5.307500 -0.392414108622
2124  5.310000 -0.392613088135
2125  5.312500 -0.392825621124
2126  5.315000 -0.393048630909
2127  5.317500 -0.393278494832
2128  5.320000 -0.393511207310
2129  5.322500 -0.393742607638
2130  5.325000 -0.393968636447
2131  5.327500 -0.394185574483
2132  5.330000 -0.394390223605
2133  5.332500 -0.394580009272
2134  5.335000 -0.394753005947
2135  5.337500 -0.394907902428
2136  5.340000 -0.395043929923
2137  5.342500 -0.395160773735
2138  5.345000 -0.395258483643
2139  5.347500 -0.395337391998
2140  5.350000 -0.395398043642
2141  5.352500 -0.395441138590
2142  5.355000 -0.395467486641
2143  5.357500 -0.395477972279
2144  5.360000 -0.395473528033
2145  5.362500 -0.395455114587
2146  5.365000 -0.395423706112
2147  5.367500 -0.395380279629
2148  5.370000 -0.395325807384
2149  5.372500 -0.395261251503
2150  5.375000 -0.395187560308
2151  5.377500 -0.395105665863
2152  5.380000 -0.395016482392
2153  5.382500 -0.394920905315
2154  5.385000 -0.394819810701
2155  5.387500 -0.394714054973
2156  5.390000 -0.394604474778
2157  5.392500 -0.394491886872
2158  5.395000 -0.394377087999
2159  5.397500 -0.394260854660
2160  5.400000 -0.394143942748
2161  5.402500 -0.394027086971
2162  5.405000 -0.393911000019
2163  5.407500 -0.393796371457
2164  5.410000 -0.393683866254
2165  5.412500 -0.393574122936
2166  5.415000 -0.393467751315
2167  5.417500 -0.393365329729
2168  5.420000 -0.393267401773
2169  5.422500 -0.393174472481
2170  5.425000 -0.393087003934
2171  5.427500 -0.393005410283
2172  5.430000 -0.392930052233
2173  5.432500 -0.392861230992
2174  5.435000 -0.392799181828
2175  5.437500 -0.392744067375
2176  5.440000 -0.392695970886
2177  5.442500 -0.392654889784
2178  5.445000 -0.392620729853
2179  5.447500 -0.392593300555
2180  5.450000 -0.392572311996
2181  5.452500 -0.392557374088
2182  5.455000 -0.392547998464
2183  5.457500 -0.392543603603
2184  5.460000 -0.392543523447
2185  5.462500 -0.392547019606
2186  5.465000 -0.392553296932
2187  5.467500 -0.392561521934
2188  5.470000 -0.392570843228
2189  5.472500 -0.392580412995
2190  5.475000 -0.392589408290
2191  5.477500 -0.392597051067
2192  5.480000 -0.392602625934
2193  5.482500 -0.392605494882
2194  5.485000 -0.392605108521
2195  5.487500 -0.392601013706
2196  5.490000 -0.392592857647
2197  5.492500 -0.392580388889
2198  5.495000 -0.392563455621
2199  5.497500 -0.392542001880
2200  5.500000 -0.392516062229
2201  5.502500 -0.392485755383
2202  5.505000 -0.392451277290
2203  5.507500 -0.392412893984
2204  5.510000 -0.392370934531
2205  5.512500 -0.392325784238
2206  5.515000 -0.392277878288
2207  5.517500 -0.392227695855
2208  5.520000 -0.392175754747
2209  5.522500 -0.392122606570
2210  5.525000 -0.392068832379
2211  5.527500 -0.392015038776
2212  5.530000 -0.391961854389
2213  5.532500 -0.391909926671
2214  5.535000 -0.391859918922
2215  5.537500 -0.391812507457
2216  5.540000 -0.391768378826
2217  5.542500 -0.391728226955
2218  5.545000 -0.391692750127
2219  5.547500 -0.391662647619
2220  5.550000 -0.391638615875
2221  5.552500 -0.391621344018
2222  5.555000 -0.391611508488
2223  5.557500 -0.391609766580
2224  5.560000 -0.391616748593
2225  5.562500 -0.391633048292
2226  5.565000 -0.391659211349
2227  5.567500 -0.391695721436
2228  5.570000 -0.391742983643
2229  5.572500 -0.391801305021
2230  5.575000 -0.391870872145
2231  5.577500 -0.391951725975
2232  5.580000 -0.392043734617
2233  5.582500 -0.392146565292
2234  5.585000 -0.392259657553
2235  5.587500 -0.392382200705
2236  5.590000 -0.392513119145
2237  5.592500 -0.392651069825
2238  5.595000 -0.392794455801
2239  5.597500 -0.392941458578
2240  5.600000 -0.393090089649
2241  5.602500 -0.393238258548
2242  5.605000 -0.393383851563
2243  5.607500 -0.393524813021
2244  5.610000 -0.393659220494
2245  5.612500 -0.393785346547
2246  5.615000 -0.393901702418
2247  5.617500 -0.394007062160
2248  5.620000 -0.394100468808
2249  5.622500 -0.394181225876
2250  5.625000 -0.394248878426
2251  5.627500 -0.394303187816
2252  5.630000 -0.394344103620
2253  5.632500 -0.394371735305
2254  5.635000 -0.394386325410
2255  5.637500 -0.394388225256
2256  5.640000 -0.394377873622
2257  5.642500 -0.394355778502
2258  5.645000 -0.394322501778
2259  5.647500 -0.394278646555
2260  5.650000 -0.394224846813
2261  5.652500 -0.394161759062
2262  5.655000 -0.394090055674
2263  5.657500 -0.394010419609
2264  5.660000 -0.393923540274
2265  5.662500 -0.393830110336
2266  5.665000 -0.393730823265
2267  5.667500 -0.393626371504
2268  5.670000 -0.393517445106
2269  5.672500 -0.393404730756
2270  5.675000 -0.393288911099
2271  5.677500 -0.393170664288
2272  5.680000 -0.393050663714
2273  5.682500 -0.392929577853
2274  5.685000 -0.392808070212
2275  5.687500 -0.392686799309
2276  5.690000 -0.392566418682
2277  5.692500 -0.392447576887
2278  5.695000 -0.392330917446
2279  5.697500 -0.392217078739
2280  5.700000 -0.392106693787
2281  5.702500 -0.392000389905
2282  5.705000 -0.391898788182
2283  5.707500 -0.391802502748
2284  5.710000 -0.391712139783
2285  5.712500 -0.391628296194
2286  5.715000 -0.391551557916
2287  5.717500 -0.391482497737
2288  5.720000 -0.391421672563
2289  5.722500 -0.391369620034
2290  5.725000 -0.391326854334
2291  5.727500 -0.391293861110
2292  5.730000 -0.391271091323
2293  5.732500 -0.391258953893
2294  5.735000 -0.391257807008
2295  5.737500 -0.391267947969
2296  5.740000 -0.391289601490
2297  5.742500 -0.391322906498
2298  5.745000 -0.391367901503
2299  5.747500 -0.391424508922
2300  5.750000 -0.391492518895
2301  5.752500 -0.391571573440
2302  5.755000 -0.391661152201
2303  5.757500 -0.391760561322
2304  5.760000 -0.391868927276
2305  5.762500 -0.391985197554
2306  5.765000 -0.392108149936
2307  5.767500 -0.392236411463
2308  5.770000 -0.392368487298
2309  5.772500 -0.392502798434
2310  5.775000 -0.392637725884
2311  5.777500 -0.392771657987
2312  5.780000 -0.392903036922
2313  5.782500 -0.393030400595
2314  5.785000 -0.393152416902
2315  5.787500 -0.393267908511
2316  5.790000 -0.393375867635
2317  5.792500 -0.393475461377
2318  5.795000 -0.393566029102
2319  5.797500 -0.393647073654
2320  5.800000 -0.393718248386
2321  5.802500 -0.393779341706
2322  5.805000 -0.393830260621
2323  5.807500 -0.393871014343
2324  5.810000 -0.393901698710
2325  5.812500 -0.393922481891
2326  5.815000 -0.393933591587
2327  5.817500 -0.393935303827
2328  5.820000 -0.393927933328
2329  5.822500 -0.393911825287
2330  5.825000 -0.393887348510
2331  5.827500 -0.393854889704
2332  5.830000 -0.393814848781
2333  5.832500 -0.393767635048
2334  5.835000 -0.393713664142
2335  5.837500 -0.393653355593
2336  5.840000 -0.393587130913
2337  5.842500 -0.393515412134
2338  5.845000 -0.393438620704
2339  5.847500 -0.393357176694
2340  5.850000 -0.393271498243
2341  5.852500 -0.393182001218
2342  5.855000 -0.393089099037
2343  5.857500 -0.392993202612
2344  5.860000 -0.392894720418
2345  5.862500 -0.392794058629
2346  5.865000 -0.392691621322
2347  5.867500 -0.392587810726
2348  5.870000 -0.392483027497
2349  5.872500 -0.392377671019
2350  5.875000 -0.392272139704
2351  5.877500 -0.392166831279
2352  5.880000 -0.392062143062
2353  5.882500 -0.391958472211
2354  5.885000 -0.391856215920
2355  5.887500 -0.391755771576
2356  5.890000 -0.391657536845
2357  5.892500 -0.391561909675
2358  5.895000 -0.391469288212
2359  5.897500 -0.391380070596
2360  5.900000 -0.391294654627
2361  5.902500 -0.391213437280
2362  5.905000 -0.391136814024
2363  5.907500 -0.391065177926
2364  5.910000 -0.390998918526
2365  5.912500 -0.390938420390
2366  5.915000 -0.390884061344
2367  5.917500 -0.390836210308
2368  5.920000 -0.390795224680
2369  5.922500 -0.390761447205
2370  5.925000 -0.390735202266
2371  5.927500 -0.390716791514
2372  5.930000 -0.390706488779
2373  5.932500 -0.390704534212
2374  5.935000 -0.390711127582
2375  5.937500 -0.390726420761
2376  5.940000 -0.390750509381
2377  5.942500 -0.390783423794
2378  5.945000 -0.390825119479
2379  5.947500 -0.390875467228
2380  5.950000 -0.390934243488
2381  5.952500 -0.391001121453
2382  5.955000 -0.391075663654
2383  5.957500 -0.391157316829
2384  5.960000 -0.391245410051
2385  5.962500 -0.391339156983
2386  5.965000 -0.391437662994
2387  5.967500 -0.391539937618
2388  5.970000 -0.391644912311
2389  5.972500 -0.391751463013
2390  5.975000 -0.391858436410
2391  5.977500 -0.391964678303
2392  5.980000 -0.392069062277
2393  5.982500 -0.392170516735
2394  5.985000 -0.392268048620
2395  5.987500 -0.392360762590
2396  5.990000 -0.392447874911
2397  5.992500 -0.392528721929
2398  5.995000 -0.392602763446
2399  5.997500 -0.392669581667
2400  6.000000 -0.392728876604
2401  6.002500 -0.392780458868
2402  6.005000 -0.392824240720
2403  6.007500 -0.392860226170
2404  6.010000 -0.392888500723
2405  6.012500 -0.392909221261
2406  6.015000 -0.392922606377
2407  6.017500 -0.392928927373
2408  6.020000 -0.392928500016
2409  6.022500 -0.392921677122
2410  6.025000 -0.392908841920
2411  6.027500 -0.392890402199
2412  6.030000 -0.392866785113
2413  6.032500 -0.392838432620
2414  6.035000 -0.392805797440
2415  6.037500 -0.392769339472
2416  6.040000 -0.392729522577
2417  6.042500 -0.392686811657
2418  6.045000 -0.392641669973
2419  6.047500 -0.392594556627
2420  6.050000 -0.392545924147
2421  6.052500 -0.392496216134
2422  6.055000 -0.392445864924
2423  6.057500 -0.392395289227
2424  6.060000 -0.392344891681
2425  6.062500 -0.392295056335
2426  6.065000 -0.392246146010
2427  6.067500 -0.392198499523
2428  6.070000 -0.392152428794
2429  6.072500 -0.392108215817
2430  6.075000 -0.392066109526
2431  6.077500 -0.392026322607
2432  6.080000 -0.391989028295
2433  6.082500 -0.391954357241
2434  6.085000 -0.391922394550
2435  6.087500 -0.391893177123
2436  6.090000 -0.391866691424
2437  6.092500 -0.391842871873
2438  6.095000 -0.391821599997
2439  6.097500 -0.391802704548
2440  6.100000 -0.391785962735
2441  6.102500 -0.391771102706
2442  6.105000 -0.391757807371
2443  6.107500 -0.391745719594
2444  6.110000 -0.391734448708
2445  6.112500 -0.391723578207
2446  6.115000 -0.391712674429
2447  6.117500 -0.391701295923
2448  6.120000 -0.391689003168
2449  6.122500 -0.391675368275
2450  6.125000 -0.391659984309
2451  6.127500 -0.391642473887
2452  6.130000 -0.391622496782
2453  6.132500 -0.391599756318
2454  6.135000 -0.391574004444
2455  6.137500 -0.391545045421
2456  6.140000 -0.391512738203
2457  6.142500 -0.391476997558
2458  6.145000 -0.391437794096
2459  6.147500 -0.391395153377
2460  6.150000 -0.391349154271
2461  6.152500 -0.391299926728
2462  6.155000 -0.391247649169
2463  6.157500 -0.391192545604
2464  6.160000 -0.391134882626
2465  6.162500 -0.391074966362
2466  6.165000 -0.391013139493
2467  6.167500 -0.390949778352
2468  6.170000 -0.390885290204
2469  6.172500 -0.390820110646
2470  6.175000 -0.390754701220
2471  6.177500 -0.390689547167
2472  6.180000 -0.390625155337
2473  6.182500 -0.390562052223
2474  6.185000 -0.390500782085
2475  6.187500 -0.390441905098
2476  6.190000 -0.390385995515
2477  6.192500 -0.390333639727
2478  6.195000 -0.390285434161
2479  6.197500 -0.390241982933
2480  6.200000 -0.390203895117
2481  6.202500 -0.390171781501
2482  6.205000 -0.390146250652
2483  6.207500 -0.390127904104
2484  6.210000 -0.390117330390
2485  6.212500 -0.390115097692
2486  6.215000 -0.390121744716
2487  6.217500 -0.390137769461
2488  6.220000 -0.390163615507
2489  6.222500 -0.390199655390
2490  6.225000 -0.390246170804
2491  6.227500 -0.390303329436
2492  6.230000 -0.390371158586
2493  6.232500 -0.390449516184
2494  6.235000 -0.390538060531
2495  6.237500 -0.390636220986
2496  6.240000 -0.390743172948
2497  6.242500 -0.390857821466
2498  6.245000 -0.390978798390
2499  6.247500 -0.391104477751
2500  6.250000 -0.391233012467
2501  6.252500 -0.391362392505
2502  6.255000 -0.391490520801
2503  6.257500 -0.391615299444
2504  6.260000 -0.391734716267
2505  6.262500 -0.391846921828
2506  6.265000 -0.391950289064
2507  6.267500 -0.392043451515
2508  6.270000 -0.392125319995
2509  6.272500 -0.392195080655
2510  6.275000 -0.392252179040
2511  6.277500 -0.392296295160
2512  6.280000 -0.392327314013
2513  6.282500 -0.392345295001
2514  6.285000 -0.392350442602
2515  6.287500 -0.392343079671
2516  6.290000 -0.392323624060
2517  6.292500 -0.392292568707
2518  6.295000 -0.392250465064
2519  6.297500 -0.392197909517
2520  6.300000 -0.392135532478
2521  6.302500 -0.392063989690
2522  6.305000 -0.391983955441
2523  6.307500 -0.391896117297
2524  6.310000 -0.391801172131
2525  6.312500 -0.391699823153
2526  6.315000 -0.391592777788
2527  6.317500 -0.391480746216
2528  6.320000 -0.391364440458
2529  6.322500 -0.391244573882
2530  6.325000 -0.391121861080
2531  6.327500 -0.390997018016
2532  6.330000 -0.390870762417
2533  6.332500 -0.390743814347
2534  6.335000 -0.390616896948
2535  6.337500 -0.390490737309
2536  6.340000 -0.390366067451
2537  6.342500 -0.390243625411
2538  6.345000 -0.390124156397
2539  6.347500 -0.390008414020
2540  6.350000 -0.389897161561
2541  6.352500 -0.389791173283
2542  6.355000 -0.389691235739
2543  6.357500 -0.389598149059
2544  6.360000 -0.389512728161
2545  6.362500 -0.389435803838
2546  6.365000 -0.389368223613
2547  6.367500 -0.389310852263
2548  6.370000 -0.389264571829
2549  6.372500 -0.389230280879
2550  6.375000 -0.389208892700
2551  6.377500 -0.389201331961
2552  6.380000 -0.389208529207
2553  6.382500 -0.389231412337
2554  6.385000 -0.389270893898
2555  6.387500 -0.389327852614
2556  6.390000 -0.389403107121
2557  6.392500 -0.389497379344
2558  6.395000 -0.389611244500
2559  6.397500 -0.389745064531
2560  6.400000 -0.389898902471
2561  6.402500 -0.390072417438
2562  6.405000 -0.390264744821
2563  6.407500 -0.390474374785
2564  6.410000 -0.390699053802
2565  6.412500 -0.390935745470
2566  6.415000 -0.391180689976
2567  6.417500 -0.391429586659
2568  6.420000 -0.391677888252
2569  6.422500 -0.391921151870
2570  6.425000 -0.392155366421
2571  6.427500 -0.392377186778
2572  6.430000 -0.392584043921
2573  6.432500 -0.392774142328
2574  6.435000 -0.392946380451
2575  6.437500 -0.393100233645
2576  6.440000 -0.393235629902
2577  6.442500 -0.393352836251
2578  6.445000 -0.393452363663
2579  6.447500 -0.393534891775
2580  6.450000 -0.393601211629
2581  6.452500 -0.393652183285
2582  6.455000 -0.393688705138
2583  6.457500 -0.393711692121
2584  6.460000 -0.393722060493
2585  6.462500 -0.393720717442
2586  6.465000 -0.393708554142
2587  6.467500 -0.393686441279
2588  6.470000 -0.393655226328
2589  6.472500 -0.393615732005
2590  6.475000 -0.393568755582
2591  6.477500 -0.393515068704
2592  6.480000 -0.393455417580
2593  6.482500 -0.393390523363
2594  6.485000 -0.393321082612
2595  6.487500 -0.393247767780
2596  6.490000 -0.393171227659
2597  6.492500 -0.393092087746
2598  6.495000 -0.393010950496
2599  6.497500 -0.392928395427
2600  6.500000 -0.392844979081
2601  6.502500 -0.392761234810
2602  6.505000 -0.392677672373
2603  6.507500 -0.392594777358
2604  6.510000 -0.392513010375
2605  6.512500 -0.392432806083
2606  6.515000 -0.392354571992
2607  6.517500 -0.392278687076
2608  6.520000 -0.392205500199
2609  6.522500 -0.392135328379
2610  6.525000 -0.392068454903
2611  6.527500 -0.392005127343
2612  6.530000 -0.391945555515
2613  6.532500 -0.391889909451
2614  6.535000 -0.391838317452
2615  6.537500 -0.391790864328
2616  6.540000 -0.391747589915
2617  6.542500 -0.391708487999
2618  6.545000 -0.391673505774
2619  6.547500 -0.391642543950
2620  6.550000 -0.391615457631
2621  6.552500 -0.391592058085
2622  6.555000 -0.391572115445
2623  6.557500 -0.391555362408
2624  6.560000 -0.391541498902
2625  6.562500 -0.391530197653
2626  6.565000 -0.391521110535
2627  6.567500 -0.391513875521
2628  6.570000 -0.391508124005
2629  6.572500 -0.391503488267
2630  6.575000 -0.391499608789
2631  6.577500 -0.391496141199
2632  6.580000 -0.391492762580
2633  6.582500 -0.391489176988
2634  6.585000 -0.391485120022
2635  6.587500 -0.391480362379
2636  6.590000 -0.391474712355
2637  6.592500 -0.391468017330
2638  6.595000 -0.391460164301
2639  6.597500 -0.391451079553
2640  6.600000 -0.391440727588
2641  6.602500 -0.391429109418
2642  6.605000 -0.391416260388
2643  6.607500 -0.391402247576
2644  6.610000 -0.391387166939
2645  6.612500 -0.391371140264
2646  6.615000 -0.391354311995
2647  6.617500 -0.391336845990
2648  6.620000 -0.391318922290
2649  6.622500 -0.391300733869
2650  6.625000 -0.391282483456
2651  6.627500 -0.391264380366
2652  6.630000 -0.391246637410
2653  6.632500 -0.391229467841
2654  6.635000 -0.391213082359
2655  6.637500 -0.391197686146
2656  6.640000 -0.391183475952
2657  6.642500 -0.391170637226
2658  6.645000 -0.391159341282
2659  6.647500 -0.391149742516
2660  6.650000 -0.391141975699
2661  6.652500 -0.391136153364
2662  6.655000 -0.391132363301
2663  6.657500 -0.391130666233
2664  6.660000 -0.391131093700
2665  6.662500 -0.391133646219
2666  6.665000 -0.391138291807
2667  6.667500 -0.391144964901
2668  6.670000 -0.391153565791
2669  6.672500 -0.391163960611
2670  6.675000 -0.391175981968
2671  6.677500 -0.391189430258
2672  6.680000 -0.391204075695
2673  6.682500 -0.391219661061
2674  6.685000 -0.391235905157
2675  6.687500 -0.391252506868
2676  6.690000 -0.391269149796
2677  6.692500 -0.391285507293
2678  6.695000 -0.391301247764
2679  6.697500 -0.391316040076
2680  6.700000 -0.391329558897
2681  6.702500 -0.391341489797
2682  6.705000 -0.391351533973
2683  6.707500 -0.391359412447
2684  6.710000 -0.391364869655
2685  6.712500 -0.391367676376
2686  6.715000 -0.391367631953
2687  6.717500 -0.391364565812
2688  6.720000 -0.391358338318
2689  6.722500 -0.391348841025
2690  6.725000 -0.391335996380
2691  6.727500 -0.391319756966
2692  6.730000 -0.391300104359
2693  6.732500 -0.391277047695
2694  6.735000 -0.391250622011
2695  6.737500 -0.391220886448
2696  6.740000 -0.391187922352
2697  6.742500 -0.391151831350
2698  6.745000 -0.391112733450
2699  6.747500 -0.391070765159
2700  6.750000 -0.391026077706
2701  6.752500 -0.390978835330
2702  6.755000 -0.390929213704
2703  6.757500 -0.390877398458
2704  6.760000 -0.390823583830
2705  6.762500 -0.390767971451
2706  6.765000 -0.390710769234
2707  6.767500 -0.390652190408
2708  6.770000 -0.390592452648
2709  6.772500 -0.390531777326
2710  6.775000 -0.390470388869
2711  6.777500 -0.390408514218
2712  6.780000 -0.390346382363
2713  6.782500 -0.390284223987
2714  6.785000 -0.390222271167
2715  6.787500 -0.390160757156
2716  6.790000 -0.390099916221
2717  6.792500 -0.390039983540
2718  6.795000 -0.389981195141
2719  6.797500 -0.389923787875
2720  6.800000 -0.389867999427
2721  6.802500 -0.389814068324
2722  6.805000 -0.389762233973
2723  6.807500 -0.389712736673
2724  6.810000 -0.389665817621
2725  6.812500 -0.389621718876
2726  6.815000 -0.389580683277
2727  6.817500 -0.389542954293
2728  6.820000 -0.389508775786
2729  6.822500 -0.389478391656
2730  6.825000 -0.389452045361
2731  6.827500 -0.389429979253
2732  6.830000 -0.389412433732
2733  6.832500 -0.389399646150
2734  6.835000 -0.389391849435
2735  6.837500 -0.389389270394
2736  6.840000 -0.389392127631
2737  6.842500 -0.389400629033
2738  6.845000 -0.389414968760
2739  6.847500 -0.389435323683
2740  6.850000 -0.389461849199
2741  6.852500 -0.389494674390
2742  6.855000 -0.389533896470
2743  6.857500 -0.389579574517
2744  6.860000 -0.389631722501
2745  6.862500 -0.389690301685
2746  6.865000 -0.389755212545
2747  6.867500 -0.389826286444
2748  6.870000 -0.389903277386
2749  6.872500 -0.389985854352
2750  6.875000 -0.390073594781
2751  6.877500 -0.390165979916
2752  6.880000 -0.390262392789
2753  6.882500 -0.390362119595
2754  6.885000 -0.390464355128
2755  6.887500 -0.390568212683
2756  6.890000 -0.390672738504
2757  6.892500 -0.390776930380
2758  6.895000 -0.390879759557
2759  6.897500 -0.390980194680
2760  6.900000 -0.391077226252
2761  6.902500 -0.391169889977
2762  6.905000 -0.391257287530
2763  6.907500 -0.391338603646
2764  6.910000 -0.391413118806
2765  6.912500 -0.391480217347
2766  6.915000 -0.391539391173
2767  6.917500 -0.391590239615
2768  6.920000 -0.391632466132
2769  6.922500 -0.391665872667
2770  6.925000 -0.391690352398
2771  6.927500 -0.391705881570
2772  6.930000 -0.391712510946
2773  6.932500 -0.391710357331
2774  6.935000 -0.391699595444
2775  6.937500 -0.391680450351
2776  6.940000 -0.391653190576
2777  6.942500 -0.391618121935
2778  6.945000 -0.391575582090
2779  6.947500 -0.391525935821
2780  6.950000 -0.391469570942
2781  6.952500 -0.391406894819
2782  6.955000 -0.391338331433
2783  6.957500 -0.391264318915
2784  6.960000 -0.391185307510
2785  6.962500 -0.391101757898
2786  6.965000 -0.391014139840
2787  6.967500 -0.390922931093
2788  6.970000 -0.390828616563
2789  6.972500 -0.390731687652
2790  6.975000 -0.390632641781
2791  6.977500 -0.390531982049
2792  6.980000 -0.390430217013
2793  6.982500 -0.390327860565
2794  6.985000 -0.390225431879
2795  6.987500 -0.390123455424
2796  6.990000 -0.390022461003
2797  6.992500 -0.389922983818
2798  6.995000 -0.389825564528
2799  6.997500 -0.389730749280
2800  7.000000 -0.389639089683
2801  7.002500 -0.389551142697
2802  7.005000 -0.389467470397
2803  7.007500 -0.389388639552
2804  7.010000 -0.389315220982
2805  7.012500 -0.389247788598
2806  7.015000 -0.389186918030
2807  7.017500 -0.389133184750
2808  7.020000 -0.389087161514
2809  7.022500 -0.389049414969
2810  7.025000 -0.389020501174
2811  7.027500 -0.389000959795
2812  7.030000 -0.388991306628
2813  7.032500 -0.388992024089
2814  7.035000 -0.389003549239
2815  7.037500 -0.389026258909
2816  7.040000 -0.389060451497
2817  7.042500 -0.389106325126
2818  7.045000 -0.389163952060
2819  7.047500 -0.389233249749
2820  7.050000 -0.389313949493
2821  7.052500 -0.389405564727
2822  7.055000 -0.389507362156
2823  7.057500 -0.389618340200
2824  7.060000 -0.389737220295
2825  7.062500 -0.389862456609
2826  7.065000 -0.389992268518
2827  7.067500 -0.390124697007
2828  7.070000 -0.390257681779
2829  7.072500 -0.390389151166
2830  7.075000 -0.390517113764
2831  7.077500 -0.390639740231
2832  7.080000 -0.390755426155
2833  7.082500 -0.390862831322
2834  7.085000 -0.390960895405
2835  7.087500 -0.391048833627
2836  7.090000 -0.391126117845
2837  7.092500 -0.391192448764
2838  7.095000 -0.391247724134
2839  7.097500 -0.391292006571
2840  7.100000 -0.391325493341
2841  7.102500 -0.391348489374
2842  7.105000 -0.391361384026
2843  7.107500 -0.391364631600
2844  7.110000 -0.391358735323
2845  7.112500 -0.391344234405
2846  7.115000 -0.391321693686
2847  7.117500 -0.391291695455
2848  7.120000 -0.391254833034
2849  7.122500 -0.391211705774
2850  7.125000 -0.391162915177
2851  7.127500 -0.391109061892
2852  7.130000 -0.391050743403
2853  7.132500 -0.390988552212
2854  7.135000 -0.390923074415
2855  7.137500 -0.390854888543
2856  7.140000 -0.390784564583
2857  7.142500 -0.390712663100
2858  7.145000 -0.390639734397
2859  7.147500 -0.390566317651
2860  7.150000 -0.390492939976
2861  7.152500 -0.390420115378
2862  7.155000 -0.390348343527
2863  7.157500 -0.390278108332
2864  7.160000 -0.390209876259
2865  7.162500 -0.390144094366
2866  7.165000 -0.390081187997
2867  7.167500 -0.390021558112
2868  7.170000 -0.389965578217
2869  7.172500 -0.389913590875
2870  7.175000 -0.389865903780
2871  7.177500 -0.389822785409
2872  7.180000 -0.389784460290
2873  7.182500 -0.389751103944
2874  7.185000 -0.389722837623
2875  7.187500 -0.389699723007
2876  7.190000 -0.389681757084
2877  7.192500 -0.389668867505
2878  7.195000 -0.389660908773
2879  7.197500 -0.389657659662
2880  7.200000 -0.389658822304
2881  7.202500 -0.389664023379
2882  7.205000 -0.389672817749
2883  7.207500 -0.389684694804
2884  7.210000 -0.389699087589
2885  7.212500 -0.389715384563
2886  7.215000 -0.389732943617
2887  7.217500 -0.389751107705
2888  7.220000 -0.389769221338
2889  7.222500 -0.389786647005
2890  7.225000 -0.389802780675
2891  7.227500 -0.389817065560
2892  7.230000 -0.389829003577
2893  7.232500 -0.389838164119
2894  7.235000 -0.389844190017
2895  7.237500 -0.389846800792
2896  7.240000 -0.389845793457
2897  7.242500 -0.389841041239
2898  7.245000 -0.389832490669
2899  7.247500 -0.389820157455
2900  7.250000 -0.389804121554
2901  7.252500 -0.389784521785
2902  7.255000 -0.389761550282
2903  7.257500 -0.389735446987
2904  7.260000 -0.389706494347
2905  7.262500 -0.389675012336
2906  7.265000 -0.389641353819
2907  7.267500 -0.389605900337
2908  7.270000 -0.389569058263
2909  7.272500 -0.389531255325
2910  7.275000 -0.389492937467
2911  7.277500 -0.389454565973
2912  7.280000 -0.389416614837
2913  7.282500 -0.389379568273
2914  7.285000 -0.389343918332
2915  7.287500 -0.389310162532
2916  7.290000 -0.389278801424
2917  7.292500 -0.389250336011
2918  7.295000 -0.389225264922
2919  7.297500 -0.389204081214
2920  7.300000 -0.389187268709
2921  7.302500 -0.389175297708
2922  7.305000 -0.389168619945
2923  7.307500 -0.389167662602
2924  7.310000 -0.389172821256
2925  7.312500 -0.389184451540
2926  7.315000 -0.389202859411
2927  7.317500 -0.389228289915
2928  7.320000 -0.389260914408
2929  7.322500 -0.389300816370
2930  7.325000 -0.389347976120
2931  7.327500 -0.389402254995
2932  7.330000 -0.389463379958
2933  7.332500 -0.389530929918
2934  7.335000 -0.389604325499
2935  7.337500 -0.389682824221
2936  7.340000 -0.389765523141
2937  7.342500 -0.389851370642
2938  7.345000 -0.389939188322
2939  7.347500 -0.390027702719
2940  7.350000 -0.390115585109
2941  7.352500 -0.390201496345
2942  7.355000 -0.390284132673
2943  7.357500 -0.390362268348
2944  7.360000 -0.390434791405
2945  7.362500 -0.390500730216
2946  7.365000 -0.390559269850
2947  7.367500 -0.390609758669
2948  7.370000 -0.390651706581
2949  7.372500 -0.390684776865
2950  7.375000 -0.390708773674
2951  7.377500 -0.390723627058
2952  7.380000 -0.390729377051
2953  7.382500 -0.390726157935
2954  7.385000 -0.390714183428
2955  7.387500 -0.390693733241
2956  7.390000 -0.390665141194
2957  7.392500 -0.390628784932
2958  7.395000 -0.390585077174
2959  7.397500 -0.390534458377
2960  7.400000 -0.390477390651
2961  7.402500 -0.390414352758
2962  7.405000 -0.390345836058
2963  7.407500 -0.390272341238
2964  7.410000 -0.390194375696
2965  7.412500 -0.390112451484
2966  7.415000 -0.390027083692
2967  7.417500 -0.389938789201
2968  7.420000 -0.389848085738
2969  7.422500 -0.389755491154
2970  7.425000 -0.389661522906
2971  7.427500 -0.389566697663
2972  7.430000 -0.389471531033
2973  7.432500 -0.389376537350
2974  7.435000 -0.389282229509
2975  7.437500 -0.389189118815
2976  7.440000 -0.389097714809
2977  7.442500 -0.389008525065
2978  7.445000 -0.388922054905
2979  7.447500 -0.388838807016
2980  7.450000 -0.388759280921
2981  7.452500 -0.388683972285
2982  7.455000 -0.388613371973
2983  7.457500 -0.388547964854
2984  7.460000 -0.388488228228
2985  7.462500 -0.388434629854
2986  7.465000 -0.388387625453
2987  7.467500 -0.388347655612
2988  7.470000 -0.388315141944
2989  7.472500 -0.388290482407
2990  7.475000 -0.388274045619
2991  7.477500 -0.388266164042
2992  7.480000 -0.388267125894
2993  7.482500 -0.388277165682
2994  7.485000 -0.388296453322
2995  7.487500 -0.388325081853
2996  7.490000 -0.388363053967
2997  7.492500 -0.388410267720
2998  7.495000 -0.388466502086
2999  7.497500 -0.388531403361
