x[5] y[5]
1.000000 1.000000
1.000000 1.000000
1.000000 1.000000
1.000000 1.000000
1.000000 1.000000
1.000000 1.000000
0.999999 0.999999
0.999999 0.999999
0.999998 0.999998
0.999997 0.999997
0.999996 0.999996
0.999994 0.999994
0.999991 0.999991
0.999988 0.999988
0.999984 0.999984
0.999979 0.999979
0.999973 0.999973
0.999965 0.999965
0.999956 0.999956
0.999945 0.999945
0.999933 0.999933
0.999919 0.999919
0.999902 0.999902
0.999883 0.999883
0.999861 0.999861
0.999836 0.999836
0.999808 0.999808
0.999777 0.999777
0.999742 0.999742
0.999704 0.999704
0.999661 0.999661
0.999613 0.999613
0.999561 0.999561
0.999503 0.999503
0.999440 0.999440
0.999371 0.999371
0.999296 0.999296
0.999215 0.999215
0.999127 0.999127
0.999031 0.999031
0.998928 0.998928
0.998817 0.998817
0.998698 0.998698
0.998569 0.998569
0.998432 0.998432
0.998285 0.998285
0.998128 0.998128
0.997960 0.997960
0.997781 0.997781
0.997591 0.997591
0.997390 0.997390
0.997175 0.997175
0.996948 0.996948
0.996708 0.996708
0.996454 0.996454
0.996185 0.996185
0.995902 0.995902
0.995603 0.995603
0.995289 0.995289
0.994958 0.994958
0.994610 0.994610
0.994245 0.994245
0.993861 0.993861
0.993459 0.993459
0.993038 0.993038
0.992597 0.992597
0.992136 0.992136
0.991653 0.991653
0.991150 0.991150
0.990624 0.990624
0.990075 0.990075
0.989503 0.989503
0.988908 0.988908
0.988287 0.988287
0.987642 0.987642
0.986971 0.986971
0.986273 0.986273
0.985548 0.985548
0.984796 0.984796
0.984015 0.984015
0.983205 0.983205
0.982366 0.982366
0.981496 0.981496
0.980596 0.980596
0.979664 0.979664
0.978699 0.978699
0.977702 0.977702
0.976671 0.976671
0.975606 0.975606
0.974506 0.974506
0.973370 0.973370
0.972199 0.972199
0.970990 0.970990
0.969743 0.969743
0.968459 0.968459
0.967135 0.967135
0.965772 0.965772
0.964369 0.964369
0.962924 0.962924
0.961438 0.961438
0.959910 0.959910
0.958339 0.958339
0.956724 0.956724
0.955065 0.955065
0.953360 0.953360
0.951611 0.951611
0.949815 0.949815
0.947972 0.947972
0.946081 0.946081
0.944142 0.944142
0.942155 0.942155
0.940117 0.940117
0.938030 0.938030
0.935892 0.935892
0.933702 0.933702
0.931460 0.931460
0.929166 0.929166
0.926818 0.926818
0.924417 0.924417
0.921960 0.921960
0.919449 0.919449
0.916882 0.916882
0.914259 0.914259
0.911579 0.911579
0.908841 0.908841
0.906045 0.906045
0.903191 0.903191
0.900277 0.900277
0.897304 0.897304
0.894271 0.894271
0.891177 0.891177
0.888022 0.888022
0.884805 0.884805
0.881525 0.881525
0.878183 0.878183
0.874778 0.874778
0.871309 0.871309
0.867776 0.867776
0.864178 0.864178
0.860515 0.860515
0.856787 0.856787
0.852992 0.852992
0.849132 0.849132
0.845205 0.845205
0.841210 0.841210
0.837149 0.837149
0.833019 0.833019
0.828822 0.828822
0.824556 0.824556
0.820221 0.820221
0.815817 0.815817
0.811344 0.811344
0.806801 0.806801
0.802188 0.802188
0.797506 0.797506
0.792752 0.792752
0.787929 0.787929
0.783034 0.783034
0.778069 0.778069
0.773032 0.773032
0.767925 0.767925
0.762746 0.762746
0.757495 0.757495
0.752173 0.752173
0.746779 0.746779
0.741313 0.741313
0.735776 0.735776
0.730167 0.730167
0.724486 0.724486
0.718733 0.718733
0.712909 0.712909
0.707012 0.707012
0.701044 0.701044
0.695005 0.695005
0.688894 0.688894
0.682711 0.682711
0.676458 0.676458
0.670133 0.670133
0.663738 0.663738
0.657271 0.657271
0.650735 0.650735
0.644128 0.644128
0.637451 0.637451
0.630705 0.630705
0.623889 0.623889
0.617004 0.617004
0.610051 0.610051
0.603029 0.603029
0.595939 0.595939
0.588782 0.588782
0.581558 0.581558
0.574267 0.574267
0.566910 0.566910
0.559488 0.559488
0.552000 0.552000
0.544448 0.544448
0.536832 0.536832
0.529152 0.529152
0.521410 0.521410
0.513605 0.513605
0.505739 0.505739
0.497813 0.497813
0.489826 0.489826
0.481779 0.481779
0.473675 0.473675
0.465512 0.465512
0.457292 0.457292
0.449016 0.449016
0.440685 0.440685
0.432299 0.432299
0.423860 0.423860
0.415368 0.415368
0.406824 0.406824
0.398229 0.398229
0.389584 0.389584
0.380891 0.380891
0.372150 0.372150
0.363362 0.363362
0.354528 0.354528
0.345649 0.345649
0.336727 0.336727
0.327763 0.327763
0.318758 0.318758
0.309712 0.309712
0.300628 0.300628
0.291506 0.291506
0.282347 0.282347
0.273154 0.273154
0.263927 0.263927
0.254667 0.254667
0.245376 0.245376
0.236055 0.236055
0.226706 0.226706
0.217329 0.217329
0.207927 0.207927
0.198501 0.198501
0.189052 0.189052
0.179581 0.179581
0.170091 0.170091
0.160582 0.160582
0.151056 0.151056
0.141515 0.141515
0.131961 0.131961
0.122394 0.122394
0.112816 0.112816
0.103230 0.103230
0.093636 0.093636
0.084037 0.084037
0.074433 0.074433
0.064827 0.064827
0.055220 0.055220
0.045615 0.045615
0.036012 0.036012
0.026413 0.026413
0.016821 0.016821
0.007236 0.007236
-0.002339 -0.002339
-0.011902 -0.011902
-0.021453 -0.021453
-0.030988 -0.030988
-0.040506 -0.040506
-0.050006 -0.050006
-0.059485 -0.059485
-0.068942 -0.068942
-0.078375 -0.078375
-0.087782 -0.087782
-0.097160 -0.097160
-0.106509 -0.106509
-0.115827 -0.115827
-0.125111 -0.125111
-0.134359 -0.134359
-0.143570 -0.143570
-0.152742 -0.152742
-0.161873 -0.161873
-0.170961 -0.170961
-0.180004 -0.180004
-0.189000 -0.189000
-0.197947 -0.197947
-0.206844 -0.206844
-0.215687 -0.215687
-0.224477 -0.224477
-0.233210 -0.233210
-0.241884 -0.241884
-0.250499 -0.250499
-0.259051 -0.259051
-0.267539 -0.267539
-0.275961 -0.275961
-0.284315 -0.284315
-0.292599 -0.292599
-0.300811 -0.300811
-0.308950 -0.308950
-0.317013 -0.317013
-0.324999 -0.324999
-0.332905 -0.332905
-0.340730 -0.340730
-0.348472 -0.348472
-0.356130 -0.356130
-0.363700 -0.363700
-0.371182 -0.371182
-0.378574 -0.378574
-0.385873 -0.385873
-0.393078 -0.393078
-0.400188 -0.400188
-0.407200 -0.407200
-0.414112 -0.414112
-0.420923 -0.420923
-0.427632 -0.427632
-0.434236 -0.434236
-0.440733 -0.440733
-0.447123 -0.447123
-0.453403 -0.453403
-0.459571 -0.459571
-0.465626 -0.465626
-0.471567 -0.471567
-0.477392 -0.477392
-0.483099 -0.483099
-0.488686 -0.488686
-0.494152 -0.494152
-0.499496 -0.499496
-0.504716 -0.504716
-0.509810 -0.509810
-0.514778 -0.514778
-0.519616 -0.519616
-0.524325 -0.524325
-0.528903 -0.528903
-0.533348 -0.533348
-0.537659 -0.537659
-0.541835 -0.541835
-0.545874 -0.545874
-0.549775 -0.549775
-0.553537 -0.553537
-0.557159 -0.557159
-0.560638 -0.560638
-0.563975 -0.563975
-0.567168 -0.567168
-0.570216 -0.570216
-0.573118 -0.573118
-0.575872 -0.575872
-0.578478 -0.578478
-0.580935 -0.580935
-0.583241 -0.583241
-0.585396 -0.585396
-0.587398 -0.587398
-0.589248 -0.589248
-0.590943 -0.590943
-0.592484 -0.592484
-0.593869 -0.593869
-0.595098 -0.595098
-0.596169 -0.596169
-0.597082 -0.597082
-0.597837 -0.597837
-0.598433 -0.598433
-0.598868 -0.598868
-0.599143 -0.599143
-0.599257 -0.599257
-0.599210 -0.599210
-0.599000 -0.599000
-0.598628 -0.598628
-0.598092 -0.598092
-0.597394 -0.597394
-0.596531 -0.596531
-0.595505 -0.595505
-0.594314 -0.594314
-0.592958 -0.592958
-0.591437 -0.591437
-0.589751 -0.589751
-0.587900 -0.587900
-0.585883 -0.585883
-0.583701 -0.583701
-0.581353 -0.581353
-0.578839 -0.578839
-0.576160 -0.576160
-0.573314 -0.573314
-0.570303 -0.570303
-0.567127 -0.567127
-0.563784 -0.563784
-0.560277 -0.560277
-0.556604 -0.556604
-0.552766 -0.552766
-0.548764 -0.548764
-0.544597 -0.544597
-0.540265 -0.540265
-0.535770 -0.535770
-0.531112 -0.531112
-0.526290 -0.526290
-0.521305 -0.521305
-0.516158 -0.516158
-0.510850 -0.510850
-0.505380 -0.505380
-0.499749 -0.499749
-0.493959 -0.493959
-0.488008 -0.488008
-0.481899 -0.481899
-0.475631 -0.475631
-0.469206 -0.469206
-0.462624 -0.462624
-0.455885 -0.455885
-0.448991 -0.448991
-0.441943 -0.441943
-0.434740 -0.434740
-0.427385 -0.427385
-0.419877 -0.419877
-0.412219 -0.412219
-0.404410 -0.404410
-0.396451 -0.396451
-0.388344 -0.388344
-0.380090 -0.380090
-0.371689 -0.371689
-0.363143 -0.363143
-0.354452 -0.354452
-0.345618 -0.345618
-0.336642 -0.336642
-0.327525 -0.327525
-0.318269 -0.318269
-0.308873 -0.308873
-0.299340 -0.299340
-0.289670 -0.289670
-0.279865 -0.279865
-0.269927 -0.269927
-0.259855 -0.259855
-0.249653 -0.249653
-0.239320 -0.239320
-0.228858 -0.228858
-0.218269 -0.218269
-0.207554 -0.207554
-0.196714 -0.196714
-0.185751 -0.185751
-0.174666 -0.174666
-0.163460 -0.163460
-0.152135 -0.152135
-0.140692 -0.140692
-0.129133 -0.129133
-0.117460 -0.117460
-0.105672 -0.105672
-0.093773 -0.093773
-0.081763 -0.081763
-0.069645 -0.069645
-0.057419 -0.057419
-0.045086 -0.045086
-0.032650 -0.032650
-0.020111 -0.020111
-0.007470 -0.007470
0.005271 0.005271
0.018109 0.018109
0.031045 0.031045
0.044076 0.044076
0.057200 0.057200
0.070416 0.070416
0.083723 0.083723
0.097119 0.097119
0.110602 0.110602
0.124170 0.124170
0.137823 0.137823
0.151558 0.151558
0.165375 0.165375
0.179271 0.179271
0.193244 0.193244
0.207294 0.207294
0.221419 0.221419
0.235616 0.235616
0.249885 0.249885
0.264225 0.264225
0.278632 0.278632
0.293106 0.293106
0.307646 0.307646
0.322249 0.322249
0.336915 0.336915
0.351641 0.351641
0.366426 0.366426
0.381269 0.381269
0.396168 0.396168
0.411121 0.411121
0.426128 0.426128
0.441186 0.441186
0.456294 0.456294
0.471450 0.471450
0.486654 0.486654
0.501904 0.501904
0.517198 0.517198
0.532534 0.532534
0.547912 0.547912
0.563330 0.563330
0.578787 0.578787
0.594281 0.594281
0.609811 0.609811
0.625375 0.625375
0.640973 0.640973
0.656603 0.656603
0.672263 0.672263
0.687952 0.687952
0.703670 0.703670
0.719414 0.719414
0.735184 0.735184
0.750979 0.750979
0.766796 0.766796
0.782636 0.782636
0.798496 0.798496
0.814376 0.814376
0.830274 0.830274
0.846190 0.846190
0.862122 0.862122
0.878069 0.878069
0.894031 0.894031
0.910006 0.910006
0.925993 0.925993
0.941991 0.941991
0.957999 0.957999
0.974016 0.974016
0.990042 0.990042
1.006075 1.006075
1.022114 1.022114
1.038159 1.038159
1.054209 1.054209
1.070263 1.070263
1.086319 1.086319
1.102378 1.102378
1.118438 1.118438
1.134499 1.134499
1.150560 1.150560
1.166620 1.166620
1.182679 1.182679
1.198736 1.198736
1.214789 1.214789
1.230840 1.230840
1.246886 1.246886
1.262927 1.262927
1.278963 1.278963
1.294993 1.294993
1.311017 1.311017
1.327034 1.327034
1.343043 1.343043
1.359045 1.359045
1.375037 1.375037
1.391021 1.391021
1.406996 1.406996
1.422960 1.422960
1.438915 1.438915
1.454859 1.454859
1.470791 1.470791
1.486713 1.486713
1.502622 1.502622
1.518520 1.518520
1.534405 1.534405
1.550277 1.550277
1.566136 1.566136
1.581982 1.581982
1.597814 1.597814
1.613633 1.613633
1.629437 1.629437
1.645227 1.645227
1.661003 1.661003
1.676764 1.676764
1.692510 1.692510
1.708241 1.708241
1.723956 1.723956
1.739656 1.739656
1.755341 1.755341
1.771010 1.771010
1.786663 1.786663
1.802300 1.802300
1.817921 1.817921
1.833526 1.833526
1.849115 1.849115
1.864687 1.864687
1.880243 1.880243
1.895783 1.895783
1.911306 1.911306
1.926813 1.926813
1.942303 1.942303
1.957776 1.957776
1.973233 1.973233
1.988674 1.988674
2.004098 2.004098
2.019505 2.019505
2.034896 2.034896
2.050270 2.050270
2.065627 2.065627
2.080969 2.080969
2.096293 2.096293
2.111602 2.111602
2.126894 2.126894
2.142169 2.142169
2.157429 2.157429
2.172672 2.172672
2.187900 2.187900
2.203111 2.203111
2.218307 2.218307
2.233486 2.233486
2.248650 2.248650
2.263799 2.263799
2.278932 2.278932
2.294049 2.294049
2.309151 2.309151
2.324238 2.324238
2.339311 2.339311
2.354368 2.354368
2.369410 2.369410
2.384438 2.384438
2.399452 2.399452
2.414451 2.414451
2.429436 2.429436
2.444407 2.444407
2.459364 2.459364
2.474307 2.474307
2.489237 2.489237
2.504154 2.504154
2.519058 2.519058
2.533948 2.533948
2.548826 2.548826
2.563691 2.563691
2.578543 2.578543
2.593384 2.593384
2.608212 2.608212
2.623029 2.623029
2.637834 2.637834
2.652627 2.652627
2.667409 2.667409
2.682181 2.682181
2.696941 2.696941
2.711691 2.711691
2.726430 2.726430
2.741160 2.741160
2.755879 2.755879
2.770589 2.770589
2.785289 2.785289
2.799980 2.799980
2.814663 2.814663
2.829336 2.829336
2.844001 2.844001
2.858657 2.858657
2.873306 2.873306
2.887947 2.887947
2.902580 2.902580
2.917206 2.917206
2.931825 2.931825
2.946437 2.946437
2.961043 2.961043
2.975643 2.975643
2.990236 2.990236
3.004824 3.004824
3.019406 3.019406
3.033983 3.033983
3.048555 3.048555
3.063123 3.063123
3.077685 3.077685
3.092244 3.092244
3.106799 3.106799
3.121350 3.121350
3.135898 3.135898
3.150443 3.150443
3.164984 3.164984
3.179523 3.179523
3.194060 3.194060
3.208595 3.208595
3.223128 3.223128
3.237659 3.237659
3.252188 3.252188
3.266717 3.266717
3.281244 3.281244
3.295771 3.295771
3.310298 3.310298
3.324824 3.324824
3.339350 3.339350
3.353876 3.353876
3.368402 3.368402
3.382930 3.382930
3.397457 3.397457
3.411986 3.411986
3.426515 3.426515
3.441046 3.441046
3.455578 3.455578
3.470112 3.470112
3.484647 3.484647
3.499183 3.499183
3.513721 3.513721
3.528261 3.528261
3.542803 3.542803
3.557346 3.557346
3.571891 3.571891
3.586438 3.586438
3.600987 3.600987
3.615537 3.615537
3.630089 3.630089
3.644642 3.644642
3.659196 3.659196
3.673751 3.673751
3.688307 3.688307
3.702864 3.702864
3.717421 3.717421
3.731978 3.731978
3.746535 3.746535
3.761091 3.761091
3.775645 3.775645
3.790198 3.790198
3.804749 3.804749
3.819297 3.819297
3.833842 3.833842
3.848383 3.848383
3.862920 3.862920
3.877451 3.877451
3.891976 3.891976
3.906494 3.906494
3.921004 3.921004
3.935505 3.935505
3.949997 3.949997
3.964478 3.964478
3.978947 3.978947
3.993403 3.993403
4.007844 4.007844
4.022271 4.022271
4.036680 4.036680
4.051072 4.051072
4.065443 4.065443
4.079794 4.079794
4.094123 4.094123
4.108427 4.108427
4.122706 4.122706
4.136957 4.136957
4.151179 4.151179
4.165370 4.165370
4.179528 4.179528
4.193652 4.193652
4.207739 4.207739
4.221788 4.221788
4.235796 4.235796
4.249761 4.249761
4.263681 4.263681
4.277554 4.277554
4.291379 4.291379
4.305151 4.305151
4.318870 4.318870
4.332533 4.332533
4.346137 4.346137
4.359681 4.359681
4.373161 4.373161
4.386575 4.386575
4.399921 4.399921
4.413196 4.413196
4.426398 4.426398
4.439523 4.439523
4.452570 4.452570
4.465536 4.465536
4.478418 4.478418
4.491213 4.491213
4.503919 4.503919
4.516533 4.516533
4.529052 4.529052
4.541474 4.541474
4.553796 4.553796
4.566014 4.566014
4.578127 4.578127
4.590131 4.590131
4.602024 4.602024
4.613803 4.613803
4.625465 4.625465
4.637007 4.637007
4.648427 4.648427
4.659721 4.659721
4.670887 4.670887
4.681923 4.681923
4.692824 4.692824
4.703590 4.703590
4.714216 4.714216
4.724700 4.724700
4.735039 4.735039
4.745231 4.745231
4.755273 4.755273
4.765162 4.765162
4.774895 4.774895
4.784470 4.784470
4.793884 4.793884
4.803134 4.803134
4.812218 4.812218
4.821133 4.821133
4.829877 4.829877
4.838446 4.838446
4.846839 4.846839
4.855052 4.855052
4.863084 4.863084
4.870932 4.870932
4.878593 4.878593
4.886065 4.886065
4.893345 4.893345
4.900431 4.900431
4.907321 4.907321
4.914012 4.914012
4.920502 4.920502
4.926789 4.926789
4.932870 4.932870
4.938744 4.938744
4.944407 4.944407
4.949858 4.949858
4.955095 4.955095
4.960116 4.960116
4.964918 4.964918
4.969500 4.969500
4.973859 4.973859
4.977993 4.977993
4.981901 4.981901
4.985581 4.985581
4.989030 4.989030
4.992247 4.992247
4.995231 4.995231
4.997979 4.997979
5.000489 5.000489
5.002760 5.002760
5.004791 5.004791
5.006579 5.006579
5.008123 5.008123
5.009422 5.009422
5.010474 5.010474
5.011278 5.011278
5.011831 5.011831
5.012134 5.012134
5.012184 5.012184
5.011980 5.011980
5.011521 5.011521
5.010805 5.010805
5.009833 5.009833
5.008601 5.008601
5.007110 5.007110
5.005359 5.005359
5.003345 5.003345
5.001069 5.001069
4.998530 4.998530
4.995726 4.995726
4.992657 4.992657
4.989322 4.989322
4.985720 4.985720
4.981851 4.981851
4.977713 4.977713
4.973308 4.973308
4.968633 4.968633
4.963688 4.963688
4.958474 4.958474
4.952989 4.952989
4.947233 4.947233
4.941207 4.941207
4.934909 4.934909
4.928339 4.928339
4.921498 4.921498
4.914385 4.914385
4.907000 4.907000
4.899344 4.899344
4.891416 4.891416
4.883216 4.883216
4.874744 4.874744
4.866001 4.866001
4.856988 4.856988
4.847703 4.847703
4.838148 4.838148
4.828323 4.828323
4.818228 4.818228
4.807865 4.807865
4.797232 4.797232
4.786332 4.786332
4.775164 4.775164
4.763730 4.763730
4.752029 4.752029
4.740064 4.740064
4.727834 4.727834
4.715341 4.715341
4.702585 4.702585
4.689568 4.689568
4.676290 4.676290
4.662752 4.662752
4.648956 4.648956
4.634903 4.634903
4.620594 4.620594
4.606030 4.606030
4.591213 4.591213
4.576143 4.576143
4.560822 4.560822
4.545252 4.545252
4.529434 4.529434
4.513370 4.513370
4.497060 4.497060
4.480507 4.480507
4.463713 4.463713
4.446678 4.446678
4.429404 4.429404
4.411894 4.411894
4.394149 4.394149
4.376170 4.376170
4.357961 4.357961
4.339521 4.339521
4.320854 4.320854
4.301961 4.301961
4.282844 4.282844
4.263506 4.263506
4.243947 4.243947
4.224171 4.224171
4.204178 4.204178
4.183973 4.183973
4.163555 4.163555
4.142928 4.142928
4.122094 4.122094
4.101054 4.101054
4.079812 4.079812
4.058368 4.058368
4.036726 4.036726
4.014888 4.014888
3.992855 3.992855
3.970631 3.970631
3.948217 3.948217
3.925616 3.925616
3.902830 3.902830
3.879861 3.879861
3.856712 3.856712
3.833385 3.833385
3.809882 3.809882
3.786205 3.786205
3.762358 3.762358
3.738342 3.738342
3.714160 3.714160
3.689813 3.689813
3.665305 3.665305
3.640637 3.640637
3.615813 3.615813
3.590834 3.590834
3.565702 3.565702
3.540420 3.540420
3.514991 3.514991
3.489416 3.489416
3.463698 3.463698
3.437839 3.437839
3.411842 3.411842
3.385708 3.385708
3.359440 3.359440
3.333041 3.333041
3.306512 3.306512
3.279855 3.279855
3.253073 3.253073
3.226168 3.226168
3.199143 3.199143
3.171998 3.171998
3.144737 3.144737
3.117362 3.117362
3.089874 3.089874
3.062276 3.062276
3.034570 3.034570
3.006757 3.006757
2.978841 2.978841
2.950822 2.950822
2.922703 2.922703
2.894486 2.894486
2.866172 2.866172
2.837764 2.837764
2.809264 2.809264
2.780674 2.780674
2.751995 2.751995
2.723229 2.723229
2.694378 2.694378
2.665444 2.665444
2.636428 2.636428
2.607334 2.607334
2.578161 2.578161
2.548913 2.548913
2.519590 2.519590
2.490196 2.490196
2.460730 2.460730
2.431195 2.431195
2.401593 2.401593
2.371925 2.371925
2.342194 2.342194
2.312400 2.312400
2.282545 2.282545
2.252631 2.252631
2.222660 2.222660
2.192633 2.192633
2.162552 2.162552
2.132419 2.132419
2.102234 2.102234
2.072000 2.072000
2.041718 2.041718
2.011389 2.011389
1.981016 1.981016
1.950600 1.950600
1.920142 1.920142
1.889644 1.889644
1.859107 1.859107
1.828533 1.828533
1.797924 1.797924
1.767280 1.767280
1.736604 1.736604
1.705897 1.705897
1.675160 1.675160
1.644395 1.644395
1.613603 1.613603
1.582786 1.582786
1.551945 1.551945
1.521082 1.521082
1.490199 1.490199
1.459295 1.459295
1.428374 1.428374
1.397437 1.397437
1.366484 1.366484
1.335518 1.335518
1.304539 1.304539
1.273550 1.273550
1.242552 1.242552
