#n  real_time  lyapunov_exponential
0  0.000000 -inf
1  0.002500 -0.003055499284
2  0.005000 -0.004225505093
3  0.007500 -0.006029678796
4  0.010000 -0.008290312820
5  0.012500 -0.010952025803
6  0.015000 -0.014055778764
7  0.017500 -0.017573519933
8  0.020000 -0.021501047254
9  0.022500 -0.025839385560
10  0.025000 -0.030597302893
11  0.027500 -0.035762235570
12  0.030000 -0.041348056105
13  0.032500 -0.047348953616
14  0.035000 -0.053772907716
15  0.037500 -0.060624031498
16  0.040000 -0.067899687012
17  0.042500 -0.075609618807
18  0.045000 -0.083754995532
19  0.047500 -0.092332341316
20  0.050000 -0.101346564837
21  0.052500 -0.110794366550
22  0.055000 -0.120674359482
23  0.057500 -0.130991888691
24  0.060000 -0.141746097190
25  0.062500 -0.152931053870
26  0.065000 -0.164540988311
27  0.067500 -0.176570181266
28  0.070000 -0.189003817206
29  0.072500 -0.201828041025
30  0.075000 -0.215029206175
31  0.077500 -0.228575856420
32  0.080000 -0.242435489998
33  0.082500 -0.256574452410
34  0.085000 -0.270943297961
35  0.087500 -0.285488042660
36  0.090000 -0.300140857148
37  0.092500 -0.314832447857
38  0.095000 -0.329468579150
39  0.097500 -0.343959855337
40  0.100000 -0.358210868484
41  0.102500 -0.372119342057
42  0.105000 -0.385575779031
43  0.107500 -0.398495165799
44  0.110000 -0.410780877150
45  0.112500 -0.422370860504
46  0.115000 -0.433201285987
47  0.117500 -0.443232278166
48  0.120000 -0.452448545747
49  0.122500 -0.460845845731
50  0.125000 -0.468422519611
51  0.127500 -0.475190652344
52  0.130000 -0.481183905707
53  0.132500 -0.486440557492
54  0.135000 -0.490982053726
55  0.137500 -0.494861068466
56  0.140000 -0.498123547615
57  0.142500 -0.500813911595
58  0.145000 -0.502971544595
59  0.147500 -0.504637749118
60  0.150000 -0.505856046775
61  0.152500 -0.506672120204
62  0.155000 -0.507113921994
63  0.157500 -0.507220686867
64  0.160000 -0.507025538870
65  0.162500 -0.506563894478
66  0.165000 -0.505872746470
67  0.167500 -0.504974555045
68  0.170000 -0.503898618779
69  0.172500 -0.502668139818
70  0.175000 -0.501298723358
71  0.177500 -0.499819672690
72  0.180000 -0.498250379137
73  0.182500 -0.496611407044
74  0.185000 -0.494914492869
75  0.187500 -0.493178990657
76  0.190000 -0.491423321805
77  0.192500 -0.489661090262
78  0.195000 -0.487899993919
79  0.197500 -0.486160908209
80  0.200000 -0.484448485302
81  0.202500 -0.482774008644
82  0.205000 -0.481143066387
83  0.207500 -0.479566834125
84  0.210000 -0.478051583204
85  0.212500 -0.476608149312
86  0.215000 -0.475239606102
87  0.217500 -0.473950365612
88  0.220000 -0.472744879099
89  0.222500 -0.471626878966
90  0.225000 -0.470599561608
91  0.227500 -0.469666937815
92  0.230000 -0.468828353765
93  0.232500 -0.468085018602
94  0.235000 -0.467435356636
95  0.237500 -0.466885433471
96  0.240000 -0.466430342422
97  0.242500 -0.466065989297
98  0.245000 -0.465793398947
99  0.247500 -0.465610880493
100  0.250000 -0.465512750736
101  0.252500 -0.465497845377
102  0.255000 -0.465557987418
103  0.257500 -0.465691316236
104  0.260000 -0.465893874802
105  0.262500 -0.466159057858
106  0.265000 -0.466485039630
107  0.267500 -0.466859206122
108  0.270000 -0.467275056966
109  0.272500 -0.467729042051
110  0.275000 -0.468214974484
111  0.277500 -0.468726283936
112  0.280000 -0.469255166555
113  0.282500 -0.469798385338
114  0.285000 -0.470348020121
115  0.287500 -0.470895095792
116  0.290000 -0.471435173463
117  0.292500 -0.471963125594
118  0.295000 -0.472477145337
119  0.297500 -0.472968860641
120  0.300000 -0.473435903755
121  0.302500 -0.473872817146
122  0.305000 -0.474276107623
123  0.307500 -0.474642753283
124  0.310000 -0.474972251402
125  0.312500 -0.475262150452
126  0.315000 -0.475511385448
127  0.317500 -0.475718240246
128  0.320000 -0.475885884307
129  0.322500 -0.476011702356
130  0.325000 -0.476098665311
131  0.327500 -0.476147363967
132  0.330000 -0.476162906448
133  0.332500 -0.476145549198
134  0.335000 -0.476098934449
135  0.337500 -0.476024738640
136  0.340000 -0.475927045980
137  0.342500 -0.475806050147
138  0.345000 -0.475669376979
139  0.347500 -0.475515905919
140  0.350000 -0.475349466406
141  0.352500 -0.475175738465
142  0.355000 -0.474998768241
143  0.357500 -0.474822206603
144  0.360000 -0.474648090422
145  0.362500 -0.474480719289
146  0.365000 -0.474323685132
147  0.367500 -0.474179654963
148  0.370000 -0.474054688067
149  0.372500 -0.473951950045
150  0.375000 -0.473875953790
151  0.377500 -0.473830939009
152  0.380000 -0.473821376045
153  0.382500 -0.473849150837
154  0.385000 -0.473919097026
155  0.387500 -0.474030859267
156  0.390000 -0.474188476765
157  0.392500 -0.474394835243
158  0.395000 -0.474652121832
159  0.397500 -0.474963156442
160  0.400000 -0.475327592704
161  0.402500 -0.475748463555
162  0.405000 -0.476226832523
163  0.407500 -0.476763223471
164  0.410000 -0.477359142303
165  0.412500 -0.478011995792
166  0.415000 -0.478724231948
167  0.417500 -0.479492195510
168  0.420000 -0.480317661099
169  0.422500 -0.481192344372
170  0.425000 -0.482117022461
171  0.427500 -0.483087023459
172  0.430000 -0.484099738306
173  0.432500 -0.485148750179
174  0.435000 -0.486230992319
175  0.437500 -0.487339606868
176  0.440000 -0.488467690910
177  0.442500 -0.489611133746
178  0.445000 -0.490758698491
179  0.447500 -0.491904627440
180  0.450000 -0.493044813584
181  0.452500 -0.494169961010
182  0.455000 -0.495273069954
183  0.457500 -0.496343656149
184  0.460000 -0.497371605373
185  0.462500 -0.498356609901
186  0.465000 -0.499289358250
187  0.467500 -0.500158472603
188  0.470000 -0.500962251946
189  0.472500 -0.501699872852
190  0.475000 -0.502365077710
191  0.477500 -0.502954617515
192  0.480000 -0.503463169700
193  0.482500 -0.503891838902
194  0.485000 -0.504241689087
195  0.487500 -0.504511472764
196  0.490000 -0.504704665269
197  0.492500 -0.504819071655
198  0.495000 -0.504858763396
199  0.497500 -0.504821586061
200  0.500000 -0.504710916320
201  0.502500 -0.504528451540
202  0.505000 -0.504279079143
203  0.507500 -0.503965425330
204  0.510000 -0.503591081199
205  0.512500 -0.503158676887
206  0.515000 -0.502672250697
207  0.517500 -0.502134307931
208  0.520000 -0.501550828090
209  0.522500 -0.500927079665
210  0.525000 -0.500267632799
211  0.527500 -0.499575908129
212  0.530000 -0.498856041800
213  0.532500 -0.498111443134
214  0.535000 -0.497346646281
215  0.537500 -0.496563657655
216  0.540000 -0.495766823785
217  0.542500 -0.494961820487
218  0.545000 -0.494152813125
219  0.547500 -0.493342438080
220  0.550000 -0.492535467566
221  0.552500 -0.491735903618
222  0.555000 -0.490947042681
223  0.557500 -0.490172387973
224  0.560000 -0.489415712942
225  0.562500 -0.488678647435
226  0.565000 -0.487965954062
227  0.567500 -0.487280591949
228  0.570000 -0.486628470109
229  0.572500 -0.486010202337
230  0.575000 -0.485428356990
231  0.577500 -0.484884781612
232  0.580000 -0.484384936916
233  0.582500 -0.483930725198
234  0.585000 -0.483526448953
235  0.587500 -0.483173281112
236  0.590000 -0.482868910294
237  0.592500 -0.482618833860
238  0.595000 -0.482425577781
239  0.597500 -0.482289174314
240  0.600000 -0.482209301455
241  0.602500 -0.482186617064
242  0.605000 -0.482221145300
243  0.607500 -0.482315587838
244  0.610000 -0.482467833056
245  0.612500 -0.482679486723
246  0.615000 -0.482944916307
247  0.617500 -0.483266454003
248  0.620000 -0.483640853904
249  0.622500 -0.484062272083
250  0.625000 -0.484528752813
251  0.627500 -0.485033891063
252  0.630000 -0.485575204210
253  0.632500 -0.486149375015
254  0.635000 -0.486749746400
255  0.637500 -0.487371126634
256  0.640000 -0.488010301472
257  0.642500 -0.488661213287
258  0.645000 -0.489317839676
259  0.647500 -0.489972157808
260  0.650000 -0.490621208332
261  0.652500 -0.491261275722
262  0.655000 -0.491886920609
263  0.657500 -0.492492811041
264  0.660000 -0.493074872140
265  0.662500 -0.493628425269
266  0.665000 -0.494151735021
267  0.667500 -0.494643354712
268  0.670000 -0.495101228612
269  0.672500 -0.495522429145
270  0.675000 -0.495905713647
271  0.677500 -0.496252103231
272  0.680000 -0.496561345928
273  0.682500 -0.496831999989
274  0.685000 -0.497063779029
275  0.687500 -0.497260583261
276  0.690000 -0.497420761323
277  0.692500 -0.497547773393
278  0.695000 -0.497642516596
279  0.697500 -0.497708160888
280  0.700000 -0.497742693648
281  0.702500 -0.497748794259
282  0.705000 -0.497734088637
283  0.707500 -0.497702258789
284  0.710000 -0.497654237358
285  0.712500 -0.497591032055
286  0.715000 -0.497515523269
287  0.717500 -0.497430377507
288  0.720000 -0.497341902172
289  0.722500 -0.497251086958
290  0.725000 -0.497163507008
291  0.727500 -0.497079011917
292  0.730000 -0.497002094663
293  0.732500 -0.496936612136
294  0.735000 -0.496885043969
295  0.737500 -0.496849840753
296  0.740000 -0.496835140691
297  0.742500 -0.496844123120
298  0.745000 -0.496881699668
299  0.747500 -0.496948646957
300  0.750000 -0.497049035120
301  0.752500 -0.497187199711
302  0.755000 -0.497365577768
303  0.757500 -0.497587027324
304  0.760000 -0.497854670609
305  0.762500 -0.498170588948
306  0.765000 -0.498537690348
307  0.767500 -0.498957561955
308  0.770000 -0.499434263559
309  0.772500 -0.499968002867
310  0.775000 -0.500562007863
311  0.777500 -0.501217931204
312  0.780000 -0.501937031670
313  0.782500 -0.502721658662
314  0.785000 -0.503572302857
315  0.787500 -0.504492200352
316  0.790000 -0.505479027608
317  0.792500 -0.506531746131
318  0.795000 -0.507648736627
319  0.797500 -0.508828858634
320  0.800000 -0.510071808477
321  0.802500 -0.511373403299
322  0.805000 -0.512730581855
323  0.807500 -0.514136318535
324  0.810000 -0.515584250653
325  0.812500 -0.517068725250
326  0.815000 -0.518579045122
327  0.817500 -0.520110023121
328  0.820000 -0.521652916817
329  0.822500 -0.523197664832
330  0.825000 -0.524735619573
331  0.827500 -0.526256077475
332  0.830000 -0.527752370417
333  0.832500 -0.529216783996
334  0.835000 -0.530639642522
335  0.837500 -0.532015837201
336  0.840000 -0.533339326705
337  0.842500 -0.534605598701
338  0.845000 -0.535810373672
339  0.847500 -0.536948296220
340  0.850000 -0.538017272967
341  0.852500 -0.539015706118
342  0.855000 -0.539943739853
343  0.857500 -0.540803398092
344  0.860000 -0.541594581903
345  0.862500 -0.542317941390
346  0.865000 -0.542975359543
347  0.867500 -0.543570001900
348  0.870000 -0.544102243724
349  0.872500 -0.544574985612
350  0.875000 -0.544991993376
351  0.877500 -0.545354765589
352  0.880000 -0.545666164622
353  0.882500 -0.545929398001
354  0.885000 -0.546147757482
355  0.887500 -0.546324436226
356  0.890000 -0.546461425895
357  0.892500 -0.546563837435
358  0.895000 -0.546633794273
359  0.897500 -0.546673016363
360  0.900000 -0.546683979356
361  0.902500 -0.546670225060
362  0.905000 -0.546635601010
363  0.907500 -0.546582851719
364  0.910000 -0.546516162057
365  0.912500 -0.546437951965
366  0.915000 -0.546349065187
367  0.917500 -0.546255065197
368  0.920000 -0.546157667595
369  0.922500 -0.546060777867
370  0.925000 -0.545965613364
371  0.927500 -0.545875861647
372  0.930000 -0.545793380803
373  0.932500 -0.545719678468
374  0.935000 -0.545660328744
375  0.937500 -0.545615927262
376  0.940000 -0.545588664495
377  0.942500 -0.545581760208
378  0.945000 -0.545597710495
379  0.947500 -0.545639456888
380  0.950000 -0.545711720313
381  0.952500 -0.545814419299
382  0.955000 -0.545949898558
383  0.957500 -0.546120929516
384  0.960000 -0.546328831803
385  0.962500 -0.546576368466
386  0.965000 -0.546865108996
387  0.967500 -0.547197854652
388  0.970000 -0.547576336297
389  0.972500 -0.548002344442
390  0.975000 -0.548479177166
391  0.977500 -0.549006793794
392  0.980000 -0.549588075650
393  0.982500 -0.550223742396
394  0.985000 -0.550914920147
395  0.987500 -0.551663006487
396  0.990000 -0.552468105095
397  0.992500 -0.553330470183
398  0.995000 -0.554249778818
399  0.997500 -0.555224854798
400  1.000000 -0.556254193891
401  1.002500 -0.557336921447
402  1.005000 -0.558469675660
403  1.007500 -0.559650816976
404  1.010000 -0.560877937918
405  1.012500 -0.562144376369
406  1.015000 -0.563446804251
407  1.017500 -0.564778715068
408  1.020000 -0.566131351276
409  1.022500 -0.567495991833
410  1.025000 -0.568865629696
411  1.027500 -0.570233000331
412  1.030000 -0.571589042012
413  1.032500 -0.572929348596
414  1.035000 -0.574244190950
415  1.037500 -0.575527010332
416  1.040000 -0.576773810655
417  1.042500 -0.577979011283
418  1.045000 -0.579138123064
419  1.047500 -0.580248711097
420  1.050000 -0.581306776517
421  1.052500 -0.582311338410
422  1.055000 -0.583261083876
423  1.057500 -0.584153724446
424  1.060000 -0.584991953289
425  1.062500 -0.585774185052
426  1.065000 -0.586501379953
427  1.067500 -0.587177516807
428  1.070000 -0.587802431416
429  1.072500 -0.588377920933
430  1.075000 -0.588906016087
431  1.077500 -0.589389772194
432  1.080000 -0.589831641490
433  1.082500 -0.590233625647
434  1.085000 -0.590598941226
435  1.087500 -0.590929390247
436  1.090000 -0.591228885147
437  1.092500 -0.591498096989
438  1.095000 -0.591740252905
439  1.097500 -0.591959933964
440  1.100000 -0.592157700510
441  1.102500 -0.592335874233
442  1.105000 -0.592496966719
443  1.107500 -0.592645304854
444  1.110000 -0.592781837206
445  1.112500 -0.592909837826
446  1.115000 -0.593032574498
447  1.117500 -0.593152544380
448  1.120000 -0.593271105829
449  1.122500 -0.593392403629
450  1.125000 -0.593516959617
451  1.127500 -0.593648361101
452  1.130000 -0.593789741217
453  1.132500 -0.593942920617
454  1.135000 -0.594108510930
455  1.137500 -0.594290741154
456  1.140000 -0.594492029868
457  1.142500 -0.594714360024
458  1.145000 -0.594958807418
459  1.147500 -0.595228253049
460  1.150000 -0.595525071340
461  1.152500 -0.595849679972
462  1.155000 -0.596206568152
463  1.157500 -0.596594556362
464  1.160000 -0.597017712130
465  1.162500 -0.597477094087
466  1.165000 -0.597973937862
467  1.167500 -0.598511807403
468  1.170000 -0.599089370485
469  1.172500 -0.599708635532
470  1.175000 -0.600371672743
471  1.177500 -0.601079182928
472  1.180000 -0.601831130000
473  1.182500 -0.602627582768
474  1.185000 -0.603466727964
475  1.187500 -0.604347344263
476  1.190000 -0.605266501762
477  1.192500 -0.606224577062
478  1.195000 -0.607217513800
479  1.197500 -0.608242853718
480  1.200000 -0.609295495103
481  1.202500 -0.610373889760
482  1.205000 -0.611470899005
483  1.207500 -0.612582036995
484  1.210000 -0.613700657706
485  1.212500 -0.614822327835
486  1.215000 -0.615941292124
487  1.217500 -0.617051578242
488  1.220000 -0.618145579340
489  1.222500 -0.619219948452
490  1.225000 -0.620270802386
491  1.227500 -0.621292200351
492  1.230000 -0.622280968080
493  1.232500 -0.623234576637
494  1.235000 -0.624150833445
495  1.237500 -0.625026715680
496  1.240000 -0.625861590207
497  1.242500 -0.626655893898
498  1.245000 -0.627407645962
499  1.247500 -0.628118387891
500  1.250000 -0.628787036776
501  1.252500 -0.629416076477
502  1.255000 -0.630005584524
503  1.257500 -0.630555202322
504  1.260000 -0.631067863876
505  1.262500 -0.631545021428
506  1.265000 -0.631988920189
507  1.267500 -0.632401086662
508  1.270000 -0.632782831418
509  1.272500 -0.633137216696
510  1.275000 -0.633465868771
511  1.277500 -0.633770054575
512  1.280000 -0.634052087854
513  1.282500 -0.634314105987
514  1.285000 -0.634558928993
515  1.287500 -0.634788544868
516  1.290000 -0.635005760191
517  1.292500 -0.635211817053
518  1.295000 -0.635408984537
519  1.297500 -0.635598725923
520  1.300000 -0.635783399001
521  1.302500 -0.635965058295
522  1.305000 -0.636145801911
523  1.307500 -0.636327777606
524  1.310000 -0.636512119846
525  1.312500 -0.636699801981
526  1.315000 -0.636893281593
527  1.317500 -0.637095014616
528  1.320000 -0.637307293490
529  1.322500 -0.637531502370
530  1.325000 -0.637768740251
531  1.327500 -0.638020995144
532  1.330000 -0.638289816244
533  1.332500 -0.638576417839
534  1.335000 -0.638883678513
535  1.337500 -0.639211886898
536  1.340000 -0.639563704187
537  1.342500 -0.639939388687
538  1.345000 -0.640338700619
539  1.347500 -0.640763943941
540  1.350000 -0.641215791660
541  1.352500 -0.641694876187
542  1.355000 -0.642200902077
543  1.357500 -0.642735439169
544  1.360000 -0.643300200870
545  1.362500 -0.643895704703
546  1.365000 -0.644522491373
547  1.367500 -0.645179954538
548  1.370000 -0.645868822687
549  1.372500 -0.646587693258
550  1.375000 -0.647336726904
551  1.377500 -0.648113830206
552  1.380000 -0.648918748044
553  1.382500 -0.649749606448
554  1.385000 -0.650606073759
555  1.387500 -0.651484728520
556  1.390000 -0.652385614509
557  1.392500 -0.653307682968
558  1.395000 -0.654249065187
559  1.397500 -0.655206789188
560  1.400000 -0.656178142700
561  1.402500 -0.657158860375
562  1.405000 -0.658148202154
563  1.407500 -0.659143979198
564  1.410000 -0.660143973868
565  1.412500 -0.661143972059
566  1.415000 -0.662140953028
567  1.417500 -0.663135216919
568  1.420000 -0.664122139618
569  1.422500 -0.665099764364
570  1.425000 -0.666068925187
571  1.427500 -0.667028188678
572  1.430000 -0.667975865296
573  1.432500 -0.668910423095
574  1.435000 -0.669831066959
575  1.437500 -0.670737655015
576  1.440000 -0.671630569685
577  1.442500 -0.672508662961
578  1.445000 -0.673373114820
579  1.447500 -0.674223692865
580  1.450000 -0.675059497117
581  1.452500 -0.675881877078
582  1.455000 -0.676690916399
583  1.457500 -0.677487823260
584  1.460000 -0.678273093705
585  1.462500 -0.679047013964
586  1.465000 -0.679811157473
587  1.467500 -0.680564778024
588  1.470000 -0.681309645079
589  1.472500 -0.682046095111
590  1.475000 -0.682775561162
591  1.477500 -0.683498910384
592  1.480000 -0.684216789978
593  1.482500 -0.684929640145
594  1.485000 -0.685638334065
595  1.487500 -0.686343556954
596  1.490000 -0.687046382484
597  1.492500 -0.687747501498
598  1.495000 -0.688447263062
599  1.497500 -0.689147335996
600  1.500000 -0.689846620091
601  1.502500 -0.690546568679
602  1.505000 -0.691246324047
603  1.507500 -0.691946950293
604  1.510000 -0.692646876096
605  1.512500 -0.693347867130
606  1.515000 -0.694049331485
607  1.517500 -0.694750674920
608  1.520000 -0.695453426834
609  1.522500 -0.696157314750
610  1.525000 -0.696861665753
611  1.527500 -0.697567747905
612  1.530000 -0.698273745175
613  1.532500 -0.698980340266
614  1.535000 -0.699686309162
615  1.537500 -0.700391459755
616  1.540000 -0.701094595659
617  1.542500 -0.701795952599
618  1.545000 -0.702494444052
619  1.547500 -0.703187239224
620  1.550000 -0.703874332018
621  1.552500 -0.704555451861
622  1.555000 -0.705230211157
623  1.557500 -0.705898395549
624  1.560000 -0.706557434738
625  1.562500 -0.707208618238
626  1.565000 -0.707849016870
627  1.567500 -0.708480113192
628  1.570000 -0.709099836453
629  1.572500 -0.709707393888
630  1.575000 -0.710305337729
631  1.577500 -0.710891766603
632  1.580000 -0.711466387392
633  1.582500 -0.712027562031
634  1.585000 -0.712577103468
635  1.587500 -0.713114094101
636  1.590000 -0.713639096902
637  1.592500 -0.714150703056
638  1.595000 -0.714650812962
639  1.597500 -0.715139250369
640  1.600000 -0.715616740119
641  1.602500 -0.716082813581
642  1.605000 -0.716538064472
643  1.607500 -0.716982436210
644  1.610000 -0.717417625350
645  1.612500 -0.717844264526
646  1.615000 -0.718261524198
647  1.617500 -0.718671385854
648  1.620000 -0.719073393104
649  1.622500 -0.719469320613
650  1.625000 -0.719859289641
651  1.627500 -0.720244356802
652  1.630000 -0.720626017158
653  1.632500 -0.721005376279
654  1.635000 -0.721383787574
655  1.637500 -0.721762418682
656  1.640000 -0.722141344378
657  1.642500 -0.722522116543
658  1.645000 -0.722906196346
659  1.647500 -0.723293939146
660  1.650000 -0.723686477865
661  1.652500 -0.724086221668
662  1.655000 -0.724494391627
663  1.657500 -0.724912230082
664  1.660000 -0.725340783759
665  1.662500 -0.725781276927
666  1.665000 -0.726236131793
667  1.667500 -0.726706791393
668  1.670000 -0.727194378434
669  1.672500 -0.727700397852
670  1.675000 -0.728224830813
671  1.677500 -0.728771038901
672  1.680000 -0.729339197615
673  1.682500 -0.729932422900
674  1.685000 -0.730550959248
675  1.687500 -0.731195645711
676  1.690000 -0.731868099529
677  1.692500 -0.732570650965
678  1.695000 -0.733306643256
679  1.697500 -0.734074185232
680  1.700000 -0.734875613958
681  1.702500 -0.735711978102
682  1.705000 -0.736584656456
683  1.707500 -0.737494404271
684  1.710000 -0.738443632766
685  1.712500 -0.739432372147
686  1.715000 -0.740460252552
687  1.717500 -0.741527553643
688  1.720000 -0.742633480177
689  1.722500 -0.743775480151
690  1.725000 -0.744951285087
691  1.727500 -0.746158697396
692  1.730000 -0.747395181535
693  1.732500 -0.748655975579
694  1.735000 -0.749935026401
695  1.737500 -0.751229587025
696  1.740000 -0.752533204953
697  1.742500 -0.753838297698
698  1.745000 -0.755137859854
699  1.747500 -0.756424188610
700  1.750000 -0.757690019367
701  1.752500 -0.758930013576
702  1.755000 -0.760137570576
703  1.757500 -0.761309472071
704  1.760000 -0.762441164372
705  1.762500 -0.763529679859
706  1.765000 -0.764572790235
707  1.767500 -0.765568544765
708  1.770000 -0.766514985514
709  1.772500 -0.767412567125
710  1.775000 -0.768260447478
711  1.777500 -0.769060559314
712  1.780000 -0.769813741139
713  1.782500 -0.770519879941
714  1.785000 -0.771180399629
715  1.787500 -0.771797228831
716  1.790000 -0.772371972370
717  1.792500 -0.772905273933
718  1.795000 -0.773399448715
719  1.797500 -0.773856776593
720  1.800000 -0.774277979960
721  1.802500 -0.774665845280
722  1.805000 -0.775023255116
723  1.807500 -0.775349944456
724  1.810000 -0.775648546578
725  1.812500 -0.775921548630
726  1.815000 -0.776169473592
727  1.817500 -0.776394005958
728  1.820000 -0.776597639420
729  1.822500 -0.776782121048
730  1.825000 -0.776949690520
731  1.827500 -0.777101496633
732  1.830000 -0.777239244152
733  1.832500 -0.777364708054
734  1.835000 -0.777479992743
735  1.837500 -0.777585976061
736  1.840000 -0.777684570872
737  1.842500 -0.777776666755
738  1.845000 -0.777863786816
739  1.847500 -0.777948199083
740  1.850000 -0.778031371284
741  1.852500 -0.778114777132
742  1.855000 -0.778200153570
743  1.857500 -0.778288730555
744  1.860000 -0.778382429912
745  1.862500 -0.778481703940
746  1.865000 -0.778587946556
747  1.867500 -0.778702584430
748  1.870000 -0.778827733712
749  1.872500 -0.778965075243
750  1.875000 -0.779116065649
751  1.877500 -0.779282136540
752  1.880000 -0.779465355592
753  1.882500 -0.779667573727
754  1.885000 -0.779889787238
755  1.887500 -0.780133247642
756  1.890000 -0.780398498180
757  1.892500 -0.780687157159
758  1.895000 -0.781001562138
759  1.897500 -0.781342941532
760  1.900000 -0.781712598541
761  1.902500 -0.782111832162
762  1.905000 -0.782543144767
763  1.907500 -0.783006161438
764  1.910000 -0.783503011440
765  1.912500 -0.784035832894
766  1.915000 -0.784606431007
767  1.917500 -0.785213713692
768  1.920000 -0.785860382530
769  1.922500 -0.786546432303
770  1.925000 -0.787271284329
771  1.927500 -0.788036012287
772  1.930000 -0.788841459041
773  1.932500 -0.789686342525
774  1.935000 -0.790569438532
775  1.937500 -0.791490497033
776  1.940000 -0.792446083902
777  1.942500 -0.793432598434
778  1.945000 -0.794449578540
779  1.947500 -0.795494287214
780  1.950000 -0.796560128194
781  1.952500 -0.797642245720
782  1.955000 -0.798739052536
783  1.957500 -0.799842012566
784  1.960000 -0.800945551974
785  1.962500 -0.802046922753
786  1.965000 -0.803137531316
787  1.967500 -0.804213785218
788  1.970000 -0.805273632603
789  1.972500 -0.806312095086
790  1.975000 -0.807325167229
791  1.977500 -0.808312234046
792  1.980000 -0.809270697338
793  1.982500 -0.810199871818
794  1.985000 -0.811097941583
795  1.987500 -0.811966734637
796  1.990000 -0.812805906818
797  1.992500 -0.813614885767
798  1.995000 -0.814393776308
799  1.997500 -0.815144240760
800  2.000000 -0.815865342122
801  2.002500 -0.816560482732
802  2.005000 -0.817231010877
803  2.007500 -0.817876668157
804  2.010000 -0.818499098172
805  2.012500 -0.819101017979
806  2.015000 -0.819685345329
807  2.017500 -0.820253343619
808  2.020000 -0.820805684588
809  2.022500 -0.821344367807
810  2.025000 -0.821870242806
811  2.027500 -0.822384750864
812  2.030000 -0.822888691482
813  2.032500 -0.823385289377
814  2.035000 -0.823874628194
815  2.037500 -0.824358157829
816  2.040000 -0.824837781650
817  2.042500 -0.825314579100
818  2.045000 -0.825790801383
819  2.047500 -0.826266433640
820  2.050000 -0.826742194599
821  2.052500 -0.827220614423
822  2.055000 -0.827702846723
823  2.057500 -0.828190891417
824  2.060000 -0.828684734877
825  2.062500 -0.829184540775
826  2.065000 -0.829692060995
827  2.067500 -0.830208260158
828  2.070000 -0.830734069054
829  2.072500 -0.831271341439
830  2.075000 -0.831819893907
831  2.077500 -0.832381447007
832  2.080000 -0.832956023776
833  2.082500 -0.833544302455
834  2.085000 -0.834147871622
835  2.087500 -0.834765510485
836  2.090000 -0.835399657974
837  2.092500 -0.836050578785
838  2.095000 -0.836717535022
839  2.097500 -0.837401050222
840  2.100000 -0.838101565364
841  2.102500 -0.838817014568
842  2.105000 -0.839548447059
843  2.107500 -0.840294029726
844  2.110000 -0.841054179148
845  2.112500 -0.841826230099
846  2.115000 -0.842608722018
847  2.117500 -0.843403323847
848  2.120000 -0.844206103402
849  2.122500 -0.845015812917
850  2.125000 -0.845831222209
851  2.127500 -0.846651202362
852  2.130000 -0.847472173586
853  2.132500 -0.848294589674
854  2.135000 -0.849116273239
855  2.137500 -0.849934873844
856  2.140000 -0.850746703768
857  2.142500 -0.851551512462
858  2.145000 -0.852346480098
859  2.147500 -0.853130111331
860  2.150000 -0.853900975194
861  2.152500 -0.854658733992
862  2.155000 -0.855401362988
863  2.157500 -0.856128367411
864  2.160000 -0.856838839082
865  2.162500 -0.857531972614
866  2.165000 -0.858206817935
867  2.167500 -0.858862568887
868  2.170000 -0.859501663397
869  2.172500 -0.860122165717
870  2.175000 -0.860725403581
871  2.177500 -0.861311407281
872  2.180000 -0.861878876706
873  2.182500 -0.862429629111
874  2.185000 -0.862963541722
875  2.187500 -0.863483574763
876  2.190000 -0.863987514944
877  2.192500 -0.864476431367
878  2.195000 -0.864951533894
879  2.197500 -0.865412477920
880  2.200000 -0.865860964150
881  2.202500 -0.866297953705
882  2.205000 -0.866723828289
883  2.207500 -0.867138795454
884  2.210000 -0.867542825379
885  2.212500 -0.867938307352
886  2.215000 -0.868325988850
887  2.217500 -0.868706233425
888  2.220000 -0.869079835133
889  2.222500 -0.869448534802
890  2.225000 -0.869813902069
891  2.227500 -0.870176467874
892  2.230000 -0.870536984912
893  2.232500 -0.870895636826
894  2.235000 -0.871253763298
895  2.237500 -0.871612517421
896  2.240000 -0.871972656851
897  2.242500 -0.872333934550
898  2.245000 -0.872697364467
899  2.247500 -0.873065254252
900  2.250000 -0.873436826738
901  2.252500 -0.873814947696
902  2.255000 -0.874198684160
903  2.257500 -0.874589129594
904  2.260000 -0.874987231487
905  2.262500 -0.875393552696
906  2.265000 -0.875807764673
907  2.267500 -0.876231685597
908  2.270000 -0.876665878714
909  2.272500 -0.877110947219
910  2.275000 -0.877566874791
911  2.277500 -0.878034152348
912  2.280000 -0.878513573360
913  2.282500 -0.879006572558
914  2.285000 -0.879511320345
915  2.287500 -0.880029424051
916  2.290000 -0.880560415151
917  2.292500 -0.881106341946
918  2.295000 -0.881665246423
919  2.297500 -0.882236229586
920  2.300000 -0.882820857016
921  2.302500 -0.883419071470
922  2.305000 -0.884031039683
923  2.307500 -0.884655514291
924  2.310000 -0.885291908714
925  2.312500 -0.885939246357
926  2.315000 -0.886597015030
927  2.317500 -0.887263760935
928  2.320000 -0.887939779127
929  2.322500 -0.888624565734
930  2.325000 -0.889315636467
931  2.327500 -0.890009755772
932  2.330000 -0.890707696132
933  2.332500 -0.891407933463
934  2.335000 -0.892108813233
935  2.337500 -0.892808694632
936  2.340000 -0.893506876448
937  2.342500 -0.894201886299
938  2.345000 -0.894892634586
939  2.347500 -0.895576886532
940  2.350000 -0.896254287666
941  2.352500 -0.896923618375
942  2.355000 -0.897584350181
943  2.357500 -0.898234929177
944  2.360000 -0.898875040798
945  2.362500 -0.899505650871
946  2.365000 -0.900124448187
947  2.367500 -0.900732784833
948  2.370000 -0.901329585820
949  2.372500 -0.901916197829
950  2.375000 -0.902491984153
951  2.377500 -0.903057139725
952  2.380000 -0.903612133702
953  2.382500 -0.904156633396
954  2.385000 -0.904690765900
955  2.387500 -0.905214165047
956  2.390000 -0.905728173836
957  2.392500 -0.906232640138
958  2.395000 -0.906728895311
959  2.397500 -0.907219228543
960  2.400000 -0.907701586993
961  2.402500 -0.908177708686
962  2.405000 -0.908648125700
963  2.407500 -0.909113497189
964  2.410000 -0.909574186993
965  2.412500 -0.910031366445
966  2.415000 -0.910485974833
967  2.417500 -0.910937983118
968  2.420000 -0.911388124723
969  2.422500 -0.911837667855
970  2.425000 -0.912286639875
971  2.427500 -0.912737041659
972  2.430000 -0.913189208311
973  2.432500 -0.913642976627
974  2.435000 -0.914099061937
975  2.437500 -0.914559198014
976  2.440000 -0.915022777983
977  2.442500 -0.915490305220
978  2.445000 -0.915963301156
979  2.447500 -0.916442082873
980  2.450000 -0.916925814586
981  2.452500 -0.917414730433
982  2.455000 -0.917910283508
983  2.457500 -0.918410533175
984  2.460000 -0.918916982941
985  2.462500 -0.919430351459
986  2.465000 -0.919950203293
987  2.467500 -0.920477263830
988  2.470000 -0.921010423857
989  2.472500 -0.921550079858
990  2.475000 -0.922095629525
991  2.477500 -0.922646337563
992  2.480000 -0.923200924179
993  2.482500 -0.923760254918
994  2.485000 -0.924323650739
995  2.487500 -0.924888875450
996  2.490000 -0.925456377383
997  2.492500 -0.926025434882
998  2.495000 -0.926595461762
999  2.497500 -0.927165103859
1000  2.500000 -0.927733894114
1001  2.502500 -0.928298826326
1002  2.505000 -0.928860173415
1003  2.507500 -0.929418489415
1004  2.510000 -0.929972340719
1005  2.512500 -0.930522448896
1006  2.515000 -0.931066476288
1007  2.517500 -0.931603867278
1008  2.520000 -0.932135161560
1009  2.522500 -0.932659117534
1010  2.525000 -0.933176008241
1011  2.527500 -0.933685811347
1012  2.530000 -0.934187822743
1013  2.532500 -0.934683303696
1014  2.535000 -0.935171082111
1015  2.537500 -0.935653332883
1016  2.540000 -0.936129795494
1017  2.542500 -0.936599765101
1018  2.545000 -0.937062561818
1019  2.547500 -0.937519072323
1020  2.550000 -0.937971549981
1021  2.552500 -0.938418847726
1022  2.555000 -0.938861813959
1023  2.557500 -0.939301349801
1024  2.560000 -0.939739780049
1025  2.562500 -0.940176287574
1026  2.565000 -0.940611279272
1027  2.567500 -0.941046163513
1028  2.570000 -0.941480955066
1029  2.572500 -0.941916338219
1030  2.575000 -0.942354181577
1031  2.577500 -0.942794385781
1032  2.580000 -0.943237800705
1033  2.582500 -0.943686458691
1034  2.585000 -0.944140494750
1035  2.587500 -0.944601019589
1036  2.590000 -0.945068389030
1037  2.592500 -0.945543074963
1038  2.595000 -0.946027681774
1039  2.597500 -0.946522798524
1040  2.600000 -0.947028517870
1041  2.602500 -0.947546192545
1042  2.605000 -0.948077748939
1043  2.607500 -0.948624132896
1044  2.610000 -0.949185584275
1045  2.612500 -0.949763541219
1046  2.615000 -0.950359455558
1047  2.617500 -0.950972231238
1048  2.620000 -0.951605029744
1049  2.622500 -0.952257511649
1050  2.625000 -0.952930387376
1051  2.627500 -0.953623668390
1052  2.630000 -0.954338362050
1053  2.632500 -0.955075733764
1054  2.635000 -0.955834395788
1055  2.637500 -0.956614941185
1056  2.640000 -0.957417582997
1057  2.642500 -0.958240773379
1058  2.645000 -0.959084532765
1059  2.647500 -0.959947782964
1060  2.650000 -0.960828786303
1061  2.652500 -0.961725908904
1062  2.655000 -0.962635301328
1063  2.657500 -0.963555374110
1064  2.660000 -0.964483220687
1065  2.662500 -0.965416678914
1066  2.665000 -0.966352247078
1067  2.667500 -0.967285347613
1068  2.670000 -0.968214460213
1069  2.672500 -0.969134871111
1070  2.675000 -0.970042450155
1071  2.677500 -0.970934494018
1072  2.680000 -0.971808981440
1073  2.682500 -0.972664483437
1074  2.685000 -0.973500582663
1075  2.687500 -0.974314991579
1076  2.690000 -0.975105424251
1077  2.692500 -0.975873935206
1078  2.695000 -0.976617349257
1079  2.697500 -0.977335979352
1080  2.700000 -0.978029332955
1081  2.702500 -0.978698106771
1082  2.705000 -0.979343520092
1083  2.707500 -0.979966067718
1084  2.710000 -0.980566072062
1085  2.712500 -0.981145254584
1086  2.715000 -0.981702118490
1087  2.717500 -0.982238168438
1088  2.720000 -0.982753805962
1089  2.722500 -0.983251966205
1090  2.725000 -0.983731848888
1091  2.727500 -0.984195862045
1092  2.730000 -0.984644678510
1093  2.732500 -0.985078138434
1094  2.735000 -0.985498406013
1095  2.737500 -0.985906613983
1096  2.740000 -0.986302958640
1097  2.742500 -0.986687840698
1098  2.745000 -0.987064105901
1099  2.747500 -0.987431981285
1100  2.750000 -0.987793222229
1101  2.752500 -0.988148345610
1102  2.755000 -0.988499093865
1103  2.757500 -0.988845903933
1104  2.760000 -0.989189314947
1105  2.762500 -0.989530597896
1106  2.765000 -0.989870679911
1107  2.767500 -0.990210492031
1108  2.770000 -0.990551301710
1109  2.772500 -0.990893352285
1110  2.775000 -0.991237896014
1111  2.777500 -0.991586353618
1112  2.780000 -0.991940919415
1113  2.782500 -0.992301862387
1114  2.785000 -0.992668032830
1115  2.787500 -0.993041449302
1116  2.790000 -0.993422853504
1117  2.792500 -0.993812611422
1118  2.795000 -0.994211094679
1119  2.797500 -0.994619787362
1120  2.800000 -0.995041088570
1121  2.802500 -0.995475525102
1122  2.805000 -0.995922727964
1123  2.807500 -0.996383063287
1124  2.810000 -0.996859064060
1125  2.812500 -0.997350591726
1126  2.815000 -0.997858336828
1127  2.817500 -0.998382573840
1128  2.820000 -0.998924186305
1129  2.822500 -0.999484171944
1130  2.825000 -1.000062159347
1131  2.827500 -1.000658754196
1132  2.830000 -1.001274804647
1133  2.832500 -1.001910670895
1134  2.835000 -1.002565630840
1135  2.837500 -1.003240313984
1136  2.840000 -1.003933936527
1137  2.842500 -1.004645397310
1138  2.845000 -1.005373418417
1139  2.847500 -1.006117368366
1140  2.850000 -1.006875550773
1141  2.852500 -1.007645696462
1142  2.855000 -1.008428396678
1143  2.857500 -1.009222382618
1144  2.860000 -1.010022627203
1145  2.862500 -1.010826955348
1146  2.865000 -1.011634094590
1147  2.867500 -1.012441112675
1148  2.870000 -1.013246570340
1149  2.872500 -1.014047339555
1150  2.875000 -1.014841298394
1151  2.877500 -1.015625324854
1152  2.880000 -1.016398327320
1153  2.882500 -1.017157696801
1154  2.885000 -1.017900686312
1155  2.887500 -1.018627417329
1156  2.890000 -1.019336608202
1157  2.892500 -1.020027474247
1158  2.895000 -1.020698716231
1159  2.897500 -1.021349854256
1160  2.900000 -1.021981935227
1161  2.902500 -1.022594002397
1162  2.905000 -1.023185677460
1163  2.907500 -1.023757363200
1164  2.910000 -1.024311244119
1165  2.912500 -1.024846601326
1166  2.915000 -1.025363456734
1167  2.917500 -1.025862869329
1168  2.920000 -1.026345379120
1169  2.922500 -1.026811490192
1170  2.925000 -1.027261947093
1171  2.927500 -1.027698621261
1172  2.930000 -1.028121455093
1173  2.932500 -1.028530696099
1174  2.935000 -1.028928134291
1175  2.937500 -1.029314971623
1176  2.940000 -1.029690275908
1177  2.942500 -1.030056256189
1178  2.945000 -1.030413848845
1179  2.947500 -1.030763773225
1180  2.950000 -1.031108119985
1181  2.952500 -1.031447546761
1182  2.955000 -1.031781218270
1183  2.957500 -1.032111265031
1184  2.960000 -1.032439188734
1185  2.962500 -1.032765824790
1186  2.965000 -1.033092137071
1187  2.967500 -1.033417835767
1188  2.970000 -1.033745267069
1189  2.972500 -1.034074747215
1190  2.975000 -1.034405265468
1191  2.977500 -1.034739136755
1192  2.980000 -1.035077543498
1193  2.982500 -1.035421921100
1194  2.985000 -1.035773178567
1195  2.987500 -1.036131969981
1196  2.990000 -1.036498683123
1197  2.992500 -1.036874179574
1198  2.995000 -1.037260290115
1199  2.997500 -1.037656894536
1200  3.000000 -1.038064581706
1201  3.002500 -1.038486141202
1202  3.005000 -1.038920992434
1203  3.007500 -1.039370052507
1204  3.010000 -1.039834583597
1205  3.012500 -1.040314117979
1206  3.015000 -1.040810799421
1207  3.017500 -1.041325903793
1208  3.020000 -1.041859788477
1209  3.022500 -1.042412108648
1210  3.025000 -1.042984599334
1211  3.027500 -1.043578072769
1212  3.030000 -1.044191850009
1213  3.032500 -1.044826904164
1214  3.035000 -1.045485772271
1215  3.037500 -1.046166912528
1216  3.040000 -1.046869175180
1217  3.042500 -1.047591659830
1218  3.045000 -1.048334650786
1219  3.047500 -1.049098257676
1220  3.050000 -1.049879904082
1221  3.052500 -1.050679761840
1222  3.055000 -1.051495137236
1223  3.057500 -1.052321599810
1224  3.060000 -1.053158372614
1225  3.062500 -1.054001907886
1226  3.065000 -1.054848519221
1227  3.067500 -1.055694363967
1228  3.070000 -1.056536035256
1229  3.072500 -1.057369341648
1230  3.075000 -1.058193274488
1231  3.077500 -1.059003433072
1232  3.080000 -1.059799222018
1233  3.082500 -1.060578277544
1234  3.085000 -1.061337489687
1235  3.087500 -1.062076295172
1236  3.090000 -1.062793677149
1237  3.092500 -1.063490042977
1238  3.095000 -1.064164883923
1239  3.097500 -1.064818242607
1240  3.100000 -1.065449195352
1241  3.102500 -1.066058181861
1242  3.105000 -1.066646337906
1243  3.107500 -1.067212093844
1244  3.110000 -1.067758068100
1245  3.112500 -1.068286218486
1246  3.115000 -1.068795204102
1247  3.117500 -1.069286128889
1248  3.120000 -1.069759816924
1249  3.122500 -1.070215911768
1250  3.125000 -1.070657765440
1251  3.127500 -1.071086444321
1252  3.130000 -1.071501485472
1253  3.132500 -1.071905344166
1254  3.135000 -1.072297697065
1255  3.137500 -1.072678384679
1256  3.140000 -1.073050235974
1257  3.142500 -1.073414496601
1258  3.145000 -1.073771410293
1259  3.147500 -1.074121838025
1260  3.150000 -1.074466998435
1261  3.152500 -1.074806488724
1262  3.155000 -1.075142873450
1263  3.157500 -1.075476635911
1264  3.160000 -1.075808760388
1265  3.162500 -1.076139939561
1266  3.165000 -1.076472214570
1267  3.167500 -1.076804747306
1268  3.170000 -1.077138044494
1269  3.172500 -1.077474232703
1270  3.175000 -1.077814059356
1271  3.177500 -1.078157719443
1272  3.180000 -1.078507614177
1273  3.182500 -1.078864041142
1274  3.185000 -1.079228367781
1275  3.187500 -1.079600490894
1276  3.190000 -1.079981549234
1277  3.192500 -1.080371463166
1278  3.195000 -1.080771347179
1279  3.197500 -1.081182395182
1280  3.200000 -1.081605514453
1281  3.202500 -1.082041627083
1282  3.205000 -1.082489601529
1283  3.207500 -1.082951225095
1284  3.210000 -1.083426643927
1285  3.212500 -1.083918402553
1286  3.215000 -1.084425490221
1287  3.217500 -1.084949710406
1288  3.220000 -1.085490894870
1289  3.222500 -1.086049622223
1290  3.225000 -1.086626234114
1291  3.227500 -1.087222434511
1292  3.230000 -1.087836403033
1293  3.232500 -1.088469523410
1294  3.235000 -1.089122336734
1295  3.237500 -1.089793459788
1296  3.240000 -1.090484164521
1297  3.242500 -1.091195207753
1298  3.245000 -1.091924903638
1299  3.247500 -1.092672452863
1300  3.250000 -1.093435961522
1301  3.252500 -1.094215803962
1302  3.255000 -1.095010425527
1303  3.257500 -1.095817626819
1304  3.260000 -1.096639755046
1305  3.262500 -1.097472699327
1306  3.265000 -1.098313145589
1307  3.267500 -1.099160372972
1308  3.270000 -1.100010645448
1309  3.272500 -1.100864775846
1310  3.275000 -1.101718704759
1311  3.277500 -1.102571352061
1312  3.280000 -1.103421749072
1313  3.282500 -1.104269011095
1314  3.285000 -1.105109394010
1315  3.287500 -1.105943301258
1316  3.290000 -1.106769000489
1317  3.292500 -1.107586558108
1318  3.295000 -1.108393579620
1319  3.297500 -1.109191136142
1320  3.300000 -1.109978332127
1321  3.302500 -1.110754317346
1322  3.305000 -1.111519262830
1323  3.307500 -1.112273507391
1324  3.310000 -1.113017005278
1325  3.312500 -1.113749180419
1326  3.315000 -1.114470632171
1327  3.317500 -1.115182366664
1328  3.320000 -1.115884333222
1329  3.322500 -1.116575523811
1330  3.325000 -1.117257658137
1331  3.327500 -1.117930938164
1332  3.330000 -1.118595579032
1333  3.332500 -1.119251821003
1334  3.335000 -1.119900794440
1335  3.337500 -1.120542040439
1336  3.340000 -1.121177045115
1337  3.342500 -1.121805010058
1338  3.345000 -1.122427816944
1339  3.347500 -1.123046458157
1340  3.350000 -1.123660322431
1341  3.352500 -1.124268574399
1342  3.355000 -1.124871747553
1343  3.357500 -1.125471310993
1344  3.360000 -1.126067926717
1345  3.362500 -1.126661607422
1346  3.365000 -1.127251677457
1347  3.367500 -1.127838781758
1348  3.370000 -1.128422461529
1349  3.372500 -1.129002623006
1350  3.375000 -1.129580109042
1351  3.377500 -1.130155532507
1352  3.380000 -1.130728599254
1353  3.382500 -1.131299201221
1354  3.385000 -1.131868019783
1355  3.387500 -1.132434926135
1356  3.390000 -1.132998594207
1357  3.392500 -1.133559783254
1358  3.395000 -1.134119292450
1359  3.397500 -1.134677084466
1360  3.400000 -1.135231815921
1361  3.402500 -1.135785662778
1362  3.405000 -1.136337307456
1363  3.407500 -1.136884550332
1364  3.410000 -1.137429636008
1365  3.412500 -1.137972280041
1366  3.415000 -1.138512288856
1367  3.417500 -1.139048128345
1368  3.420000 -1.139581000421
1369  3.422500 -1.140111024866
1370  3.425000 -1.140637369102
1371  3.427500 -1.141160222541
1372  3.430000 -1.141679549646
1373  3.432500 -1.142195539879
1374  3.435000 -1.142707496211
1375  3.437500 -1.143216080104
1376  3.440000 -1.143721492775
1377  3.442500 -1.144223088970
1378  3.445000 -1.144721359571
1379  3.447500 -1.145215884595
1380  3.450000 -1.145706901723
1381  3.452500 -1.146194663151
1382  3.455000 -1.146679506240
1383  3.457500 -1.147162225856
1384  3.460000 -1.147642573260
1385  3.462500 -1.148121288209
1386  3.465000 -1.148597754381
1387  3.467500 -1.149072578913
1388  3.470000 -1.149545622712
1389  3.472500 -1.150017044773
1390  3.475000 -1.150486470259
1391  3.477500 -1.150955761316
1392  3.480000 -1.151424622194
1393  3.482500 -1.151893432918
1394  3.485000 -1.152361573151
1395  3.487500 -1.152830000617
1396  3.490000 -1.153299276795
1397  3.492500 -1.153769872876
1398  3.495000 -1.154242101482
1399  3.497500 -1.154716570042
1400  3.500000 -1.155192999918
1401  3.502500 -1.155670710370
1402  3.505000 -1.156151401958
1403  3.507500 -1.156634766213
1404  3.510000 -1.157121608696
1405  3.512500 -1.157612401963
1406  3.515000 -1.158109213281
1407  3.517500 -1.158610370792
1408  3.520000 -1.159117198364
1409  3.522500 -1.159628549726
1410  3.525000 -1.160144652773
1411  3.527500 -1.160666633133
1412  3.530000 -1.161194995960
1413  3.532500 -1.161730563300
1414  3.535000 -1.162272460680
1415  3.537500 -1.162822044809
1416  3.540000 -1.163378906961
1417  3.542500 -1.163943823633
1418  3.545000 -1.164516384275
1419  3.547500 -1.165097672591
1420  3.550000 -1.165689253697
1421  3.552500 -1.166288896941
1422  3.555000 -1.166899019009
1423  3.557500 -1.167517246320
1424  3.560000 -1.168145100962
1425  3.562500 -1.168783439130
1426  3.565000 -1.169432366042
1427  3.567500 -1.170091416277
1428  3.570000 -1.170758586032
1429  3.572500 -1.171435648293
1430  3.575000 -1.172120069136
1431  3.577500 -1.172812845317
1432  3.580000 -1.173513446013
1433  3.582500 -1.174222509224
1434  3.585000 -1.174937022464
1435  3.587500 -1.175657145019
1436  3.590000 -1.176380677580
1437  3.592500 -1.177108035116
1438  3.595000 -1.177835504054
1439  3.597500 -1.178563594279
1440  3.600000 -1.179292653717
1441  3.602500 -1.180019736893
1442  3.605000 -1.180744391925
1443  3.607500 -1.181465993762
1444  3.610000 -1.182181238147
1445  3.612500 -1.182892139183
1446  3.615000 -1.183595848502
1447  3.617500 -1.184290927668
1448  3.620000 -1.184977171779
1449  3.622500 -1.185654467558
1450  3.625000 -1.186320933299
1451  3.627500 -1.186976463579
1452  3.630000 -1.187618848855
1453  3.632500 -1.188250731515
1454  3.635000 -1.188870687912
1455  3.637500 -1.189479440972
1456  3.640000 -1.190076223865
1457  3.642500 -1.190659142985
1458  3.645000 -1.191230920529
1459  3.647500 -1.191791464728
1460  3.650000 -1.192339561416
1461  3.652500 -1.192877161677
1462  3.655000 -1.193404711396
1463  3.657500 -1.193921351511
1464  3.660000 -1.194427510715
1465  3.662500 -1.194923385615
1466  3.665000 -1.195409758985
1467  3.667500 -1.195888922231
1468  3.670000 -1.196359294665
1469  3.672500 -1.196822574678
1470  3.675000 -1.197278744869
1471  3.677500 -1.197728789580
1472  3.680000 -1.198173185301
1473  3.682500 -1.198613148086
1474  3.685000 -1.199048190272
1475  3.687500 -1.199479591767
1476  3.690000 -1.199907719854
1477  3.692500 -1.200332851866
1478  3.695000 -1.200756142525
1479  3.697500 -1.201178247303
1480  3.700000 -1.201599760998
1481  3.702500 -1.202022592782
1482  3.705000 -1.202446102327
1483  3.707500 -1.202871809356
1484  3.710000 -1.203300847778
1485  3.712500 -1.203732586852
1486  3.715000 -1.204168775349
1487  3.717500 -1.204609296884
1488  3.720000 -1.205054990577
1489  3.722500 -1.205506334460
1490  3.725000 -1.205963565561
1491  3.727500 -1.206428919054
1492  3.730000 -1.206901466604
1493  3.732500 -1.207382449715
1494  3.735000 -1.207873337172
1495  3.737500 -1.208374255807
1496  3.740000 -1.208885722929
1497  3.742500 -1.209409918904
1498  3.745000 -1.209946782724
1499  3.747500 -1.210495409456
1500  3.750000 -1.211057336428
1501  3.752500 -1.211633931809
1502  3.755000 -1.212225540629
1503  3.757500 -1.212831774904
1504  3.760000 -1.213452837514
1505  3.762500 -1.214089631166
1506  3.765000 -1.214742637247
1507  3.767500 -1.215410727514
1508  3.770000 -1.216092540968
1509  3.772500 -1.216790635625
1510  3.775000 -1.217501755298
1511  3.777500 -1.218224710077
1512  3.780000 -1.218960058862
1513  3.782500 -1.219705453633
1514  3.785000 -1.220461530567
1515  3.787500 -1.221225496369
1516  3.790000 -1.221995859899
1517  3.792500 -1.222771518118
1518  3.795000 -1.223548567534
1519  3.797500 -1.224324761307
1520  3.800000 -1.225099656053
1521  3.802500 -1.225869672472
1522  3.805000 -1.226633518805
1523  3.807500 -1.227388200850
1524  3.810000 -1.228135291631
1525  3.812500 -1.228869820509
1526  3.815000 -1.229593703434
1527  3.817500 -1.230305640050
1528  3.820000 -1.231005423125
1529  3.822500 -1.231692037439
1530  3.825000 -1.232364414113
1531  3.827500 -1.233022395305
1532  3.830000 -1.233666240122
1533  3.832500 -1.234295486307
1534  3.835000 -1.234911394050
1535  3.837500 -1.235514077262
1536  3.840000 -1.236102436366
1537  3.842500 -1.236677621748
1538  3.845000 -1.237240880132
1539  3.847500 -1.237791483692
1540  3.850000 -1.238331680340
1541  3.852500 -1.238862063122
1542  3.855000 -1.239383780961
1543  3.857500 -1.239896949604
1544  3.860000 -1.240402299879
1545  3.862500 -1.240900299095
1546  3.865000 -1.241392285838
1547  3.867500 -1.241878409271
1548  3.870000 -1.242358939945
1549  3.872500 -1.242835835848
1550  3.875000 -1.243307978187
1551  3.877500 -1.243777536774
1552  3.880000 -1.244245182839
1553  3.882500 -1.244712725841
1554  3.885000 -1.245180379690
1555  3.887500 -1.245649631524
1556  3.890000 -1.246119868109
1557  3.892500 -1.246591642019
1558  3.895000 -1.247064848056
1559  3.897500 -1.247541167629
1560  3.900000 -1.248020565288
1561  3.902500 -1.248504921447
1562  3.905000 -1.248994879709
1563  3.907500 -1.249492811805
1564  3.910000 -1.249998739238
1565  3.912500 -1.250512820495
1566  3.915000 -1.251036587354
1567  3.917500 -1.251569473901
1568  3.920000 -1.252113649861
1569  3.922500 -1.252669001431
1570  3.925000 -1.253236124094
1571  3.927500 -1.253816296077
1572  3.930000 -1.254409839607
1573  3.932500 -1.255016149658
1574  3.935000 -1.255635754548
1575  3.937500 -1.256270338646
1576  3.940000 -1.256919964147
1577  3.942500 -1.257585022621
1578  3.945000 -1.258264413380
1579  3.947500 -1.258959102165
1580  3.950000 -1.259670085138
1581  3.952500 -1.260396014875
1582  3.955000 -1.261136104790
1583  3.957500 -1.261888925065
1584  3.960000 -1.262653545033
1585  3.962500 -1.263429743080
1586  3.965000 -1.264217434356
1587  3.967500 -1.265012486587
1588  3.970000 -1.265812860957
1589  3.972500 -1.266617035373
1590  3.975000 -1.267422914029
1591  3.977500 -1.268228785198
1592  3.980000 -1.269031819553
1593  3.982500 -1.269829684303
1594  3.985000 -1.270620400550
1595  3.987500 -1.271401868176
1596  3.990000 -1.272174496742
1597  3.992500 -1.272934588010
1598  3.995000 -1.273680192335
1599  3.997500 -1.274412640395
1600  4.000000 -1.275129675084
1601  4.002500 -1.275831092334
1602  4.005000 -1.276517220961
1603  4.007500 -1.277188845205
1604  4.010000 -1.277844928354
1605  4.012500 -1.278486968758
1606  4.015000 -1.279114519061
1607  4.017500 -1.279728081994
1608  4.020000 -1.280327104626
1609  4.022500 -1.280911161854
1610  4.025000 -1.281480549297
1611  4.027500 -1.282038228002
1612  4.030000 -1.282581378605
1613  4.032500 -1.283110785998
1614  4.035000 -1.283628230116
1615  4.037500 -1.284133971166
1616  4.040000 -1.284627752138
1617  4.042500 -1.285111898662
1618  4.045000 -1.285587700929
1619  4.047500 -1.286054842308
1620  4.050000 -1.286514625195
1621  4.052500 -1.286967149723
1622  4.055000 -1.287411888759
1623  4.057500 -1.287849711438
1624  4.060000 -1.288281631620
1625  4.062500 -1.288708241917
1626  4.065000 -1.289131071028
1627  4.067500 -1.289550782453
1628  4.070000 -1.289967228354
1629  4.072500 -1.290380030917
1630  4.075000 -1.290791242152
1631  4.077500 -1.291200073413
1632  4.080000 -1.291607959116
1633  4.082500 -1.292014803690
1634  4.085000 -1.292421860001
1635  4.087500 -1.292830890362
1636  4.090000 -1.293240627143
1637  4.092500 -1.293652316860
1638  4.095000 -1.294066216965
1639  4.097500 -1.294482672513
1640  4.100000 -1.294901654642
1641  4.102500 -1.295324079173
1642  4.105000 -1.295751204851
1643  4.107500 -1.296182986949
1644  4.110000 -1.296620717243
1645  4.112500 -1.297062432460
1646  4.115000 -1.297510000885
1647  4.117500 -1.297963811274
1648  4.120000 -1.298423260625
1649  4.122500 -1.298889017065
1650  4.125000 -1.299361144849
1651  4.127500 -1.299841409045
1652  4.130000 -1.300330497765
1653  4.132500 -1.300827341884
1654  4.135000 -1.301332244185
1655  4.137500 -1.301846500400
1656  4.140000 -1.302371108476
1657  4.142500 -1.302905244953
1658  4.145000 -1.303447943874
1659  4.147500 -1.303998749822
1660  4.150000 -1.304558104871
1661  4.152500 -1.305124138844
1662  4.155000 -1.305700102005
1663  4.157500 -1.306285134063
1664  4.160000 -1.306878641451
1665  4.162500 -1.307481086092
1666  4.165000 -1.308091892620
1667  4.167500 -1.308709356700
1668  4.170000 -1.309334272769
1669  4.172500 -1.309964771562
1670  4.175000 -1.310601885418
1671  4.177500 -1.311244654196
1672  4.180000 -1.311893396198
1673  4.182500 -1.312546873481
1674  4.185000 -1.313204153389
1675  4.187500 -1.313866115362
1676  4.190000 -1.314525545721
1677  4.192500 -1.315184251813
1678  4.195000 -1.315842021188
1679  4.197500 -1.316498530974
1680  4.200000 -1.317151433893
1681  4.202500 -1.317801006003
1682  4.205000 -1.318447336799
1683  4.207500 -1.319087828795
1684  4.210000 -1.319723846192
1685  4.212500 -1.320356669897
1686  4.215000 -1.320981288436
1687  4.217500 -1.321598758657
1688  4.220000 -1.322209807415
1689  4.222500 -1.322811002460
1690  4.225000 -1.323403361251
1691  4.227500 -1.323988051916
1692  4.230000 -1.324566113503
1693  4.232500 -1.325135893078
1694  4.235000 -1.325696614156
1695  4.237500 -1.326249317996
1696  4.240000 -1.326793581207
1697  4.242500 -1.327330202744
1698  4.245000 -1.327857570394
1699  4.247500 -1.328378163543
1700  4.250000 -1.328891844757
1701  4.252500 -1.329399933132
1702  4.255000 -1.329903225719
1703  4.257500 -1.330400989800
1704  4.260000 -1.330894858932
1705  4.262500 -1.331384805735
1706  4.265000 -1.331870922498
1707  4.267500 -1.332352623588
1708  4.270000 -1.332831098097
1709  4.272500 -1.333305289818
1710  4.275000 -1.333777389300
1711  4.277500 -1.334246507857
1712  4.280000 -1.334712599536
1713  4.282500 -1.335175335336
1714  4.285000 -1.335636158049
1715  4.287500 -1.336095887956
1716  4.290000 -1.336554798814
1717  4.292500 -1.337012710383
1718  4.295000 -1.337471025590
1719  4.297500 -1.337929184132
1720  4.300000 -1.338388321868
1721  4.302500 -1.338849157031
1722  4.305000 -1.339312760604
1723  4.307500 -1.339776646619
1724  4.310000 -1.340241107726
1725  4.312500 -1.340707054343
1726  4.315000 -1.341174350064
1727  4.317500 -1.341643796716
1728  4.320000 -1.342116749746
1729  4.322500 -1.342591746670
1730  4.325000 -1.343069784743
1731  4.327500 -1.343551085727
1732  4.330000 -1.344033952368
1733  4.332500 -1.344518825868
1734  4.335000 -1.345008498769
1735  4.337500 -1.345498767337
1736  4.340000 -1.345990620804
1737  4.342500 -1.346484214103
1738  4.345000 -1.346980633792
1739  4.347500 -1.347478013435
1740  4.350000 -1.347976917978
1741  4.352500 -1.348478108964
1742  4.355000 -1.348983081116
1743  4.357500 -1.349489209379
1744  4.360000 -1.349997897051
1745  4.362500 -1.350506417731
1746  4.365000 -1.351016309506
1747  4.367500 -1.351528068373
1748  4.370000 -1.352041270418
1749  4.372500 -1.352554836164
1750  4.375000 -1.353068289105
1751  4.377500 -1.353581109696
1752  4.380000 -1.354093175483
1753  4.382500 -1.354603175562
1754  4.385000 -1.355113217628
1755  4.387500 -1.355622902004
1756  4.390000 -1.356133179050
1757  4.392500 -1.356641267340
1758  4.395000 -1.357147907254
1759  4.397500 -1.357653117521
1760  4.400000 -1.358158429699
1761  4.402500 -1.358663495587
1762  4.405000 -1.359166484350
1763  4.407500 -1.359669898454
1764  4.410000 -1.360173282507
1765  4.412500 -1.360676571774
1766  4.415000 -1.361181064785
1767  4.417500 -1.361685783566
1768  4.420000 -1.362189409712
1769  4.422500 -1.362694309669
1770  4.425000 -1.363199957315
1771  4.427500 -1.363706517895
1772  4.430000 -1.364213289932
1773  4.432500 -1.364724492772
1774  4.435000 -1.365236848465
1775  4.437500 -1.365752665373
1776  4.440000 -1.366270929406
1777  4.442500 -1.366794245126
1778  4.445000 -1.367320567058
1779  4.447500 -1.367852230078
1780  4.450000 -1.368389076214
1781  4.452500 -1.368930524812
1782  4.455000 -1.369480516450
1783  4.457500 -1.370038966388
1784  4.460000 -1.370602317040
1785  4.462500 -1.371172440643
1786  4.465000 -1.371749265718
1787  4.467500 -1.372333692850
1788  4.470000 -1.372925085037
1789  4.472500 -1.373525765023
1790  4.475000 -1.374134897116
1791  4.477500 -1.374749433687
1792  4.480000 -1.375371625541
1793  4.482500 -1.375999796039
1794  4.485000 -1.376634339167
1795  4.487500 -1.377276140326
1796  4.490000 -1.377924516410
1797  4.492500 -1.378578738385
1798  4.495000 -1.379238718884
1799  4.497500 -1.379906005366
1800  4.500000 -1.380577879121
1801  4.502500 -1.381253416613
1802  4.505000 -1.381931493976
1803  4.507500 -1.382611144811
1804  4.510000 -1.383292266712
1805  4.512500 -1.383971809785
1806  4.515000 -1.384648770633
1807  4.517500 -1.385322427497
1808  4.520000 -1.385993829959
1809  4.522500 -1.386660250506
1810  4.525000 -1.387322289777
1811  4.527500 -1.387979466772
1812  4.530000 -1.388629433084
1813  4.532500 -1.389270676296
1814  4.535000 -1.389903362193
1815  4.537500 -1.390525184828
1816  4.540000 -1.391136996332
1817  4.542500 -1.391736459188
1818  4.545000 -1.392328097417
1819  4.547500 -1.392908224839
1820  4.550000 -1.393478922026
1821  4.552500 -1.394039553866
1822  4.555000 -1.394587817822
1823  4.557500 -1.395126608941
1824  4.560000 -1.395655665994
1825  4.562500 -1.396176572653
1826  4.565000 -1.396687733154
1827  4.567500 -1.397189884114
1828  4.570000 -1.397683023034
1829  4.572500 -1.398166842129
1830  4.575000 -1.398642653814
1831  4.577500 -1.399112201455
1832  4.580000 -1.399575548139
1833  4.582500 -1.400032657995
1834  4.585000 -1.400484842397
1835  4.587500 -1.400933655862
1836  4.590000 -1.401377718215
1837  4.592500 -1.401816809478
1838  4.595000 -1.402251446256
1839  4.597500 -1.402683210191
1840  4.600000 -1.403112383437
1841  4.602500 -1.403538756638
1842  4.605000 -1.403962825204
1843  4.607500 -1.404385249293
1844  4.610000 -1.404809110131
1845  4.612500 -1.405232784008
1846  4.615000 -1.405658251986
1847  4.617500 -1.406084215257
1848  4.620000 -1.406510929319
1849  4.622500 -1.406939309640
1850  4.625000 -1.407371086453
1851  4.627500 -1.407807796202
1852  4.630000 -1.408247828531
1853  4.632500 -1.408691346458
1854  4.635000 -1.409137980714
1855  4.637500 -1.409589852443
1856  4.640000 -1.410047469059
1857  4.642500 -1.410511331526
1858  4.645000 -1.410981707571
1859  4.647500 -1.411459420667
1860  4.650000 -1.411944295678
1861  4.652500 -1.412436666457
1862  4.655000 -1.412937295199
1863  4.657500 -1.413446143025
1864  4.660000 -1.413962864301
1865  4.662500 -1.414486354764
1866  4.665000 -1.415016884606
1867  4.667500 -1.415557769579
1868  4.670000 -1.416105729147
1869  4.672500 -1.416661765975
1870  4.675000 -1.417225813693
1871  4.677500 -1.417798156728
1872  4.680000 -1.418379802691
1873  4.682500 -1.418969789126
1874  4.685000 -1.419567125266
1875  4.687500 -1.420174023758
1876  4.690000 -1.420788874440
1877  4.692500 -1.421409226028
1878  4.695000 -1.422037128710
1879  4.697500 -1.422670279666
1880  4.700000 -1.423308143005
1881  4.702500 -1.423949566793
1882  4.705000 -1.424594094492
1883  4.707500 -1.425239096102
1884  4.710000 -1.425883383820
1885  4.712500 -1.426526937640
1886  4.715000 -1.427168846297
1887  4.717500 -1.427807122379
1888  4.720000 -1.428442205038
1889  4.722500 -1.429071507070
1890  4.725000 -1.429695330398
1891  4.727500 -1.430311857012
1892  4.730000 -1.430919407052
1893  4.732500 -1.431519663070
1894  4.735000 -1.432110268496
1895  4.737500 -1.432692138923
1896  4.740000 -1.433266510415
1897  4.742500 -1.433833062319
1898  4.745000 -1.434390055977
1899  4.747500 -1.434938414850
1900  4.750000 -1.435478928196
1901  4.752500 -1.436010248266
1902  4.755000 -1.436533865287
1903  4.757500 -1.437049737987
1904  4.760000 -1.437556491069
1905  4.762500 -1.438056488476
1906  4.765000 -1.438550038905
1907  4.767500 -1.439034463008
1908  4.770000 -1.439512872813
1909  4.772500 -1.439983441199
1910  4.775000 -1.440448764017
1911  4.777500 -1.440907339514
1912  4.780000 -1.441358517272
1913  4.782500 -1.441805236262
1914  4.785000 -1.442247035049
1915  4.787500 -1.442684480891
1916  4.790000 -1.443117439213
1917  4.792500 -1.443547548138
1918  4.795000 -1.443974106754
1919  4.797500 -1.444398567881
1920  4.800000 -1.444820691085
1921  4.802500 -1.445241892303
1922  4.805000 -1.445661898562
1923  4.807500 -1.446081051818
1924  4.810000 -1.446500133458
1925  4.812500 -1.446920928623
1926  4.815000 -1.447342183020
1927  4.817500 -1.447762629762
1928  4.820000 -1.448184691768
1929  4.822500 -1.448608961255
1930  4.825000 -1.449035763218
1931  4.827500 -1.449466615408
1932  4.830000 -1.449901702318
1933  4.832500 -1.450339065977
1934  4.835000 -1.450782273222
1935  4.837500 -1.451232640020
1936  4.840000 -1.451688727768
1937  4.842500 -1.452150477942
1938  4.845000 -1.452620494853
1939  4.847500 -1.453099412810
1940  4.850000 -1.453588488423
1941  4.852500 -1.454085668044
1942  4.855000 -1.454594243357
1943  4.857500 -1.455113680777
1944  4.860000 -1.455644162386
1945  4.862500 -1.456188380082
1946  4.865000 -1.456745498656
1947  4.867500 -1.457315854391
1948  4.870000 -1.457900121686
1949  4.872500 -1.458497138774
1950  4.875000 -1.459109240628
1951  4.877500 -1.459737250182
1952  4.880000 -1.460385025177
1953  4.882500 -1.461053294333
1954  4.885000 -1.461740605844
1955  4.887500 -1.462445008408
1956  4.890000 -1.463166902353
1957  4.892500 -1.463909454985
1958  4.895000 -1.464666474555
1959  4.897500 -1.465442206250
1960  4.900000 -1.466235520301
1961  4.902500 -1.467043637352
1962  4.905000 -1.467869170433
1963  4.907500 -1.468708952373
1964  4.910000 -1.469560298422
1965  4.912500 -1.470423331299
1966  4.915000 -1.471290991982
1967  4.917500 -1.472162157209
1968  4.920000 -1.473032249739
1969  4.922500 -1.473899848168
1970  4.925000 -1.474760612183
1971  4.927500 -1.475611285339
1972  4.930000 -1.476450575561
1973  4.932500 -1.477275161448
1974  4.935000 -1.478084012196
1975  4.937500 -1.478875181527
1976  4.940000 -1.479648873553
1977  4.942500 -1.480399874749
1978  4.945000 -1.481131922503
1979  4.947500 -1.481841251259
1980  4.950000 -1.482530084905
1981  4.952500 -1.483201918578
1982  4.955000 -1.483853406524
1983  4.957500 -1.484488115383
1984  4.960000 -1.485106700640
1985  4.962500 -1.485708675170
1986  4.965000 -1.486294567216
1987  4.967500 -1.486864802767
1988  4.970000 -1.487421903117
1989  4.972500 -1.487964408114
1990  4.975000 -1.488494988921
1991  4.977500 -1.489012396208
1992  4.980000 -1.489519202508
1993  4.982500 -1.490016281849
1994  4.985000 -1.490504479190
1995  4.987500 -1.490982972472
1996  4.990000 -1.491452283311
1997  4.992500 -1.491913136898
1998  4.995000 -1.492369413249
1999  4.997500 -1.492816848600
2000  5.000000 -1.493259806368
2001  5.002500 -1.493697764607
2002  5.005000 -1.494132875972
2003  5.007500 -1.494564730985
2004  5.010000 -1.494995472180
2005  5.012500 -1.495425409831
2006  5.015000 -1.495852590778
2007  5.017500 -1.496279386914
2008  5.020000 -1.496706836969
2009  5.022500 -1.497134205715
2010  5.025000 -1.497562296327
2011  5.027500 -1.497991021628
2012  5.030000 -1.498423483246
2013  5.032500 -1.498858935844
2014  5.035000 -1.499297087571
2015  5.037500 -1.499741861501
2016  5.040000 -1.500192419408
2017  5.042500 -1.500647095602
2018  5.045000 -1.501106945753
2019  5.047500 -1.501573943282
2020  5.050000 -1.502049370788
2021  5.052500 -1.502531123555
2022  5.055000 -1.503020745655
2023  5.057500 -1.503518552573
2024  5.060000 -1.504023462811
2025  5.062500 -1.504536677060
2026  5.065000 -1.505060211485
2027  5.067500 -1.505595905177
2028  5.070000 -1.506143534506
2029  5.072500 -1.506702593582
2030  5.075000 -1.507271201002
2031  5.077500 -1.507852619134
2032  5.080000 -1.508445390710
2033  5.082500 -1.509048748562
2034  5.085000 -1.509664726533
2035  5.087500 -1.510291691110
2036  5.090000 -1.510933826544
2037  5.092500 -1.511587357254
2038  5.095000 -1.512253311049
2039  5.097500 -1.512930875036
2040  5.100000 -1.513618274983
2041  5.102500 -1.514317671726
2042  5.105000 -1.515026137903
2043  5.107500 -1.515742274809
2044  5.110000 -1.516465761661
2045  5.112500 -1.517194652942
2046  5.115000 -1.517925316742
2047  5.117500 -1.518659884209
2048  5.120000 -1.519396841344
2049  5.122500 -1.520131994649
2050  5.125000 -1.520866246922
2051  5.127500 -1.521597754297
2052  5.130000 -1.522321623114
2053  5.132500 -1.523039433608
2054  5.135000 -1.523748519140
2055  5.137500 -1.524446151316
2056  5.140000 -1.525138679860
2057  5.142500 -1.525823704504
2058  5.145000 -1.526501583649
2059  5.147500 -1.527168788333
2060  5.150000 -1.527828772786
2061  5.152500 -1.528479251619
2062  5.155000 -1.529119880008
2063  5.157500 -1.529752183763
2064  5.160000 -1.530375791246
2065  5.162500 -1.530992220765
2066  5.165000 -1.531599400290
2067  5.167500 -1.532199144577
2068  5.170000 -1.532787955775
2069  5.172500 -1.533370029692
2070  5.175000 -1.533947665747
2071  5.177500 -1.534519475870
2072  5.180000 -1.535086466688
2073  5.182500 -1.535648890392
2074  5.185000 -1.536208856983
2075  5.187500 -1.536764678226
2076  5.190000 -1.537314754610
2077  5.192500 -1.537860463641
2078  5.195000 -1.538403038916
2079  5.197500 -1.538943777952
2080  5.200000 -1.539482971335
2081  5.202500 -1.540018057241
2082  5.205000 -1.540551857167
2083  5.207500 -1.541083795478
2084  5.210000 -1.541615420404
2085  5.212500 -1.542147030555
2086  5.215000 -1.542679307114
2087  5.217500 -1.543212682514
2088  5.220000 -1.543746184140
2089  5.222500 -1.544279472274
2090  5.225000 -1.544812187689
2091  5.227500 -1.545344327924
2092  5.230000 -1.545875283931
2093  5.232500 -1.546406611443
2094  5.235000 -1.546939414297
2095  5.237500 -1.547473802588
2096  5.240000 -1.548008715171
2097  5.242500 -1.548542404485
2098  5.245000 -1.549076615369
2099  5.247500 -1.549612807358
2100  5.250000 -1.550149667099
2101  5.252500 -1.550688813034
2102  5.255000 -1.551228515195
2103  5.257500 -1.551769309699
2104  5.260000 -1.552311113064
2105  5.262500 -1.552851408731
2106  5.265000 -1.553392979809
2107  5.267500 -1.553936158667
2108  5.270000 -1.554477946513
2109  5.272500 -1.555019739479
2110  5.275000 -1.555560988034
2111  5.277500 -1.556100710634
2112  5.280000 -1.556639337966
2113  5.282500 -1.557176667324
2114  5.285000 -1.557713944578
2115  5.287500 -1.558248862697
2116  5.290000 -1.558783854819
2117  5.292500 -1.559318458183
2118  5.295000 -1.559852679092
2119  5.297500 -1.560385516721
2120  5.300000 -1.560916675088
2121  5.302500 -1.561445598902
2122  5.305000 -1.561972884130
2123  5.307500 -1.562499625968
2124  5.310000 -1.563024587996
2125  5.312500 -1.563548979521
2126  5.315000 -1.564072207897
2127  5.317500 -1.564594313248
2128  5.320000 -1.565114931386
2129  5.322500 -1.565634948254
2130  5.325000 -1.566154210943
2131  5.327500 -1.566670914333
2132  5.330000 -1.567187436537
2133  5.332500 -1.567701840139
2134  5.335000 -1.568216671863
2135  5.337500 -1.568731871674
2136  5.340000 -1.569247557094
2137  5.342500 -1.569763786443
2138  5.345000 -1.570281295064
2139  5.347500 -1.570799111625
2140  5.350000 -1.571316281412
2141  5.352500 -1.571832738776
2142  5.355000 -1.572349868016
2143  5.357500 -1.572866594411
2144  5.360000 -1.573385155151
2145  5.362500 -1.573902846803
2146  5.365000 -1.574422124150
2147  5.367500 -1.574943933711
2148  5.370000 -1.575466175470
2149  5.372500 -1.575988602740
2150  5.375000 -1.576512812269
2151  5.377500 -1.577040399104
2152  5.380000 -1.577569449468
2153  5.382500 -1.578099789043
2154  5.385000 -1.578632460425
2155  5.387500 -1.579168217718
2156  5.390000 -1.579708938494
2157  5.392500 -1.580253330164
2158  5.395000 -1.580803002308
2159  5.397500 -1.581355141459
2160  5.400000 -1.581910627089
2161  5.402500 -1.582468556749
2162  5.405000 -1.583029583624
2163  5.407500 -1.583593074472
2164  5.410000 -1.584159014727
2165  5.412500 -1.584725467666
2166  5.415000 -1.585297195160
2167  5.417500 -1.585872424736
2168  5.420000 -1.586450490821
2169  5.422500 -1.587031682799
2170  5.425000 -1.587613722977
2171  5.427500 -1.588198710608
2172  5.430000 -1.588785694322
2173  5.432500 -1.589375377703
2174  5.435000 -1.589965999646
2175  5.437500 -1.590557800806
2176  5.440000 -1.591151385383
2177  5.442500 -1.591746193355
2178  5.445000 -1.592341526100
2179  5.447500 -1.592938714617
2180  5.450000 -1.593537985905
2181  5.452500 -1.594139290761
2182  5.455000 -1.594740595436
2183  5.457500 -1.595343125403
2184  5.460000 -1.595945765544
2185  5.462500 -1.596548231916
2186  5.465000 -1.597153190660
2187  5.467500 -1.597757313060
2188  5.470000 -1.598360924271
2189  5.472500 -1.598961224560
2190  5.475000 -1.599558648154
2191  5.477500 -1.600152301261
2192  5.480000 -1.600742396209
2193  5.482500 -1.601330418827
2194  5.485000 -1.601916675256
2195  5.487500 -1.602501041377
2196  5.490000 -1.603081448545
2197  5.492500 -1.603659721327
2198  5.495000 -1.604233978859
2199  5.497500 -1.604804289098
2200  5.500000 -1.605372688909
2201  5.502500 -1.605937306156
2202  5.505000 -1.606500847947
2203  5.507500 -1.607062149826
2204  5.510000 -1.607619948875
2205  5.512500 -1.608172332323
2206  5.515000 -1.608722068806
2207  5.517500 -1.609269451715
2208  5.520000 -1.609814811578
2209  5.522500 -1.610357280438
2210  5.525000 -1.610896927917
2211  5.527500 -1.611435063174
2212  5.530000 -1.611969642505
2213  5.532500 -1.612502448132
2214  5.535000 -1.613033467362
2215  5.537500 -1.613563543514
2216  5.540000 -1.614091274246
2217  5.542500 -1.614616923952
2218  5.545000 -1.615140265937
2219  5.547500 -1.615662810055
2220  5.550000 -1.616183986326
2221  5.552500 -1.616705635265
2222  5.555000 -1.617227446721
2223  5.557500 -1.617749060164
2224  5.560000 -1.618271131454
2225  5.562500 -1.618793695896
2226  5.565000 -1.619315411291
2227  5.567500 -1.619836766783
2228  5.570000 -1.620357712901
2229  5.572500 -1.620879132043
2230  5.575000 -1.621401124687
2231  5.577500 -1.621924684260
2232  5.580000 -1.622450249763
2233  5.582500 -1.622977044282
2234  5.585000 -1.623506194884
2235  5.587500 -1.624038841094
2236  5.590000 -1.624572909142
2237  5.592500 -1.625109815125
2238  5.595000 -1.625651290204
2239  5.597500 -1.626196029663
2240  5.600000 -1.626743433180
2241  5.602500 -1.627295760819
2242  5.605000 -1.627853061623
2243  5.607500 -1.628414440676
2244  5.610000 -1.628978735379
2245  5.612500 -1.629547013401
2246  5.615000 -1.630120982468
2247  5.617500 -1.630701815792
2248  5.620000 -1.631285587785
2249  5.622500 -1.631872902428
2250  5.625000 -1.632463809071
2251  5.627500 -1.633058530078
2252  5.630000 -1.633657180288
2253  5.632500 -1.634256921163
2254  5.635000 -1.634856820730
2255  5.637500 -1.635457717850
2256  5.640000 -1.636060765096
2257  5.642500 -1.636666767610
2258  5.645000 -1.637272712113
2259  5.647500 -1.637881547155
2260  5.650000 -1.638492656103
2261  5.652500 -1.639104953197
2262  5.655000 -1.639715248874
2263  5.657500 -1.640322940389
2264  5.660000 -1.640923394522
2265  5.662500 -1.641519649842
2266  5.665000 -1.642110794565
2267  5.667500 -1.642696578226
2268  5.670000 -1.643276313264
2269  5.672500 -1.643851536851
2270  5.675000 -1.644419277448
2271  5.677500 -1.644980335085
2272  5.680000 -1.645536313573
2273  5.682500 -1.646085695319
2274  5.685000 -1.646627254265
2275  5.687500 -1.647161577640
2276  5.690000 -1.647690422280
2277  5.692500 -1.648214396891
2278  5.695000 -1.648731226679
2279  5.697500 -1.649241704064
2280  5.700000 -1.649749181608
2281  5.702500 -1.650252413692
2282  5.705000 -1.650751719112
2283  5.707500 -1.651244635973
2284  5.710000 -1.651731955569
2285  5.712500 -1.652216590687
2286  5.715000 -1.652697084601
2287  5.717500 -1.653172929336
2288  5.720000 -1.653647806014
2289  5.722500 -1.654122367508
2290  5.725000 -1.654595488166
2291  5.727500 -1.655070442169
2292  5.730000 -1.655542930575
2293  5.732500 -1.656015367394
2294  5.735000 -1.656489450934
2295  5.737500 -1.656963306617
2296  5.740000 -1.657438465055
2297  5.742500 -1.657913810493
2298  5.745000 -1.658389137438
2299  5.747500 -1.658866500003
2300  5.750000 -1.659345735948
2301  5.752500 -1.659828617916
2302  5.755000 -1.660315377532
2303  5.757500 -1.660809649110
2304  5.760000 -1.661309842959
2305  5.762500 -1.661816310058
2306  5.765000 -1.662330840210
2307  5.767500 -1.662850240614
2308  5.770000 -1.663378029168
2309  5.772500 -1.663914563695
2310  5.775000 -1.664460295363
2311  5.777500 -1.665016531990
2312  5.780000 -1.665581812635
2313  5.782500 -1.666161385514
2314  5.785000 -1.666753535987
2315  5.787500 -1.667357780316
2316  5.790000 -1.667975772091
2317  5.792500 -1.668606900814
2318  5.795000 -1.669248049417
2319  5.797500 -1.669903142398
2320  5.800000 -1.670571503481
2321  5.802500 -1.671255578167
2322  5.805000 -1.671950916299
2323  5.807500 -1.672656428494
2324  5.810000 -1.673373471753
2325  5.812500 -1.674101381163
2326  5.815000 -1.674840030110
2327  5.817500 -1.675587386817
2328  5.820000 -1.676342337916
2329  5.822500 -1.677099290861
2330  5.825000 -1.677858947093
2331  5.827500 -1.678617666106
2332  5.830000 -1.679372573335
2333  5.832500 -1.680124839729
2334  5.835000 -1.680871054512
2335  5.837500 -1.681607280819
2336  5.840000 -1.682333170771
2337  5.842500 -1.683047724739
2338  5.845000 -1.683749212655
2339  5.847500 -1.684439904278
2340  5.850000 -1.685117247399
2341  5.852500 -1.685779103801
2342  5.855000 -1.686425659014
2343  5.857500 -1.687058456936
2344  5.860000 -1.687675251878
2345  5.862500 -1.688279669141
2346  5.865000 -1.688868906653
2347  5.867500 -1.689442596244
2348  5.870000 -1.690000617517
2349  5.872500 -1.690546105119
2350  5.875000 -1.691078483082
2351  5.877500 -1.691599457051
2352  5.880000 -1.692109860375
2353  5.882500 -1.692611070036
2354  5.885000 -1.693103539088
2355  5.887500 -1.693588826293
2356  5.890000 -1.694069165371
2357  5.892500 -1.694541994586
2358  5.895000 -1.695007609539
2359  5.897500 -1.695465815260
2360  5.900000 -1.695917285890
2361  5.902500 -1.696363572806
2362  5.905000 -1.696804870436
2363  5.907500 -1.697240461327
2364  5.910000 -1.697672656086
2365  5.912500 -1.698100246303
2366  5.915000 -1.698524645918
2367  5.917500 -1.698944776635
2368  5.920000 -1.699362112527
2369  5.922500 -1.699779102546
2370  5.925000 -1.700195103795
2371  5.927500 -1.700611710195
2372  5.930000 -1.701027170183
2373  5.932500 -1.701442414840
2374  5.935000 -1.701857628479
2375  5.937500 -1.702272404284
2376  5.940000 -1.702689353233
2377  5.942500 -1.703106215015
2378  5.945000 -1.703525239155
2379  5.947500 -1.703946858573
2380  5.950000 -1.704370050418
2381  5.952500 -1.704796267706
2382  5.955000 -1.705224947733
2383  5.957500 -1.705657514815
2384  5.960000 -1.706093905800
2385  5.962500 -1.706534597154
2386  5.965000 -1.706980174286
2387  5.967500 -1.707430511460
2388  5.970000 -1.707886577219
2389  5.972500 -1.708347242065
2390  5.975000 -1.708811400323
2391  5.977500 -1.709281880378
2392  5.980000 -1.709761523684
2393  5.982500 -1.710247023639
2394  5.985000 -1.710738464144
2395  5.987500 -1.711236773260
2396  5.990000 -1.711744782520
2397  5.992500 -1.712261010472
2398  5.995000 -1.712786322107
2399  5.997500 -1.713318855212
2400  6.000000 -1.713857363019
2401  6.002500 -1.714407318890
2402  6.005000 -1.714967660505
2403  6.007500 -1.715536700722
2404  6.010000 -1.716113605042
2405  6.012500 -1.716701950363
2406  6.015000 -1.717301300102
2407  6.017500 -1.717910415031
2408  6.020000 -1.718526775342
2409  6.022500 -1.719152776792
2410  6.025000 -1.719787577953
2411  6.027500 -1.720431222222
2412  6.030000 -1.721082585680
2413  6.032500 -1.721741679741
2414  6.035000 -1.722408850542
2415  6.037500 -1.723079479750
2416  6.040000 -1.723755085736
2417  6.042500 -1.724438226800
2418  6.045000 -1.725124916808
2419  6.047500 -1.725813309659
2420  6.050000 -1.726500132317
2421  6.052500 -1.727190967221
2422  6.055000 -1.727881876831
2423  6.057500 -1.728574128432
2424  6.060000 -1.729261519376
2425  6.062500 -1.729946765218
2426  6.065000 -1.730627369223
2427  6.067500 -1.731303307471
2428  6.070000 -1.731975183394
2429  6.072500 -1.732642361241
2430  6.075000 -1.733301437363
2431  6.077500 -1.733954065112
2432  6.080000 -1.734600287228
2433  6.082500 -1.735238206201
2434  6.085000 -1.735866290391
2435  6.087500 -1.736490971322
2436  6.090000 -1.737105717484
2437  6.092500 -1.737712617185
2438  6.095000 -1.738311831974
2439  6.097500 -1.738902401306
2440  6.100000 -1.739484457742
2441  6.102500 -1.740061038124
2442  6.105000 -1.740627720143
2443  6.107500 -1.741187904581
2444  6.110000 -1.741743943232
2445  6.112500 -1.742294958969
2446  6.115000 -1.742838271881
2447  6.117500 -1.743376802002
2448  6.120000 -1.743908771241
2449  6.122500 -1.744437144969
2450  6.125000 -1.744959958723
2451  6.127500 -1.745477616960
2452  6.130000 -1.745992851707
2453  6.132500 -1.746504482788
2454  6.135000 -1.747011966543
2455  6.137500 -1.747516891356
2456  6.140000 -1.748017351821
2457  6.142500 -1.748515917713
2458  6.145000 -1.749012473246
2459  6.147500 -1.749507218825
2460  6.150000 -1.749999566998
2461  6.152500 -1.750493237026
2462  6.155000 -1.750986958446
2463  6.157500 -1.751479943448
2464  6.160000 -1.751974298538
2465  6.162500 -1.752467325444
2466  6.165000 -1.752964263982
2467  6.167500 -1.753462651408
2468  6.170000 -1.753961953963
2469  6.172500 -1.754463515544
2470  6.175000 -1.754968885481
2471  6.177500 -1.755475067186
2472  6.180000 -1.755985003663
2473  6.182500 -1.756497692952
2474  6.185000 -1.757012937983
2475  6.187500 -1.757531914658
2476  6.190000 -1.758053555470
2477  6.192500 -1.758576588304
2478  6.195000 -1.759105022844
2479  6.197500 -1.759634821391
2480  6.200000 -1.760167805532
2481  6.202500 -1.760702669019
2482  6.205000 -1.761240251747
2483  6.207500 -1.761780625678
2484  6.210000 -1.762323544453
2485  6.212500 -1.762867011296
2486  6.215000 -1.763414709026
2487  6.217500 -1.763963757952
2488  6.220000 -1.764515185777
2489  6.222500 -1.765069365153
2490  6.225000 -1.765628743634
2491  6.227500 -1.766186847878
2492  6.230000 -1.766745755687
2493  6.232500 -1.767309316830
2494  6.235000 -1.767874911487
2495  6.237500 -1.768439688240
2496  6.240000 -1.769005306026
2497  6.242500 -1.769570946113
2498  6.245000 -1.770138351016
2499  6.247500 -1.770703207325
2500  6.250000 -1.771263168443
2501  6.252500 -1.771825027406
2502  6.255000 -1.772388629514
2503  6.257500 -1.772952961178
2504  6.260000 -1.773515847795
2505  6.262500 -1.774077960029
2506  6.265000 -1.774636891029
2507  6.267500 -1.775196892731
2508  6.270000 -1.775750482102
2509  6.272500 -1.776301137204
2510  6.275000 -1.776851525268
2511  6.277500 -1.777397749470
2512  6.280000 -1.777942515845
2513  6.282500 -1.778486101035
2514  6.285000 -1.779027852610
2515  6.287500 -1.779566895884
2516  6.290000 -1.780104696563
2517  6.292500 -1.780641414729
2518  6.295000 -1.781176740695
2519  6.297500 -1.781709719527
2520  6.300000 -1.782240953459
2521  6.302500 -1.782771432429
2522  6.305000 -1.783299204790
2523  6.307500 -1.783827759615
2524  6.310000 -1.784356176438
2525  6.312500 -1.784884668632
2526  6.315000 -1.785412942844
2527  6.317500 -1.785941759341
2528  6.320000 -1.786471990882
2529  6.322500 -1.787003345232
2530  6.325000 -1.787536540741
2531  6.327500 -1.788071916663
2532  6.330000 -1.788610933111
2533  6.332500 -1.789152262810
2534  6.335000 -1.789695068813
2535  6.337500 -1.790239737880
2536  6.340000 -1.790787046657
2537  6.342500 -1.791335434482
2538  6.345000 -1.791883760629
2539  6.347500 -1.792434711569
2540  6.350000 -1.792985969814
2541  6.352500 -1.793538975366
2542  6.355000 -1.794095732938
2543  6.357500 -1.794653494247
2544  6.360000 -1.795211393455
2545  6.362500 -1.795769213509
2546  6.365000 -1.796327638999
2547  6.367500 -1.796887647664
2548  6.370000 -1.797447545309
2549  6.372500 -1.798008338966
2550  6.375000 -1.798570213783
2551  6.377500 -1.799129094645
2552  6.380000 -1.799687562689
2553  6.382500 -1.800246381163
2554  6.385000 -1.800804826344
2555  6.387500 -1.801363794287
2556  6.390000 -1.801922166526
2557  6.392500 -1.802480960189
2558  6.395000 -1.803034844035
2559  6.397500 -1.803584378886
2560  6.400000 -1.804131659599
2561  6.402500 -1.804676603615
2562  6.405000 -1.805219579992
2563  6.407500 -1.805757055902
2564  6.410000 -1.806291086406
2565  6.412500 -1.806823157673
2566  6.415000 -1.807352769070
2567  6.417500 -1.807878828727
2568  6.420000 -1.808400865402
2569  6.422500 -1.808917908120
2570  6.425000 -1.809429537169
2571  6.427500 -1.809936965895
2572  6.430000 -1.810444261306
2573  6.432500 -1.810946954547
2574  6.435000 -1.811450851067
2575  6.437500 -1.811952266179
2576  6.440000 -1.812448016713
2577  6.442500 -1.812941628324
2578  6.445000 -1.813433955180
2579  6.447500 -1.813925157394
2580  6.450000 -1.814415826704
2581  6.452500 -1.814905763502
2582  6.455000 -1.815393588547
2583  6.457500 -1.815882146208
2584  6.460000 -1.816371865576
2585  6.462500 -1.816858389941
2586  6.465000 -1.817344708136
2587  6.467500 -1.817829771672
2588  6.470000 -1.818316479995
2589  6.472500 -1.818807018179
2590  6.475000 -1.819298874601
2591  6.477500 -1.819791260291
2592  6.480000 -1.820283898799
2593  6.482500 -1.820774862034
2594  6.485000 -1.821271096056
2595  6.487500 -1.821770496547
2596  6.490000 -1.822272641544
2597  6.492500 -1.822778635498
2598  6.495000 -1.823289305379
2599  6.497500 -1.823802603433
2600  6.500000 -1.824320859152
2601  6.502500 -1.824845241816
2602  6.505000 -1.825373617792
2603  6.507500 -1.825908697290
2604  6.510000 -1.826450422128
2605  6.512500 -1.826999804863
2606  6.515000 -1.827554755962
2607  6.517500 -1.828116247810
2608  6.520000 -1.828686574541
2609  6.522500 -1.829264979092
2610  6.525000 -1.829851491442
2611  6.527500 -1.830445932592
2612  6.530000 -1.831043575181
2613  6.532500 -1.831648522217
2614  6.535000 -1.832257141665
2615  6.537500 -1.832872756159
2616  6.540000 -1.833492989274
2617  6.542500 -1.834117355597
2618  6.545000 -1.834744391234
2619  6.547500 -1.835374198312
2620  6.550000 -1.836003498378
2621  6.552500 -1.836634357653
2622  6.555000 -1.837266682873
2623  6.557500 -1.837896158648
2624  6.560000 -1.838524035525
2625  6.562500 -1.839149920739
2626  6.565000 -1.839769923067
2627  6.567500 -1.840385045412
2628  6.570000 -1.840994978191
2629  6.572500 -1.841599713964
2630  6.575000 -1.842199173793
2631  6.577500 -1.842793355012
2632  6.580000 -1.843381374718
2633  6.582500 -1.843961728712
2634  6.585000 -1.844537149655
2635  6.587500 -1.845101981799
2636  6.590000 -1.845658643653
2637  6.592500 -1.846206936363
2638  6.595000 -1.846746830938
2639  6.597500 -1.847280646718
2640  6.600000 -1.847810241791
2641  6.602500 -1.848332758327
2642  6.605000 -1.848846722474
2643  6.607500 -1.849355254756
2644  6.610000 -1.849856431443
2645  6.612500 -1.850354331165
2646  6.615000 -1.850847865132
2647  6.617500 -1.851338350941
2648  6.620000 -1.851821962306
2649  6.622500 -1.852300596422
2650  6.625000 -1.852775263239
2651  6.627500 -1.853245466027
2652  6.630000 -1.853712676948
2653  6.632500 -1.854176014141
2654  6.635000 -1.854638359075
2655  6.637500 -1.855098987403
2656  6.640000 -1.855556982958
2657  6.642500 -1.856015708472
2658  6.645000 -1.856473798670
2659  6.647500 -1.856930356289
2660  6.650000 -1.857386781150
2661  6.652500 -1.857844031372
2662  6.655000 -1.858304495574
2663  6.657500 -1.858766698073
2664  6.660000 -1.859229753796
2665  6.662500 -1.859694882548
2666  6.665000 -1.860161171881
2667  6.667500 -1.860630153568
2668  6.670000 -1.861101524958
2669  6.672500 -1.861575639328
2670  6.675000 -1.862053148500
2671  6.677500 -1.862535784882
2672  6.680000 -1.863021298494
2673  6.682500 -1.863513214596
2674  6.685000 -1.864009343643
2675  6.687500 -1.864510144101
2676  6.690000 -1.865017708759
2677  6.692500 -1.865533931265
2678  6.695000 -1.866057772124
2679  6.697500 -1.866590416517
2680  6.700000 -1.867132289702
2681  6.702500 -1.867683803121
2682  6.705000 -1.868242504952
2683  6.707500 -1.868812724802
2684  6.710000 -1.869392584751
2685  6.712500 -1.869978739841
2686  6.715000 -1.870576260132
2687  6.717500 -1.871184766876
2688  6.720000 -1.871797947492
2689  6.722500 -1.872421933971
2690  6.725000 -1.873058348278
2691  6.727500 -1.873708906232
2692  6.730000 -1.874371814810
2693  6.732500 -1.875050989583
2694  6.735000 -1.875748707417
2695  6.737500 -1.876459881671
2696  6.740000 -1.877186114782
2697  6.742500 -1.877926045450
2698  6.745000 -1.878680467355
2699  6.747500 -1.879447230431
2700  6.750000 -1.880228194587
2701  6.752500 -1.881022840384
2702  6.755000 -1.881829592532
2703  6.757500 -1.882643905177
2704  6.760000 -1.883462581897
2705  6.762500 -1.884283244948
2706  6.765000 -1.885099292036
2707  6.767500 -1.885912612961
2708  6.770000 -1.886712622740
2709  6.772500 -1.887505971654
2710  6.775000 -1.888290982470
2711  6.777500 -1.889061276967
2712  6.780000 -1.889815408321
2713  6.782500 -1.890555604869
2714  6.785000 -1.891280126878
2715  6.787500 -1.891986420386
2716  6.790000 -1.892678508749
2717  6.792500 -1.893353868532
2718  6.795000 -1.894011786337
2719  6.797500 -1.894656805099
2720  6.800000 -1.895286806892
2721  6.802500 -1.895900502170
2722  6.805000 -1.896503434211
2723  6.807500 -1.897093969556
2724  6.810000 -1.897668867209
2725  6.812500 -1.898236892624
2726  6.815000 -1.898794228281
2727  6.817500 -1.899345026377
2728  6.820000 -1.899882579038
2729  6.822500 -1.900409551652
2730  6.825000 -1.900929281408
2731  6.827500 -1.901442387371
2732  6.830000 -1.901947149981
2733  6.832500 -1.902445807361
2734  6.835000 -1.902936883592
2735  6.837500 -1.903422434037
2736  6.840000 -1.903904956558
2737  6.842500 -1.904385385847
2738  6.845000 -1.904859933652
2739  6.847500 -1.905329103092
2740  6.850000 -1.905794883590
2741  6.852500 -1.906257139712
2742  6.855000 -1.906716587296
2743  6.857500 -1.907172078139
2744  6.860000 -1.907624914684
2745  6.862500 -1.908071130978
2746  6.865000 -1.908514587948
2747  6.867500 -1.908958105443
2748  6.870000 -1.909401617024
2749  6.872500 -1.909845540756
2750  6.875000 -1.910287851123
2751  6.877500 -1.910730194505
2752  6.880000 -1.911171313904
2753  6.882500 -1.911611110775
2754  6.885000 -1.912052595469
2755  6.887500 -1.912493479222
2756  6.890000 -1.912935432112
2757  6.892500 -1.913383918895
2758  6.895000 -1.913833060372
2759  6.897500 -1.914285402473
2760  6.900000 -1.914741375939
2761  6.902500 -1.915201841015
2762  6.905000 -1.915667263276
2763  6.907500 -1.916136983054
2764  6.910000 -1.916614140531
2765  6.912500 -1.917098028847
2766  6.915000 -1.917584344282
2767  6.917500 -1.918077220915
2768  6.920000 -1.918578889845
2769  6.922500 -1.919088680533
2770  6.925000 -1.919608031076
2771  6.927500 -1.920135191879
2772  6.930000 -1.920672066434
2773  6.932500 -1.921219114495
2774  6.935000 -1.921779382948
2775  6.937500 -1.922347681436
2776  6.940000 -1.922922819041
2777  6.942500 -1.923508698613
2778  6.945000 -1.924099705174
2779  6.947500 -1.924701966786
2780  6.950000 -1.925313471319
2781  6.952500 -1.925934374758
2782  6.955000 -1.926564734750
2783  6.957500 -1.927204378956
2784  6.960000 -1.927852291748
2785  6.962500 -1.928508284761
2786  6.965000 -1.929166900464
2787  6.967500 -1.929832387372
2788  6.970000 -1.930503985605
2789  6.972500 -1.931174354181
2790  6.975000 -1.931844180398
2791  6.977500 -1.932512584844
2792  6.980000 -1.933181260164
2793  6.982500 -1.933847629319
2794  6.985000 -1.934512452538
2795  6.987500 -1.935169741253
2796  6.990000 -1.935820777946
2797  6.992500 -1.936464205342
2798  6.995000 -1.937098649631
2799  6.997500 -1.937725793640
2800  7.000000 -1.938344994211
2801  7.002500 -1.938954641892
2802  7.005000 -1.939554742143
2803  7.007500 -1.940143622711
2804  7.010000 -1.940724681185
2805  7.012500 -1.941297488138
2806  7.015000 -1.941863006869
2807  7.017500 -1.942421483687
2808  7.020000 -1.942974637988
2809  7.022500 -1.943518943376
2810  7.025000 -1.944058999194
2811  7.027500 -1.944594433124
2812  7.030000 -1.945123992013
2813  7.032500 -1.945645998972
2814  7.035000 -1.946166386664
2815  7.037500 -1.946678004606
2816  7.040000 -1.947184294332
2817  7.042500 -1.947682196545
2818  7.045000 -1.948178195500
2819  7.047500 -1.948669861699
2820  7.050000 -1.949156916413
2821  7.052500 -1.949641778714
2822  7.055000 -1.950121932979
2823  7.057500 -1.950596509791
2824  7.060000 -1.951072397026
2825  7.062500 -1.951548048101
2826  7.065000 -1.952018727617
2827  7.067500 -1.952487213003
2828  7.070000 -1.952953789321
2829  7.072500 -1.953419370811
2830  7.075000 -1.953883822864
2831  7.077500 -1.954346288953
2832  7.080000 -1.954811353289
2833  7.082500 -1.955277348115
2834  7.085000 -1.955744439307
2835  7.087500 -1.956209970935
2836  7.090000 -1.956675687655
2837  7.092500 -1.957143121620
2838  7.095000 -1.957610799324
2839  7.097500 -1.958082668536
2840  7.100000 -1.958558411157
2841  7.102500 -1.959035588473
2842  7.105000 -1.959513754447
2843  7.107500 -1.959995616060
2844  7.110000 -1.960481342713
2845  7.112500 -1.960967253731
2846  7.115000 -1.961456496091
2847  7.117500 -1.961949788870
2848  7.120000 -1.962444876044
2849  7.122500 -1.962945128784
2850  7.125000 -1.963448099433
2851  7.127500 -1.963957374800
2852  7.130000 -1.964468389486
2853  7.132500 -1.964981492085
2854  7.135000 -1.965502378196
2855  7.137500 -1.966026520973
2856  7.140000 -1.966550851321
2857  7.142500 -1.967075662272
2858  7.145000 -1.967604650108
2859  7.147500 -1.968137059709
2860  7.150000 -1.968669495687
2861  7.152500 -1.969204708976
2862  7.155000 -1.969741497609
2863  7.157500 -1.970280851382
2864  7.160000 -1.970820008165
2865  7.162500 -1.971364271601
2866  7.165000 -1.971907008064
2867  7.167500 -1.972448142638
2868  7.170000 -1.972989952454
2869  7.172500 -1.973534227459
2870  7.175000 -1.974078970541
2871  7.177500 -1.974623991875
2872  7.180000 -1.975170657230
2873  7.182500 -1.975715741079
2874  7.185000 -1.976261686002
2875  7.187500 -1.976808722853
2876  7.190000 -1.977351502423
2877  7.192500 -1.977893936347
2878  7.195000 -1.978435975585
2879  7.197500 -1.978976452104
2880  7.200000 -1.979515285695
2881  7.202500 -1.980050666249
2882  7.205000 -1.980583255287
2883  7.207500 -1.981112746235
2884  7.210000 -1.981643167981
2885  7.212500 -1.982175604926
2886  7.215000 -1.982705842145
2887  7.217500 -1.983234151819
2888  7.220000 -1.983765398727
2889  7.222500 -1.984297450787
2890  7.225000 -1.984831496381
2891  7.227500 -1.985366028368
2892  7.230000 -1.985902109022
2893  7.232500 -1.986438577265
2894  7.235000 -1.986971462354
2895  7.237500 -1.987506881100
2896  7.240000 -1.988041067716
2897  7.242500 -1.988573351282
2898  7.245000 -1.989106479180
2899  7.247500 -1.989641503097
2900  7.250000 -1.990175779630
2901  7.252500 -1.990713049311
2902  7.255000 -1.991248948907
2903  7.257500 -1.991785771637
2904  7.260000 -1.992325643555
2905  7.262500 -1.992863599097
2906  7.265000 -1.993405919131
2907  7.267500 -1.993946493400
2908  7.270000 -1.994490633059
2909  7.272500 -1.995037103254
2910  7.275000 -1.995586732770
2911  7.277500 -1.996135557490
2912  7.280000 -1.996681970195
2913  7.282500 -1.997230159583
2914  7.285000 -1.997773679431
2915  7.287500 -1.998314782697
2916  7.290000 -1.998850365004
2917  7.292500 -1.999380215834
2918  7.295000 -1.999905749747
2919  7.297500 -2.000430846939
2920  7.300000 -2.000954396384
2921  7.302500 -2.001478433276
2922  7.305000 -2.002003257523
2923  7.307500 -2.002530330350
2924  7.310000 -2.003059885492
2925  7.312500 -2.003592839802
2926  7.315000 -2.004123688247
2927  7.317500 -2.004655705978
2928  7.320000 -2.005184130319
2929  7.322500 -2.005712784906
2930  7.325000 -2.006233815583
2931  7.327500 -2.006752488992
2932  7.330000 -2.007273308367
2933  7.332500 -2.007792790447
2934  7.335000 -2.008312609643
2935  7.337500 -2.008831345660
2936  7.340000 -2.009348694590
2937  7.342500 -2.009863776559
2938  7.345000 -2.010381331414
2939  7.347500 -2.010901242761
2940  7.350000 -2.011418408127
2941  7.352500 -2.011937478092
2942  7.355000 -2.012460566478
2943  7.357500 -2.012984730463
2944  7.360000 -2.013507701001
2945  7.362500 -2.014030364830
2946  7.365000 -2.014557609391
2947  7.367500 -2.015088393700
2948  7.370000 -2.015619962432
2949  7.372500 -2.016153872998
2950  7.375000 -2.016691024995
2951  7.377500 -2.017226640317
2952  7.380000 -2.017762801924
2953  7.382500 -2.018299434084
2954  7.385000 -2.018840717602
2955  7.387500 -2.019386064533
2956  7.390000 -2.019931379627
2957  7.392500 -2.020478958970
2958  7.395000 -2.021029193335
2959  7.397500 -2.021582896941
2960  7.400000 -2.022138880885
2961  7.402500 -2.022698031617
2962  7.405000 -2.023261937248
2963  7.407500 -2.023825893988
2964  7.410000 -2.024392426827
2965  7.412500 -2.024962304896
2966  7.415000 -2.025533353089
2967  7.417500 -2.026105371171
2968  7.420000 -2.026675415073
2969  7.422500 -2.027245959190
2970  7.425000 -2.027817390453
2971  7.427500 -2.028388429917
2972  7.430000 -2.028962423686
2973  7.432500 -2.029536801315
2974  7.435000 -2.030110708799
2975  7.437500 -2.030685680007
2976  7.440000 -2.031261611588
2977  7.442500 -2.031839624084
2978  7.445000 -2.032417965619
2979  7.447500 -2.032995111776
2980  7.450000 -2.033572884920
2981  7.452500 -2.034148330584
2982  7.455000 -2.034720968939
2983  7.457500 -2.035290594729
2984  7.460000 -2.035858008141
2985  7.462500 -2.036422756091
2986  7.465000 -2.036986113345
2987  7.467500 -2.037545780445
2988  7.470000 -2.038103832790
2989  7.472500 -2.038662454801
2990  7.475000 -2.039218011986
2991  7.477500 -2.039772101112
2992  7.480000 -2.040321461530
2993  7.482500 -2.040864534694
2994  7.485000 -2.041404935624
2995  7.487500 -2.041945230117
2996  7.490000 -2.042480244120
2997  7.492500 -2.043012427775
2998  7.495000 -2.043542282767
2999  7.497500 -2.044074353264
