
-0.312358 0.000066 0.010368 0.003783 36 60 10.000000 1000.000000 0.001000 0.100000
-0.297346 0.000078 0.012252 0.003450 36 60 10.000000 1000.000000 0.001000 0.100000
-0.366752 0.000083 0.015749 0.006256 36 60 10.000000 1000.000000 0.001000 0.100000
-0.278057 0.000088 0.008690 0.003175 36 60 10.000000 1000.000000 0.001000 0.100000
-0.223211 0.000080 0.010175 0.004098 36 60 10.000000 1000.000000 0.001000 0.100000
-0.658352 58537552049397424468882829487686867415139440199065159490773817669713920.000000 3960380987778265588260137850568422461999432576055891686680083873545584640.000000 2662533290905211716283961658066565913199084734155607328590553132698697728.000000 36 60 10.000000 1000.000000 0.001000 0.100000
-0.260453 0.000095 0.019609 0.003773 36 60 10.000000 1000.000000 0.001000 0.100000
-0.378193 0.000079 0.014124 0.005128 36 60 10.000000 1000.000000 0.001000 0.100000
-0.393241 0.000084 0.012764 0.004609 36 60 10.000000 1000.000000 0.001000 0.100000
-0.501512 0.000058 0.007987 0.002542 36 60 10.000000 1000.000000 0.001000 0.100000
-0.272397 0.000060 0.009785 0.004336 36 60 10.000000 1000.000000 0.001000 0.100000
-0.413368 0.000078 0.011204 0.005139 36 60 10.000000 1000.000000 0.001000 0.100000
-0.270775 10105882722342046175138599956637498475353044686105257482019244326626099347030004202035321073827840.000000 24385218386304447544098344287992209522720214558452936799352953684775942913695286508315442859976163328.000000 52736905067869289917542778187869940046812826409081065655305567316833357792613411331652849479977009152.000000 36 60 10.000000 1000.000000 0.001000 0.100000
-0.458333 0.000114 0.008271 0.004814 36 60 10.000000 1000.000000 0.001000 0.100000
-0.342414 0.000089 0.010535 0.005941 36 60 10.000000 1000.000000 0.001000 0.100000
-0.229004 0.000094 0.010903 0.003725 36 60 10.000000 1000.000000 0.001000 0.100000
-0.325133 0.000079 0.012310 0.005270 36 60 10.000000 1000.000000 0.001000 0.100000
-0.280581 0.000083 0.007781 0.004073 36 60 10.000000 1000.000000 0.001000 0.100000
-0.262590 0.000065 0.011117 0.004135 36 60 10.000000 1000.000000 0.001000 0.100000
-0.291338 0.000062 0.007537 0.003545 36 60 10.000000 1000.000000 0.001000 0.100000
-0.189818 331830397193509903794176.000000 1240589212486590862983168.000000 1.000000 36 60 10.000000 1000.000000 0.001000 0.100000
-0.268314 0.000062 0.012471 0.004396 36 60 10.000000 1000.000000 0.001000 0.100000
-0.643117 0.000068 0.007178 0.002630 36 60 10.000000 1000.000000 0.001000 0.100000
-0.217273 0.000059 0.010764 0.004180 36 60 10.000000 1000.000000 0.001000 0.100000
-0.517809 0.000067 0.010609 0.003674 36 60 10.000000 1000.000000 0.001000 0.100000
-0.259191 4877778416326902925237250799381315857900675423142936576.000000 764947474304652206645696264793165577160062179406249984.000000 1.000000 36 60 10.000000 1000.000000 0.001000 0.100000
-0.377013 0.000071 0.008273 0.003248 36 60 10.000000 1000.000000 0.001000 0.100000
-0.268520 0.000071 0.008869 0.005427 36 60 10.000000 1000.000000 0.001000 0.100000
-0.394564 0.000073 0.009603 0.002302 36 60 10.000000 1000.000000 0.001000 0.100000
-0.177044 0.000077 0.011209 0.003899 36 60 10.000000 1000.000000 0.001000 0.100000
-0.226121 0.000086 0.012373 0.003756 36 60 10.000000 1000.000000 0.001000 0.100000
-0.564367 0.000069 0.011191 0.006318 36 60 10.000000 1000.000000 0.001000 0.100000
-0.424374 0.000082 0.010552 0.002974 36 60 10.000000 1000.000000 0.001000 0.100000
-0.413049 0.000090 0.009891 0.002790 36 60 10.000000 1000.000000 0.001000 0.100000
-0.500530 0.000129 0.008777 0.003105 36 60 10.000000 1000.000000 0.001000 0.100000
-0.140486 0.000069 0.010127 0.003076 36 60 10.000000 1000.000000 0.001000 0.100000
-0.211168 0.000080 0.011576 0.003616 36 60 10.000000 1000.000000 0.001000 0.100000
-0.284155 0.000085 0.014451 0.005210 36 60 10.000000 1000.000000 0.001000 0.100000
-0.334602 0.000066 0.008876 0.003492 36 60 10.000000 1000.000000 0.001000 0.100000
-0.206038 0.000076 0.010591 0.004770 36 60 10.000000 1000.000000 0.001000 0.100000
-0.218873 0.000124 0.014223 0.004484 36 60 10.000000 1000.000000 0.001000 0.100000
-0.218468 653661345963695550261709015328908595390304613655238674102694559858113700361960161280.000000 531925913191322377929143262573700745961869062040883882369237163329635350772908841500672.000000 187359124012222686124370263584175475723770981094706178479134334639984721322795065147392.000000 36 60 10.000000 1000.000000 0.001000 0.100000
-0.311060 0.000054 0.008199 0.004211 36 60 10.000000 1000.000000 0.001000 0.100000
-0.393365 0.000068 0.012032 0.003390 36 60 10.000000 1000.000000 0.001000 0.100000
-0.399630 0.000068 0.012230 0.004961 36 60 10.000000 1000.000000 0.001000 0.100000
-0.527797 0.000107 0.010992 0.004119 36 60 10.000000 1000.000000 0.001000 0.100000
-0.311706 0.000076 0.009481 0.004228 36 60 10.000000 1000.000000 0.001000 0.100000
-0.363467 0.000064 0.009095 0.003437 36 60 10.000000 1000.000000 0.001000 0.100000
-0.436932 0.000086 0.011289 0.004908 36 60 10.000000 1000.000000 0.001000 0.100000
-0.325975 0.000094 0.010007 0.004269 36 60 10.000000 1000.000000 0.001000 0.100000
-0.298142 0.000070 0.009542 0.003594 36 60 10.000000 1000.000000 0.001000 0.100000
-0.276720 0.000055 0.010703 0.005297 36 60 10.000000 1000.000000 0.001000 0.100000
-0.339943 0.000070 0.007434 0.003749 36 60 10.000000 1000.000000 0.001000 0.100000
-0.193524 0.000189 0.026901 0.007733 36 60 10.000000 1000.000000 0.001000 0.100000
-0.456943 0.000091 0.010372 0.003862 36 60 10.000000 1000.000000 0.001000 0.100000
-0.586199 0.000093 0.008639 0.003378 36 60 10.000000 1000.000000 0.001000 0.100000
-0.322036 0.000059 0.009051 0.002775 36 60 10.000000 1000.000000 0.001000 0.100000
-0.343271 0.000128 0.009574 0.005229 36 60 10.000000 1000.000000 0.001000 0.100000
-0.221242 0.000077 0.008839 0.003772 36 60 10.000000 1000.000000 0.001000 0.100000
-0.286358 0.000069 0.008976 0.003677 36 60 10.000000 1000.000000 0.001000 0.100000
-0.396996 0.000060 0.007542 0.003903 36 60 10.000000 1000.000000 0.001000 0.100000
-0.229470 0.000108 0.011418 0.005267 36 60 10.000000 1000.000000 0.001000 0.100000
-0.248840 940356053341816712512689873623531810356941260280823808.000000 4131952908562527025139633334921223419706411494466912256.000000 1.000000 36 60 10.000000 1000.000000 0.001000 0.100000
-0.416435 0.000069 0.008437 0.002417 36 60 10.000000 1000.000000 0.001000 0.100000
-0.530542 0.000124 0.017458 0.008832 36 60 10.000000 1000.000000 0.001000 0.100000
-0.397892 0.000081 0.010698 0.002717 36 60 10.000000 1000.000000 0.001000 0.100000
-0.216680 0.000079 0.009501 0.003054 36 60 10.000000 1000.000000 0.001000 0.100000
-0.431223 0.000098 0.011640 0.005253 36 60 10.000000 1000.000000 0.001000 0.100000
-0.605723 0.000094 0.011329 0.003989 36 60 10.000000 1000.000000 0.001000 0.100000
-0.527274 0.000076 0.014134 0.006338 36 60 10.000000 1000.000000 0.001000 0.100000
-0.246189 0.000120 0.008851 0.003130 36 60 10.000000 1000.000000 0.001000 0.100000
-0.328913 0.000096 0.009630 0.006593 36 60 10.000000 1000.000000 0.001000 0.100000
-0.276813 0.000087 0.009140 0.004847 36 60 10.000000 1000.000000 0.001000 0.100000
-0.472538 0.000079 0.010876 0.005810 36 60 10.000000 1000.000000 0.001000 0.100000
-0.217915 0.000064 0.011570 0.005234 36 60 10.000000 1000.000000 0.001000 0.100000
-0.295360 0.000069 0.008495 0.003636 36 60 10.000000 1000.000000 0.001000 0.100000
-0.423185 0.000064 0.009040 0.004072 36 60 10.000000 1000.000000 0.001000 0.100000
-0.450129 0.000107 0.012279 0.003215 36 60 10.000000 1000.000000 0.001000 0.100000
-0.432971 0.000075 0.008222 0.002863 36 60 10.000000 1000.000000 0.001000 0.100000
-0.456096 0.000072 0.014710 0.004161 36 60 10.000000 1000.000000 0.001000 0.100000
-0.181702 0.000066 0.010029 0.003354 36 60 10.000000 1000.000000 0.001000 0.100000
-0.283579 0.000054 0.010913 0.003649 36 60 10.000000 1000.000000 0.001000 0.100000
-0.326751 0.000080 0.012854 0.003767 36 60 10.000000 1000.000000 0.001000 0.100000
-0.284316 0.000085 0.012615 0.005031 36 60 10.000000 1000.000000 0.001000 0.100000
-0.314434 0.000071 0.008867 0.003428 36 60 10.000000 1000.000000 0.001000 0.100000
-0.341807 0.000081 0.011605 0.004589 36 60 10.000000 1000.000000 0.001000 0.100000
-0.294285 0.000066 0.012330 0.005230 36 60 10.000000 1000.000000 0.001000 0.100000
-0.413551 0.000090 0.010361 0.002597 36 60 10.000000 1000.000000 0.001000 0.100000
-0.337761 0.000071 0.011246 0.004551 36 60 10.000000 1000.000000 0.001000 0.100000
-0.314121 0.000142 0.012233 0.004279 36 60 10.000000 1000.000000 0.001000 0.100000
-0.520201 0.000090 0.014884 0.005553 36 60 10.000000 1000.000000 0.001000 0.100000
-0.343418 0.000160 0.009260 0.004240 36 60 10.000000 1000.000000 0.001000 0.100000
-0.379627 0.000095 0.012887 0.004454 36 60 10.000000 1000.000000 0.001000 0.100000
-0.378147 0.000075 0.013342 0.003147 36 60 10.000000 1000.000000 0.001000 0.100000
-0.310610 0.000082 0.010582 0.003180 36 60 10.000000 1000.000000 0.001000 0.100000
-0.267966 0.000057 0.009190 0.003810 36 60 10.000000 1000.000000 0.001000 0.100000
-0.424371 1744184700097491067437086144499056915861892165546725981524382470635520.000000 52196462005539934368240474038606014323286567077074567143617474955575296.000000 1.000000 36 60 10.000000 1000.000000 0.001000 0.100000
-0.319720 0.000092 0.008902 0.002520 36 60 10.000000 1000.000000 0.001000 0.100000
-0.136716 0.000077 0.007278 0.003891 36 60 10.000000 1000.000000 0.001000 0.100000
-0.289911 0.000166 0.013603 0.004544 36 60 10.000000 1000.000000 0.001000 0.100000
-0.547895 0.000086 0.008970 0.004408 36 60 10.000000 1000.000000 0.001000 0.100000
-0.277654 62199492586625777021222912.000000 78423827120415388207153152.000000 6745458139506453184163872768.000000 36 60 10.000000 1000.000000 0.001000 0.100000
-0.412302 0.000100 0.009485 0.003346 36 60 10.000000 1000.000000 0.001000 0.100000
-0.212009 0.000097 0.008082 0.002864 36 60 10.000000 1000.000000 0.001000 0.100000
-0.525883 0.000080 0.009123 0.004470 36 60 10.000000 1000.000000 0.001000 0.100000
-0.306671 0.000062 0.007343 0.003222 36 60 10.000000 1000.000000 0.001000 0.100000
-0.262232 0.000078 0.009127 0.003335 36 60 10.000000 1000.000000 0.001000 0.100000
-0.180696 0.000069 0.011274 0.003635 36 60 10.000000 1000.000000 0.001000 0.100000
-0.215855 0.000086 0.010693 0.004630 36 60 10.000000 1000.000000 0.001000 0.100000
-0.250775 0.000070 0.010782 0.005201 36 60 10.000000 1000.000000 0.001000 0.100000
-0.256004 0.000078 0.010663 0.003705 36 60 10.000000 1000.000000 0.001000 0.100000
-0.240939 0.000092 0.010999 0.003251 36 60 10.000000 1000.000000 0.001000 0.100000
-0.418816 0.000085 0.012070 0.005400 36 60 10.000000 1000.000000 0.001000 0.100000
-0.409120 0.000076 0.009186 0.003177 36 60 10.000000 1000.000000 0.001000 0.100000
-0.412359 0.000047 0.009026 0.002348 36 60 10.000000 1000.000000 0.001000 0.100000
-0.620700 0.000053 0.012348 0.005142 36 60 10.000000 1000.000000 0.001000 0.100000
-0.394620 0.000075 0.010584 0.002548 36 60 10.000000 1000.000000 0.001000 0.100000
-0.438550 0.000076 0.011224 0.004823 36 60 10.000000 1000.000000 0.001000 0.100000
-0.411082 0.000071 0.012631 0.005578 36 60 10.000000 1000.000000 0.001000 0.100000
-0.365499 82312562937035012538210474537830410000737089710689110450983413619884032.000000 216093963990964628330034780972513227216444583512278752569055572368818176.000000 1.000000 36 60 10.000000 1000.000000 0.001000 0.100000
-0.305391 0.000088 0.010116 0.003261 36 60 10.000000 1000.000000 0.001000 0.100000
-0.293081 0.000058 0.011678 0.002729 36 60 10.000000 1000.000000 0.001000 0.100000
-0.414950 0.000123 0.012823 0.007266 36 60 10.000000 1000.000000 0.001000 0.100000
-0.358060 0.000099 0.014390 0.005793 36 60 10.000000 1000.000000 0.001000 0.100000
-0.428756 0.000073 0.006386 0.002630 36 60 10.000000 1000.000000 0.001000 0.100000
-0.227651 0.000088 0.010302 0.004501 36 60 10.000000 1000.000000 0.001000 0.100000
-0.269233 0.000060 0.012024 0.004425 36 60 10.000000 1000.000000 0.001000 0.100000
-0.314795 0.000114 0.006833 0.003542 36 60 10.000000 1000.000000 0.001000 0.100000
-0.298088 0.000061 0.010757 0.003392 36 60 10.000000 1000.000000 0.001000 0.100000
-0.419218 0.000086 0.010693 0.005141 36 60 10.000000 1000.000000 0.001000 0.100000
-0.385396 0.000065 0.010507 0.003746 36 60 10.000000 1000.000000 0.001000 0.100000
-0.458237 0.000097 0.009508 0.003096 36 60 10.000000 1000.000000 0.001000 0.100000
-0.215845 0.000070 0.011551 0.005270 36 60 10.000000 1000.000000 0.001000 0.100000
-0.296348 0.000087 0.011191 0.004147 36 60 10.000000 1000.000000 0.001000 0.100000
-0.223141 0.000098 0.013907 0.003832 36 60 10.000000 1000.000000 0.001000 0.100000
-0.218580 0.000074 0.019600 0.005560 36 60 10.000000 1000.000000 0.001000 0.100000
-0.254104 0.000074 0.012989 0.005122 36 60 10.000000 1000.000000 0.001000 0.100000
-0.133264 0.000078 0.010266 0.006596 36 60 10.000000 1000.000000 0.001000 0.100000
-0.216451 0.000081 0.012983 0.005796 36 60 10.000000 1000.000000 0.001000 0.100000
-0.480736 0.000079 0.009328 0.005050 36 60 10.000000 1000.000000 0.001000 0.100000
-0.219289 0.000072 0.008210 0.003726 36 60 10.000000 1000.000000 0.001000 0.100000
-0.520497 0.000095 0.009754 0.004749 36 60 10.000000 1000.000000 0.001000 0.100000
-0.324318 23609102585089733458657280.000000 160420487372305420523667456.000000 14064135462295570623758336.000000 36 60 10.000000 1000.000000 0.001000 0.100000
-0.349305 0.000157 0.038436 0.045204 36 60 10.000000 1000.000000 0.001000 0.100000
-0.666430 0.000065 0.008405 0.003643 36 60 10.000000 1000.000000 0.001000 0.100000
-0.362461 0.000116 0.008473 0.002232 36 60 10.000000 1000.000000 0.001000 0.100000
-0.479918 0.000062 0.012871 0.003172 36 60 10.000000 1000.000000 0.001000 0.100000
-0.272340 0.000093 0.010987 0.003851 36 60 10.000000 1000.000000 0.001000 0.100000
-0.530497 0.000097 0.015676 0.005175 36 60 10.000000 1000.000000 0.001000 0.100000
-0.492654 0.000063 0.017939 0.003445 36 60 10.000000 1000.000000 0.001000 0.100000
-0.393981 0.000101 0.013124 0.003114 36 60 10.000000 1000.000000 0.001000 0.100000
-0.280614 0.000070 0.009837 0.003694 36 60 10.000000 1000.000000 0.001000 0.100000
-0.241855 0.000069 0.011708 0.003282 36 60 10.000000 1000.000000 0.001000 0.100000
-0.213255 0.000091 0.007115 0.003760 36 60 10.000000 1000.000000 0.001000 0.100000
-0.268644 0.000101 0.009593 0.003125 36 60 10.000000 1000.000000 0.001000 0.100000
-0.353517 0.000112 0.006624 0.003390 36 60 10.000000 1000.000000 0.001000 0.100000
-0.232800 0.000069 0.010178 0.004052 36 60 10.000000 1000.000000 0.001000 0.100000
-0.485448 0.000097 0.008538 0.003438 36 60 10.000000 1000.000000 0.001000 0.100000
-0.505891 0.000058 0.009247 0.004188 36 60 10.000000 1000.000000 0.001000 0.100000
-0.186081 0.000135 0.010517 0.003612 36 60 10.000000 1000.000000 0.001000 0.100000
-0.259877 0.000076 0.011275 0.004484 36 60 10.000000 1000.000000 0.001000 0.100000
-0.261215 0.000047 0.011132 0.004823 36 60 10.000000 1000.000000 0.001000 0.100000
-0.346551 0.000091 0.013326 0.004802 36 60 10.000000 1000.000000 0.001000 0.100000
-0.282092 0.000088 0.012388 0.004350 36 60 10.000000 1000.000000 0.001000 0.100000
-0.380316 0.000104 0.011379 0.004949 36 60 10.000000 1000.000000 0.001000 0.100000
-0.227102 0.000049 0.010899 0.003978 36 60 10.000000 1000.000000 0.001000 0.100000
-0.467316 0.000090 0.009485 0.005796 36 60 10.000000 1000.000000 0.001000 0.100000
-0.267594 0.000103 0.010339 0.002576 36 60 10.000000 1000.000000 0.001000 0.100000
-0.363731 0.000078 0.011301 0.003678 36 60 10.000000 1000.000000 0.001000 0.100000
-0.307412 0.000067 0.010456 0.003854 36 60 10.000000 1000.000000 0.001000 0.100000
-0.308735 0.000044 0.008546 0.003780 36 60 10.000000 1000.000000 0.001000 0.100000
-0.404061 0.000077 0.012387 0.006474 36 60 10.000000 1000.000000 0.001000 0.100000
-0.336417 0.000092 0.015846 0.004504 36 60 10.000000 1000.000000 0.001000 0.100000
-0.389361 0.000085 0.013741 0.004161 36 60 10.000000 1000.000000 0.001000 0.100000
-0.283542 0.000089 0.012543 0.005023 36 60 10.000000 1000.000000 0.001000 0.100000
-0.332337 0.000119 0.015003 0.005030 36 60 10.000000 1000.000000 0.001000 0.100000
-0.502719 0.000104 0.009236 0.003404 36 60 10.000000 1000.000000 0.001000 0.100000
-0.157710 0.000080 0.008802 0.004275 36 60 10.000000 1000.000000 0.001000 0.100000
-0.221020 0.000083 0.010383 0.003956 36 60 10.000000 1000.000000 0.001000 0.100000
-0.189798 0.000060 0.015005 0.004078 36 60 10.000000 1000.000000 0.001000 0.100000
-0.406322 0.000068 0.012758 0.008362 36 60 10.000000 1000.000000 0.001000 0.100000
-0.345902 0.000063 0.010312 0.004306 36 60 10.000000 1000.000000 0.001000 0.100000
-0.426227 0.000077 0.010677 0.004566 36 60 10.000000 1000.000000 0.001000 0.100000
-0.286218 0.000068 0.012290 0.005055 36 60 10.000000 1000.000000 0.001000 0.100000
-0.291541 0.000070 0.010887 0.004147 36 60 10.000000 1000.000000 0.001000 0.100000
-0.423743 0.000085 0.008004 0.004003 36 60 10.000000 1000.000000 0.001000 0.100000
-0.333574 0.000099 0.011488 0.005869 36 60 10.000000 1000.000000 0.001000 0.100000
-0.245518 0.000072 0.006118 0.002983 36 60 10.000000 1000.000000 0.001000 0.100000
-0.338550 0.000066 0.009477 0.004518 36 60 10.000000 1000.000000 0.001000 0.100000
-0.250502 0.000081 0.012555 0.005428 36 60 10.000000 1000.000000 0.001000 0.100000
-0.414712 0.000065 0.010409 0.005736 36 60 10.000000 1000.000000 0.001000 0.100000
-0.199876 0.000082 0.010450 0.008083 36 60 10.000000 1000.000000 0.001000 0.100000
-0.435912 0.000074 0.009198 0.002477 36 60 10.000000 1000.000000 0.001000 0.100000
-0.299984 0.000090 0.014878 0.004926 36 60 10.000000 1000.000000 0.001000 0.100000
-0.631228 186778827627638915334144.000000 1801473813135342375534592.000000 1.000000 36 60 10.000000 1000.000000 0.001000 0.100000
-0.396222 0.000087 0.013848 0.002913 36 60 10.000000 1000.000000 0.001000 0.100000
-0.310555 0.000137 0.008507 0.002568 36 60 10.000000 1000.000000 0.001000 0.100000
-0.345591 0.000069 0.007209 0.002804 36 60 10.000000 1000.000000 0.001000 0.100000
-0.460344 0.000073 0.011833 0.004818 36 60 10.000000 1000.000000 0.001000 0.100000
-0.326050 0.000063 0.009045 0.003183 36 60 10.000000 1000.000000 0.001000 0.100000
-0.267493 0.000106 0.008785 0.004159 36 60 10.000000 1000.000000 0.001000 0.100000
-0.223258 0.000071 0.009454 0.004996 36 60 10.000000 1000.000000 0.001000 0.100000
-0.283683 0.000061 0.011199 0.004975 36 60 10.000000 1000.000000 0.001000 0.100000
-0.524012 0.000077 0.014610 0.006332 36 60 10.000000 1000.000000 0.001000 0.100000
-0.189712 0.000066 0.010158 0.003517 36 60 10.000000 1000.000000 0.001000 0.100000
-0.291266 0.000085 0.010234 0.004640 36 60 10.000000 1000.000000 0.001000 0.100000
-0.317487 0.000092 0.007796 0.002714 36 60 10.000000 1000.000000 0.001000 0.100000
-0.573376 0.000094 0.013453 0.004470 36 60 10.000000 1000.000000 0.001000 0.100000
-0.273478 0.000081 0.010350 0.005200 36 60 10.000000 1000.000000 0.001000 0.100000
-0.391798 0.000077 0.015342 0.004025 36 60 10.000000 1000.000000 0.001000 0.100000
-0.171408 0.000097 0.013829 0.004241 36 60 10.000000 1000.000000 0.001000 0.100000
-0.258238 0.000087 0.012112 0.006293 36 60 10.000000 1000.000000 0.001000 0.100000
-0.275396 0.000056 0.011994 0.003715 36 60 10.000000 1000.000000 0.001000 0.100000
-0.328741 0.000062 0.009745 0.003078 36 60 10.000000 1000.000000 0.001000 0.100000
-0.377412 0.000059 0.005700 0.004098 36 60 10.000000 1000.000000 0.001000 0.100000
-0.455369 0.000068 0.011378 0.003183 36 60 10.000000 1000.000000 0.001000 0.100000
-0.457464 0.000109 0.010326 0.002914 36 60 10.000000 1000.000000 0.001000 0.100000
-0.332660 0.000082 0.010307 0.003953 36 60 10.000000 1000.000000 0.001000 0.100000
-0.253188 0.000078 0.009800 0.003794 36 60 10.000000 1000.000000 0.001000 0.100000
-0.377262 0.000088 0.014045 0.007976 36 60 10.000000 1000.000000 0.001000 0.100000
-0.427261 0.000118 0.019499 0.005216 36 60 10.000000 1000.000000 0.001000 0.100000
-0.446350 0.000128 0.019110 0.008699 36 60 10.000000 1000.000000 0.001000 0.100000
-0.203039 0.000076 0.010650 0.004445 36 60 10.000000 1000.000000 0.001000 0.100000
-0.266181 0.000092 0.012790 0.004051 36 60 10.000000 1000.000000 0.001000 0.100000
-0.274417 0.000086 0.008560 0.003345 36 60 10.000000 1000.000000 0.001000 0.100000
-0.478847 0.000128 0.011946 0.005233 36 60 10.000000 1000.000000 0.001000 0.100000
-0.178647 0.000067 0.010705 0.003078 36 60 10.000000 1000.000000 0.001000 0.100000
-0.466287 0.000066 0.009888 0.006937 36 60 10.000000 1000.000000 0.001000 0.100000
-0.356071 0.000075 0.009272 0.004554 36 60 10.000000 1000.000000 0.001000 0.100000
-0.269317 0.000091 0.009759 0.002632 36 60 10.000000 1000.000000 0.001000 0.100000
-0.277447 0.000075 0.015081 0.004726 36 60 10.000000 1000.000000 0.001000 0.100000
-0.291748 0.000082 0.015398 0.005471 36 60 10.000000 1000.000000 0.001000 0.100000
-0.275251 0.000078 0.009790 0.003815 36 60 10.000000 1000.000000 0.001000 0.100000
-0.398254 0.000094 0.012840 0.004954 36 60 10.000000 1000.000000 0.001000 0.100000
-0.149027 0.000086 0.013636 0.003608 36 60 10.000000 1000.000000 0.001000 0.100000
-0.229768 0.000083 0.011188 0.004287 36 60 10.000000 1000.000000 0.001000 0.100000
-0.570406 0.000107 0.008409 0.005224 36 60 10.000000 1000.000000 0.001000 0.100000
-0.309783 0.000075 0.008042 0.003132 36 60 10.000000 1000.000000 0.001000 0.100000
-0.326177 0.000076 0.012847 0.002953 36 60 10.000000 1000.000000 0.001000 0.100000
-0.265485 0.000067 0.007464 0.004289 36 60 10.000000 1000.000000 0.001000 0.100000
-0.349968 0.000082 0.010524 0.006147 36 60 10.000000 1000.000000 0.001000 0.100000
-0.436122 0.000108 0.010795 0.002989 36 60 10.000000 1000.000000 0.001000 0.100000
-0.238657 0.000069 0.009983 0.003373 36 60 10.000000 1000.000000 0.001000 0.100000
-0.230897 0.000069 0.008445 0.002845 36 60 10.000000 1000.000000 0.001000 0.100000
-0.409736 0.000071 0.006764 0.003628 36 60 10.000000 1000.000000 0.001000 0.100000
-0.274896 0.000079 0.009457 0.004539 36 60 10.000000 1000.000000 0.001000 0.100000
-0.222757 1130696397156564342931456.000000 15723816176418428530196480.000000 1865501905879536178915442688.000000 36 60 10.000000 1000.000000 0.001000 0.100000
-0.309019 0.000105 0.012820 0.004519 36 60 10.000000 1000.000000 0.001000 0.100000
-0.458167 1123221296087016700134923327733350574597468831008136427814473923663729190075104975299747118055424.000000 3701425286286654531309235975873400168211319713471506245952683722155195232568870607376785074028544.000000 1.000000 36 60 10.000000 1000.000000 0.001000 0.100000
-0.342315 0.000093 0.010865 0.004602 36 60 10.000000 1000.000000 0.001000 0.100000
-0.373429 0.000127 0.014072 0.007242 36 60 10.000000 1000.000000 0.001000 0.100000
-0.351283 0.000067 0.011502 0.005370 36 60 10.000000 1000.000000 0.001000 0.100000
-0.241172 0.000075 0.014335 0.005222 36 60 10.000000 1000.000000 0.001000 0.100000
-0.240655 0.000085 0.012134 0.003825 36 60 10.000000 1000.000000 0.001000 0.100000
-0.411435 0.000058 0.009752 0.004377 36 60 10.000000 1000.000000 0.001000 0.100000
-0.167506 0.000079 0.015769 0.005074 36 60 10.000000 1000.000000 0.001000 0.100000
-0.329653 0.000066 0.013732 0.003105 36 60 10.000000 1000.000000 0.001000 0.100000
-0.704327 0.000069 0.011239 0.003510 36 60 10.000000 1000.000000 0.001000 0.100000
-0.475499 0.000259 0.012273 0.010355 36 60 10.000000 1000.000000 0.001000 0.100000
-0.435239 0.000072 0.010403 0.003666 36 60 10.000000 1000.000000 0.001000 0.100000
-0.274763 0.000063 0.011042 0.004318 36 60 10.000000 1000.000000 0.001000 0.100000
-0.286266 0.000069 0.012531 0.005998 36 60 10.000000 1000.000000 0.001000 0.100000
-0.374868 27930190771584448094831269451961938759316407043751936.000000 20643012294175241645061628479000452477486861648274653184.000000 1.000000 36 60 10.000000 1000.000000 0.001000 0.100000
-0.302136 10659166434029507444736.000000 65013516773081401977208832.000000 1.000000 36 60 10.000000 1000.000000 0.001000 0.100000
-0.256707 0.000101 0.010425 0.004427 36 60 10.000000 1000.000000 0.001000 0.100000
-0.289997 0.000080 0.013015 0.004548 36 60 10.000000 1000.000000 0.001000 0.100000
-0.324664 0.000086 0.009356 0.003642 36 60 10.000000 1000.000000 0.001000 0.100000
-0.262217 0.000087 0.011811 0.002796 36 60 10.000000 1000.000000 0.001000 0.100000
-0.372843 0.000063 0.012210 0.003280 36 60 10.000000 1000.000000 0.001000 0.100000
-0.186580 0.000067 0.008306 0.004370 36 60 10.000000 1000.000000 0.001000 0.100000
-0.462595 0.000062 0.013312 0.004402 36 60 10.000000 1000.000000 0.001000 0.100000
-0.622503 0.000076 0.008602 0.002833 36 60 10.000000 1000.000000 0.001000 0.100000
-0.563935 88411585888361923548711078514881235227287790335467973383934764317147136.000000 87158124755623109754494566162897326397534231495997871474127191364465590272.000000 42600532654483387460543386529065054611185355746489717257448850123179163648.000000 36 60 10.000000 1000.000000 0.001000 0.100000
-0.339016 0.000080 0.011087 0.004347 36 60 10.000000 1000.000000 0.001000 0.100000
-0.196653 155387285334736697819136.000000 33199500295902747911258112.000000 10023429185693592651300864.000000 36 60 10.000000 1000.000000 0.001000 0.100000
-0.559741 0.000049 0.011560 0.003556 36 60 10.000000 1000.000000 0.001000 0.100000
-0.289567 0.000089 0.010848 0.005306 36 60 10.000000 1000.000000 0.001000 0.100000
-0.252695 0.000126 0.011243 0.004105 36 60 10.000000 1000.000000 0.001000 0.100000
-0.297592 0.000061 0.011861 0.006851 36 60 10.000000 1000.000000 0.001000 0.100000
-0.502864 0.000093 0.010439 0.005169 36 60 10.000000 1000.000000 0.001000 0.100000
-0.270310 0.000067 0.010866 0.004140 36 60 10.000000 1000.000000 0.001000 0.100000
-0.553122 0.000079 0.008206 0.004135 36 60 10.000000 1000.000000 0.001000 0.100000
-0.336268 0.000054 0.010896 0.003837 36 60 10.000000 1000.000000 0.001000 0.100000
-0.467622 0.000086 0.008965 0.004644 36 60 10.000000 1000.000000 0.001000 0.100000
-0.293294 4701422197858773237760.000000 208177386285664894451712.000000 116593869117497588439842816.000000 36 60 10.000000 1000.000000 0.001000 0.100000
-0.262343 0.000067 0.012101 0.005675 36 60 10.000000 1000.000000 0.001000 0.100000
-0.344995 0.000078 0.012113 0.003914 36 60 10.000000 1000.000000 0.001000 0.100000
-0.377744 0.000061 0.011114 0.004639 36 60 10.000000 1000.000000 0.001000 0.100000
-0.174217 0.000099 0.009365 0.002219 36 60 10.000000 1000.000000 0.001000 0.100000
-0.202387 0.000083 0.016320 0.005757 36 60 10.000000 1000.000000 0.001000 0.100000
-0.301757 0.000094 0.018001 0.005385 36 60 10.000000 1000.000000 0.001000 0.100000
-0.272489 0.000137 0.008798 0.003213 36 60 10.000000 1000.000000 0.001000 0.100000
-0.273083 0.000086 0.014476 0.005324 36 60 10.000000 1000.000000 0.001000 0.100000
-0.375567 0.000072 0.010720 0.004380 36 60 10.000000 1000.000000 0.001000 0.100000
-0.387377 0.000063 0.009852 0.004126 36 60 10.000000 1000.000000 0.001000 0.100000
-0.460440 0.000067 0.011627 0.005550 36 60 10.000000 1000.000000 0.001000 0.100000
-0.232034 0.000080 0.008183 0.004397 36 60 10.000000 1000.000000 0.001000 0.100000
-0.291442 0.000085 0.012018 0.005101 36 60 10.000000 1000.000000 0.001000 0.100000
-0.296916 0.000080 0.009305 0.002327 36 60 10.000000 1000.000000 0.001000 0.100000
-0.309025 0.000062 0.011674 0.004833 36 60 10.000000 1000.000000 0.001000 0.100000
-0.196866 0.000088 0.009869 0.003857 36 60 10.000000 1000.000000 0.001000 0.100000
-0.309204 0.000080 0.011913 0.004513 36 60 10.000000 1000.000000 0.001000 0.100000
-0.190677 0.000064 0.010965 0.005191 36 60 10.000000 1000.000000 0.001000 0.100000
-0.370757 0.000067 0.008060 0.003883 36 60 10.000000 1000.000000 0.001000 0.100000
-0.296750 0.000069 0.017403 0.004243 36 60 10.000000 1000.000000 0.001000 0.100000
-0.676897 1515986458607080734022782345390122506324123072604405760.000000 2438753378674673668741381974056914668862743435424416399360.000000 37836873771442636158951155182230734129676146923139971940352.000000 36 60 10.000000 1000.000000 0.001000 0.100000
-0.365314 0.000077 0.011561 0.004736 36 60 10.000000 1000.000000 0.001000 0.100000
-0.402728 0.000091 0.011624 0.004661 36 60 10.000000 1000.000000 0.001000 0.100000
-0.334151 0.000067 0.011680 0.003390 36 60 10.000000 1000.000000 0.001000 0.100000
-0.262195 0.000066 0.008694 0.003433 36 60 10.000000 1000.000000 0.001000 0.100000
-0.334532 0.000080 0.009660 0.004459 36 60 10.000000 1000.000000 0.001000 0.100000
-0.183990 0.000081 0.013025 0.005815 36 60 10.000000 1000.000000 0.001000 0.100000
-0.405336 0.000082 0.010785 0.006104 36 60 10.000000 1000.000000 0.001000 0.100000
-0.246720 0.000069 0.007703 0.003426 36 60 10.000000 1000.000000 0.001000 0.100000
-0.586450 0.000069 0.008846 0.002014 36 60 10.000000 1000.000000 0.001000 0.100000
-0.302828 0.000082 0.011478 0.003253 36 60 10.000000 1000.000000 0.001000 0.100000
-0.631901 6717222813358914382629283028873874315018930333841653321002667144007620703866060800.000000 14859037062314949346232547587862939096843897030911328329034252075110344098796653248512.000000 11709945250763917882773141474010967232735686318419136154945895914999045082674691571712.000000 36 60 10.000000 1000.000000 0.001000 0.100000
-0.308641 0.000930 0.016408 0.019889 36 60 10.000000 1000.000000 0.001000 0.100000
-0.385072 0.000074 0.014282 0.004962 36 60 10.000000 1000.000000 0.001000 0.100000
-0.290123 0.000070 0.010003 0.006017 36 60 10.000000 1000.000000 0.001000 0.100000
-0.257011 0.000077 0.012812 0.004722 36 60 10.000000 1000.000000 0.001000 0.100000
-0.271715 0.000076 0.009139 0.003738 36 60 10.000000 1000.000000 0.001000 0.100000
-0.359816 0.000125 0.010969 0.004655 36 60 10.000000 1000.000000 0.001000 0.100000
-0.240045 0.000065 0.007248 0.003245 36 60 10.000000 1000.000000 0.001000 0.100000
-0.233339 0.000089 0.010745 0.002983 36 60 10.000000 1000.000000 0.001000 0.100000
-0.310184 0.000074 0.008835 0.003572 36 60 10.000000 1000.000000 0.001000 0.100000
-0.401413 0.000145 0.016169 0.007238 36 60 10.000000 1000.000000 0.001000 0.100000
-0.384246 0.000075 0.016220 0.003522 36 60 10.000000 1000.000000 0.001000 0.100000
-0.505139 0.000110 0.012840 0.002911 36 60 10.000000 1000.000000 0.001000 0.100000
-0.230453 0.000059 0.010876 0.004585 36 60 10.000000 1000.000000 0.001000 0.100000
-0.252027 0.000059 0.010416 0.004265 36 60 10.000000 1000.000000 0.001000 0.100000
-0.402751 0.000096 0.009552 0.003071 36 60 10.000000 1000.000000 0.001000 0.100000
-0.438994 0.000078 0.012420 0.004934 36 60 10.000000 1000.000000 0.001000 0.100000
-0.241674 0.000060 0.008457 0.004493 36 60 10.000000 1000.000000 0.001000 0.100000
-0.277179 0.000064 0.013342 0.007589 36 60 10.000000 1000.000000 0.001000 0.100000
-0.383881 0.000070 0.011358 0.003793 36 60 10.000000 1000.000000 0.001000 0.100000
-0.362990 0.000069 0.010469 0.004181 36 60 10.000000 1000.000000 0.001000 0.100000
-0.247137 0.000122 0.023361 0.010411 36 60 10.000000 1000.000000 0.001000 0.100000
-0.421294 0.000115 0.012268 0.004114 36 60 10.000000 1000.000000 0.001000 0.100000
-0.562065 0.000054 0.008326 0.004799 36 60 10.000000 1000.000000 0.001000 0.100000
-0.525053 0.000064 0.010829 0.004878 36 60 10.000000 1000.000000 0.001000 0.100000
-0.272954 0.000097 0.009209 0.003394 36 60 10.000000 1000.000000 0.001000 0.100000
-0.360718 0.000058 0.011089 0.004350 36 60 10.000000 1000.000000 0.001000 0.100000
-0.299792 0.000080 0.014272 0.005051 36 60 10.000000 1000.000000 0.001000 0.100000
-0.324620 0.000089 0.013422 0.006690 36 60 10.000000 1000.000000 0.001000 0.100000
-0.240805 0.000067 0.007331 0.003616 36 60 10.000000 1000.000000 0.001000 0.100000
-0.255331 0.000052 0.010500 0.003873 36 60 10.000000 1000.000000 0.001000 0.100000
-0.288320 3301226919854762332829008956389767035690493981233250304.000000 2043372111536935110365675909960638782529978269324804096.000000 1.000000 36 60 10.000000 1000.000000 0.001000 0.100000
-0.432005 0.000079 0.008552 0.002826 36 60 10.000000 1000.000000 0.001000 0.100000
-0.268580 0.000086 0.011943 0.005124 36 60 10.000000 1000.000000 0.001000 0.100000
-0.324782 0.000076 0.011689 0.004186 36 60 10.000000 1000.000000 0.001000 0.100000
-0.329220 0.000060 0.011712 0.003536 36 60 10.000000 1000.000000 0.001000 0.100000
-0.454690 0.000090 0.011051 0.005121 36 60 10.000000 1000.000000 0.001000 0.100000
-0.448835 0.000095 0.008003 0.004279 36 60 10.000000 1000.000000 0.001000 0.100000
-0.351251 0.000064 0.010012 0.003713 36 60 10.000000 1000.000000 0.001000 0.100000
-0.299421 0.000082 0.012531 0.007064 36 60 10.000000 1000.000000 0.001000 0.100000
-0.305803 8747659090864104586346496.000000 3364873805036031231442026496.000000 69808946819920031335921483776.000000 36 60 10.000000 1000.000000 0.001000 0.100000
-0.356149 0.000083 0.009113 0.004490 36 60 10.000000 1000.000000 0.001000 0.100000
-0.238714 0.000096 0.013479 0.004688 36 60 10.000000 1000.000000 0.001000 0.100000
-0.644759 0.000065 0.009769 0.004585 36 60 10.000000 1000.000000 0.001000 0.100000
-0.315659 0.000080 0.009061 0.004907 36 60 10.000000 1000.000000 0.001000 0.100000
-0.422419 0.000072 0.009948 0.003889 36 60 10.000000 1000.000000 0.001000 0.100000
-0.430783 0.000109 0.011366 0.005132 36 60 10.000000 1000.000000 0.001000 0.100000
-0.418170 0.000080 0.012537 0.004658 36 60 10.000000 1000.000000 0.001000 0.100000
-0.286312 0.000062 0.012643 0.004361 36 60 10.000000 1000.000000 0.001000 0.100000
-0.258868 0.000095 0.011672 0.005107 36 60 10.000000 1000.000000 0.001000 0.100000
-0.318392 0.000072 0.008874 0.002739 36 60 10.000000 1000.000000 0.001000 0.100000
-0.281581 0.000073 0.013507 0.006279 36 60 10.000000 1000.000000 0.001000 0.100000
-0.363828 0.000139 0.012589 0.014667 36 60 10.000000 1000.000000 0.001000 0.100000
-0.201354 0.000059 0.011586 0.004045 36 60 10.000000 1000.000000 0.001000 0.100000
-0.225497 0.000068 0.013716 0.003789 36 60 10.000000 1000.000000 0.001000 0.100000
-0.315106 681816064828726409574211273402635754984547394669299692323215941515795836937491177117110893090439168.000000 1264846332358924210076288894399977350968822906606852221922468303783650761931940542296795071297617920.000000 3375161924343634554722737804023676162996020890181188201939556308277334898727258325225782366718528585728.000000 36 60 10.000000 1000.000000 0.001000 0.100000
-0.362540 0.000078 0.010999 0.004993 36 60 10.000000 1000.000000 0.001000 0.100000
-0.564969 0.000068 0.014737 0.006367 36 60 10.000000 1000.000000 0.001000 0.100000
-0.411344 0.000096 0.008496 0.003448 36 60 10.000000 1000.000000 0.001000 0.100000
-0.649922 0.000090 0.011969 0.006803 36 60 10.000000 1000.000000 0.001000 0.100000
-0.398894 0.000071 0.013242 0.003908 36 60 10.000000 1000.000000 0.001000 0.100000
-0.439295 0.000085 0.010516 0.002920 36 60 10.000000 1000.000000 0.001000 0.100000
-0.209250 0.000095 0.012665 0.006469 36 60 10.000000 1000.000000 0.001000 0.100000
-0.283529 0.000060 0.015418 0.003962 36 60 10.000000 1000.000000 0.001000 0.100000
-0.450625 0.000096 0.010317 0.004408 36 60 10.000000 1000.000000 0.001000 0.100000
-0.430169 0.000079 0.011716 0.004174 36 60 10.000000 1000.000000 0.001000 0.100000
-0.206254 0.000076 0.006722 0.004432 36 60 10.000000 1000.000000 0.001000 0.100000
-0.434296 12510984680856904442069957584755033986942846783917846953984.000000 310080973759208797544472256116492800073730911373085871439872.000000 695782271783058587923185339235323441207338154986352295280640.000000 36 60 10.000000 1000.000000 0.001000 0.100000
-0.593955 0.000080 0.008942 0.004798 36 60 10.000000 1000.000000 0.001000 0.100000
-0.335386 0.000075 0.010626 0.003655 36 60 10.000000 1000.000000 0.001000 0.100000
-0.281723 0.000070 0.009548 0.005453 36 60 10.000000 1000.000000 0.001000 0.100000
-0.212109 0.000046 0.010178 0.005896 36 60 10.000000 1000.000000 0.001000 0.100000
-0.294653 0.000059 0.009708 0.003842 36 60 10.000000 1000.000000 0.001000 0.100000
-0.245182 0.000053 0.008585 0.003632 36 60 10.000000 1000.000000 0.001000 0.100000
-0.345068 0.000083 0.010303 0.003591 36 60 10.000000 1000.000000 0.001000 0.100000
-0.200158 0.000083 0.009781 0.003306 36 60 10.000000 1000.000000 0.001000 0.100000
-0.159101 0.000074 0.013770 0.004367 36 60 10.000000 1000.000000 0.001000 0.100000
-0.238867 0.000103 0.009610 0.003482 36 60 10.000000 1000.000000 0.001000 0.100000
-0.375740 0.000068 0.011559 0.002652 36 60 10.000000 1000.000000 0.001000 0.100000
-0.402078 1458260332975098302112848486886251127015691813482659840.000000 13767600406937662224127122925974132904905209715127631216640.000000 1.000000 36 60 10.000000 1000.000000 0.001000 0.100000
-0.459294 0.000074 0.012847 0.004810 36 60 10.000000 1000.000000 0.001000 0.100000
-0.441577 4381845037134122640277581140834451862897932042985715701220493689593506923421863872029165532041183232.000000 43339728572176755270863328818806541754671162739465088420113042755926598267713768143008829781949978509312.000000 1.000000 36 60 10.000000 1000.000000 0.001000 0.100000
-0.501605 458139266082098843700497690971820787725182971466084196025971950728107068336305970904436548890001408.000000 104526610987087150651979328273692021938367432115183028457168820100665293072931697522232993431129423872.000000 1.000000 36 60 10.000000 1000.000000 0.001000 0.100000
-0.251785 4961563286628501348908291692905665479628707888827914518528.000000 115042882399650573589954650691168885663621617688567724638208.000000 151347495085770544635804620728922936518704587692559887761408.000000 36 60 10.000000 1000.000000 0.001000 0.100000
-0.222514 0.000093 0.008800 0.004516 36 60 10.000000 1000.000000 0.001000 0.100000
-0.383480 0.000074 0.012700 0.003428 36 60 10.000000 1000.000000 0.001000 0.100000
-0.226121 0.000097 0.013977 0.003915 36 60 10.000000 1000.000000 0.001000 0.100000
-0.311996 0.000106 0.008445 0.004659 36 60 10.000000 1000.000000 0.001000 0.100000
-0.402990 0.000066 0.012897 0.006215 36 60 10.000000 1000.000000 0.001000 0.100000
-0.323520 0.000082 0.009599 0.005498 36 60 10.000000 1000.000000 0.001000 0.100000
-0.308970 0.000078 0.009152 0.005191 36 60 10.000000 1000.000000 0.001000 0.100000
-0.376226 0.000063 0.011237 0.005519 36 60 10.000000 1000.000000 0.001000 0.100000
-0.497545 0.000064 0.012889 0.003295 36 60 10.000000 1000.000000 0.001000 0.100000
-0.288963 0.000093 0.015005 0.006972 36 60 10.000000 1000.000000 0.001000 0.100000
-0.367592 0.000063 0.008963 0.003655 36 60 10.000000 1000.000000 0.001000 0.100000
-0.212491 0.000083 0.005299 0.002260 36 60 10.000000 1000.000000 0.001000 0.100000
-0.159631 0.000075 0.013650 0.005835 36 60 10.000000 1000.000000 0.001000 0.100000
-0.216767 0.000066 0.008859 0.004334 36 60 10.000000 1000.000000 0.001000 0.100000
-0.157599 60060997481495001038848.000000 2002993523846874744750080.000000 455444801241481232777216.000000 36 60 10.000000 1000.000000 0.001000 0.100000
-0.190185 0.000072 0.014143 0.005549 36 60 10.000000 1000.000000 0.001000 0.100000
-0.426729 0.000083 0.012243 0.003000 36 60 10.000000 1000.000000 0.001000 0.100000
-0.214833 28259119019506681249792.000000 21958212883652851013779456.000000 1.000000 36 60 10.000000 1000.000000 0.001000 0.100000
-0.561253 0.000073 0.013925 0.006605 36 60 10.000000 1000.000000 0.001000 0.100000
-0.457572 0.000072 0.013241 0.003090 36 60 10.000000 1000.000000 0.001000 0.100000
-0.364072 0.000069 0.013584 0.002719 36 60 10.000000 1000.000000 0.001000 0.100000
-0.409910 0.000086 0.013177 0.003279 36 60 10.000000 1000.000000 0.001000 0.100000
-0.482438 0.000064 0.011510 0.005430 36 60 10.000000 1000.000000 0.001000 0.100000
-0.238961 0.000099 0.008252 0.003369 36 60 10.000000 1000.000000 0.001000 0.100000
-0.351598 41904696767888312170971136.000000 856777773989295639519821824.000000 52919042345688412754804736.000000 36 60 10.000000 1000.000000 0.001000 0.100000
-0.361944 0.000096 0.010120 0.003663 36 60 10.000000 1000.000000 0.001000 0.100000
-0.165736 0.000114 0.011798 0.005217 36 60 10.000000 1000.000000 0.001000 0.100000
-0.451195 0.000080 0.012187 0.003177 36 60 10.000000 1000.000000 0.001000 0.100000
-0.212108 0.000110 0.014792 0.005219 36 60 10.000000 1000.000000 0.001000 0.100000
-0.360043 0.000083 0.013736 0.004664 36 60 10.000000 1000.000000 0.001000 0.100000
-0.433405 0.000091 0.008448 0.003455 36 60 10.000000 1000.000000 0.001000 0.100000
-0.420478 0.000072 0.010444 0.004339 36 60 10.000000 1000.000000 0.001000 0.100000
-0.186849 0.000086 0.010369 0.003849 36 60 10.000000 1000.000000 0.001000 0.100000
-0.315152 0.000094 0.012727 0.002714 36 60 10.000000 1000.000000 0.001000 0.100000
-0.224017 0.000080 0.011620 0.005021 36 60 10.000000 1000.000000 0.001000 0.100000
-0.232899 0.000072 0.010755 0.004376 36 60 10.000000 1000.000000 0.001000 0.100000
-0.222655 0.000093 0.008449 0.003824 36 60 10.000000 1000.000000 0.001000 0.100000
-0.317158 0.000113 0.012200 0.007696 36 60 10.000000 1000.000000 0.001000 0.100000
-0.363715 0.000081 0.012475 0.003434 36 60 10.000000 1000.000000 0.001000 0.100000
-0.353687 0.000092 0.009783 0.005530 36 60 10.000000 1000.000000 0.001000 0.100000
-0.316844 0.000091 0.011016 0.002854 36 60 10.000000 1000.000000 0.001000 0.100000
-0.289231 0.000111 0.010297 0.004599 36 60 10.000000 1000.000000 0.001000 0.100000
-0.420510 1859679218008895696928768.000000 730119307917373913169920.000000 1.000000 36 60 10.000000 1000.000000 0.001000 0.100000
-0.531031 0.000068 0.007868 0.002898 36 60 10.000000 1000.000000 0.001000 0.100000
-0.364487 0.000075 0.009400 0.004658 36 60 10.000000 1000.000000 0.001000 0.100000
-0.266590 0.000103 0.012049 0.005123 36 60 10.000000 1000.000000 0.001000 0.100000
-0.241462 0.000086 0.011365 0.004041 36 60 10.000000 1000.000000 0.001000 0.100000
-0.312240 0.000068 0.008048 0.003313 36 60 10.000000 1000.000000 0.001000 0.100000
-0.285249 0.000070 0.010399 0.003719 36 60 10.000000 1000.000000 0.001000 0.100000
-0.240284 0.000115 0.013092 0.005052 36 60 10.000000 1000.000000 0.001000 0.100000
-0.191824 0.000076 0.007831 0.004538 36 60 10.000000 1000.000000 0.001000 0.100000
-0.405355 0.000069 0.008270 0.003074 36 60 10.000000 1000.000000 0.001000 0.100000
-0.279457 0.000072 0.008528 0.004350 36 60 10.000000 1000.000000 0.001000 0.100000
-0.294964 0.000068 0.012487 0.005329 36 60 10.000000 1000.000000 0.001000 0.100000
-0.427280 0.000096 0.011404 0.003753 36 60 10.000000 1000.000000 0.001000 0.100000
-0.148505 0.000063 0.007367 0.003979 36 60 10.000000 1000.000000 0.001000 0.100000
-0.170613 0.000066 0.014073 0.003571 36 60 10.000000 1000.000000 0.001000 0.100000
-0.196179 0.000053 0.011034 0.003669 36 60 10.000000 1000.000000 0.001000 0.100000
-0.416036 0.000052 0.008643 0.004034 36 60 10.000000 1000.000000 0.001000 0.100000
-0.350135 975952322520495106740191026346997497329655191053686038004307557613568.000000 14701802404713703255931917520921409082743034428823235314897325159088128.000000 1.000000 36 60 10.000000 1000.000000 0.001000 0.100000
-0.484113 0.000076 0.008195 0.004189 36 60 10.000000 1000.000000 0.001000 0.100000
-0.298577 1057728958450236662708003122730671910486161665000538576085456296869888.000000 4255701028266354785086203107178223748301579618395896898483428614209536.000000 166408330681575732267747603629160369574942795884725458036909570793668608.000000 36 60 10.000000 1000.000000 0.001000 0.100000
-0.417591 0.000086 0.009688 0.003032 36 60 10.000000 1000.000000 0.001000 0.100000
-0.294543 0.000051 0.005711 0.004604 36 60 10.000000 1000.000000 0.001000 0.100000
-0.415673 0.000064 0.013434 0.003911 36 60 10.000000 1000.000000 0.001000 0.100000
-0.400052 0.000081 0.014479 0.004221 36 60 10.000000 1000.000000 0.001000 0.100000
-0.341531 0.000090 0.015384 0.005199 36 60 10.000000 1000.000000 0.001000 0.100000
-0.231170 0.000079 0.009823 0.003356 36 60 10.000000 1000.000000 0.001000 0.100000
-0.335280 0.000090 0.007202 0.003927 36 60 10.000000 1000.000000 0.001000 0.100000
-0.336959 269166668204125183803392.000000 4321392544026582063251456.000000 1.000000 36 60 10.000000 1000.000000 0.001000 0.100000
-0.262949 0.000082 0.010578 0.003627 36 60 10.000000 1000.000000 0.001000 0.100000
-0.472705 0.000080 0.009696 0.003669 36 60 10.000000 1000.000000 0.001000 0.100000
-0.283734 0.000173 0.008366 0.003980 36 60 10.000000 1000.000000 0.001000 0.100000
-0.243966 0.000069 0.006123 0.002541 36 60 10.000000 1000.000000 0.001000 0.100000
-0.257199 0.000155 0.010709 0.004058 36 60 10.000000 1000.000000 0.001000 0.100000
-0.373397 0.000085 0.007876 0.005937 36 60 10.000000 1000.000000 0.001000 0.100000
-0.495780 0.000113 0.009918 0.002614 36 60 10.000000 1000.000000 0.001000 0.100000
-0.456374 0.000065 0.010566 0.004394 36 60 10.000000 1000.000000 0.001000 0.100000
-0.512710 0.000057 0.010320 0.002879 36 60 10.000000 1000.000000 0.001000 0.100000
-0.564453 302692338227265826455552.000000 82170421775045996874563584.000000 466375476469847004930899968.000000 36 60 10.000000 1000.000000 0.001000 0.100000
-0.297194 0.000059 0.010504 0.003514 36 60 10.000000 1000.000000 0.001000 0.100000
-0.375804 0.000076 0.009786 0.004087 36 60 10.000000 1000.000000 0.001000 0.100000
-0.211954 0.000069 0.008649 0.003647 36 60 10.000000 1000.000000 0.001000 0.100000
-0.277988 0.000074 0.010711 0.005203 36 60 10.000000 1000.000000 0.001000 0.100000
-0.402129 0.000062 0.011046 0.003285 36 60 10.000000 1000.000000 0.001000 0.100000
-0.282229 0.000083 0.010716 0.003625 36 60 10.000000 1000.000000 0.001000 0.100000
-0.104622 95653941746817133594238922315906742653921286355173920210944.000000 61082263346886202063426037234638609554531074594972417919025152.000000 1.000000 36 60 10.000000 1000.000000 0.001000 0.100000
-0.443809 0.000075 0.009635 0.004753 36 60 10.000000 1000.000000 0.001000 0.100000
-0.234354 0.000064 0.009388 0.003448 36 60 10.000000 1000.000000 0.001000 0.100000
-0.473856 822568422613628854495870976.000000 5787450478782360821488943104.000000 1851831274725536378810007552.000000 36 60 10.000000 1000.000000 0.001000 0.100000
-0.335436 0.000084 0.013153 0.004991 36 60 10.000000 1000.000000 0.001000 0.100000
-0.336456 0.000112 0.011885 0.007975 36 60 10.000000 1000.000000 0.001000 0.100000
-0.395092 0.000078 0.009164 0.002711 36 60 10.000000 1000.000000 0.001000 0.100000
-0.527258 0.000089 0.010051 0.003331 36 60 10.000000 1000.000000 0.001000 0.100000
-0.243695 0.000136 0.012887 0.004605 36 60 10.000000 1000.000000 0.001000 0.100000
-0.446289 0.000074 0.012201 0.004187 36 60 10.000000 1000.000000 0.001000 0.100000
-0.189603 0.000054 0.009381 0.003784 36 60 10.000000 1000.000000 0.001000 0.100000
-0.239325 0.000077 0.010044 0.004161 36 60 10.000000 1000.000000 0.001000 0.100000
-0.616040 0.000057 0.008784 0.002926 36 60 10.000000 1000.000000 0.001000 0.100000
-0.324915 0.000094 0.013446 0.004650 36 60 10.000000 1000.000000 0.001000 0.100000
-0.300086 0.000082 0.009515 0.004154 36 60 10.000000 1000.000000 0.001000 0.100000
-0.517180 0.000092 0.015524 0.003484 36 60 10.000000 1000.000000 0.001000 0.100000
-0.521212 0.000059 0.010890 0.004309 36 60 10.000000 1000.000000 0.001000 0.100000
-0.280507 0.000071 0.012081 0.003326 36 60 10.000000 1000.000000 0.001000 0.100000
-0.315148 0.000091 0.015280 0.004745 36 60 10.000000 1000.000000 0.001000 0.100000
-0.144973 0.000061 0.008995 0.002299 36 60 10.000000 1000.000000 0.001000 0.100000
-0.257701 0.000056 0.013913 0.004581 36 60 10.000000 1000.000000 0.001000 0.100000
-0.237419 0.000057 0.008825 0.006102 36 60 10.000000 1000.000000 0.001000 0.100000
-0.362511 0.000133 0.007043 0.002540 36 60 10.000000 1000.000000 0.001000 0.100000
-0.445335 0.000094 0.012297 0.003932 36 60 10.000000 1000.000000 0.001000 0.100000
-0.314811 0.000077 0.010557 0.002984 36 60 10.000000 1000.000000 0.001000 0.100000
-0.200196 59034144414472855552.000000 367790996838547849216.000000 1.000000 36 60 10.000000 1000.000000 0.001000 0.100000
-0.417556 0.000097 0.007744 0.002930 36 60 10.000000 1000.000000 0.001000 0.100000
-0.422078 0.000067 0.008335 0.003719 36 60 10.000000 1000.000000 0.001000 0.100000
-0.257586 0.000075 0.009142 0.004065 36 60 10.000000 1000.000000 0.001000 0.100000
-0.347107 0.000065 0.008513 0.003071 36 60 10.000000 1000.000000 0.001000 0.100000
-0.346978 0.000057 0.008419 0.004560 36 60 10.000000 1000.000000 0.001000 0.100000
-0.386850 0.000060 0.013688 0.004458 36 60 10.000000 1000.000000 0.001000 0.100000
-0.209623 0.000084 0.011771 0.004124 36 60 10.000000 1000.000000 0.001000 0.100000
-0.296418 0.000076 0.012089 0.004297 36 60 10.000000 1000.000000 0.001000 0.100000
-0.478768 0.000111 0.008241 0.002896 36 60 10.000000 1000.000000 0.001000 0.100000
-0.272171 0.000065 0.013250 0.004349 36 60 10.000000 1000.000000 0.001000 0.100000
-0.588283 0.000073 0.015430 0.006017 36 60 10.000000 1000.000000 0.001000 0.100000
-0.288267 0.000104 0.008799 0.003408 36 60 10.000000 1000.000000 0.001000 0.100000
-0.311980 0.000070 0.013506 0.003313 36 60 10.000000 1000.000000 0.001000 0.100000
-0.464547 0.000071 0.009284 0.003965 36 60 10.000000 1000.000000 0.001000 0.100000
-0.400243 0.000106 0.008550 0.003564 36 60 10.000000 1000.000000 0.001000 0.100000
-0.288936 0.000079 0.012122 0.005061 36 60 10.000000 1000.000000 0.001000 0.100000
-0.349749 0.000080 0.009969 0.003821 36 60 10.000000 1000.000000 0.001000 0.100000
-0.189761 90927865204768410146835099900961830394730049582286554107422862043250688.000000 1348633365331121384926027061830699146062193323004108637354493857790689280.000000 1.000000 36 60 10.000000 1000.000000 0.001000 0.100000
-0.156153 0.000098 0.017432 0.004510 36 60 10.000000 1000.000000 0.001000 0.100000
-0.471457 37457627272320893755460526237593386310357028782809501010959489815841312633735244013402403274489856.000000 86469846525106793109102413710221820828140483547574473898284503958414623739080459829261760471236608.000000 206003535421364413740401477296366953307862603160472912716037372331380303877396138014268943281160192.000000 36 60 10.000000 1000.000000 0.001000 0.100000
-0.312025 0.000111 0.009848 0.003808 36 60 10.000000 1000.000000 0.001000 0.100000
-0.325219 0.000137 0.014401 0.004868 36 60 10.000000 1000.000000 0.001000 0.100000
-0.531503 0.000067 0.013813 0.006556 36 60 10.000000 1000.000000 0.001000 0.100000
-0.324463 0.000105 0.008930 0.002742 36 60 10.000000 1000.000000 0.001000 0.100000
-0.235127 0.000060 0.009733 0.005242 36 60 10.000000 1000.000000 0.001000 0.100000
-0.324576 0.000068 0.016909 0.005673 36 60 10.000000 1000.000000 0.001000 0.100000
-0.335771 0.000060 0.007687 0.003988 36 60 10.000000 1000.000000 0.001000 0.100000
-0.375754 0.000072 0.010027 0.004418 36 60 10.000000 1000.000000 0.001000 0.100000
-0.231741 0.000080 0.016495 0.004145 36 60 10.000000 1000.000000 0.001000 0.100000
-0.234632 0.000093 0.010636 0.003310 36 60 10.000000 1000.000000 0.001000 0.100000
-0.234850 0.000093 0.008739 0.003136 36 60 10.000000 1000.000000 0.001000 0.100000
-0.462148 0.000061 0.011379 0.004281 36 60 10.000000 1000.000000 0.001000 0.100000
-0.456948 0.000079 0.008755 0.003575 36 60 10.000000 1000.000000 0.001000 0.100000
-0.448846 0.000069 0.011526 0.005751 36 60 10.000000 1000.000000 0.001000 0.100000
-0.535588 0.000066 0.010120 0.005192 36 60 10.000000 1000.000000 0.001000 0.100000
-0.241115 0.000190 0.031503 0.012781 36 60 10.000000 1000.000000 0.001000 0.100000
-0.342135 0.000098 0.011472 0.004134 36 60 10.000000 1000.000000 0.001000 0.100000
-0.362323 0.000068 0.012347 0.006046 36 60 10.000000 1000.000000 0.001000 0.100000
-0.169114 0.000078 0.010799 0.004383 36 60 10.000000 1000.000000 0.001000 0.100000
-0.252513 0.000065 0.011036 0.003254 36 60 10.000000 1000.000000 0.001000 0.100000
-0.222003 0.000067 0.012177 0.002934 36 60 10.000000 1000.000000 0.001000 0.100000
-0.280694 0.000084 0.009824 0.004522 36 60 10.000000 1000.000000 0.001000 0.100000
-0.186167 0.000079 0.009646 0.004245 36 60 10.000000 1000.000000 0.001000 0.100000
-0.340739 0.000098 0.008392 0.004996 36 60 10.000000 1000.000000 0.001000 0.100000
-0.263820 0.000080 0.009900 0.004516 36 60 10.000000 1000.000000 0.001000 0.100000
-0.302715 0.000069 0.013527 0.003925 36 60 10.000000 1000.000000 0.001000 0.100000
-0.363732 0.000115 0.009164 0.005270 36 60 10.000000 1000.000000 0.001000 0.100000
-0.266629 0.000068 0.012754 0.004987 36 60 10.000000 1000.000000 0.001000 0.100000
-0.257128 0.000075 0.008947 0.003553 36 60 10.000000 1000.000000 0.001000 0.100000
-0.249538 0.000071 0.010398 0.002981 36 60 10.000000 1000.000000 0.001000 0.100000
-0.463837 0.000066 0.008593 0.003647 36 60 10.000000 1000.000000 0.001000 0.100000
-0.275192 0.000099 0.013235 0.005739 36 60 10.000000 1000.000000 0.001000 0.100000
-0.503223 0.000063 0.014130 0.004972 36 60 10.000000 1000.000000 0.001000 0.100000
-0.434196 0.000077 0.013615 0.006817 36 60 10.000000 1000.000000 0.001000 0.100000
-0.527765 0.000072 0.010919 0.003244 36 60 10.000000 1000.000000 0.001000 0.100000
-0.581274 0.000072 0.010368 0.004312 36 60 10.000000 1000.000000 0.001000 0.100000
-0.240537 0.000096 0.009332 0.003075 36 60 10.000000 1000.000000 0.001000 0.100000
-0.343428 0.000068 0.009686 0.003961 36 60 10.000000 1000.000000 0.001000 0.100000
-0.238150 0.000082 0.010753 0.003440 36 60 10.000000 1000.000000 0.001000 0.100000
-0.284184 0.000064 0.013447 0.005343 36 60 10.000000 1000.000000 0.001000 0.100000
-0.282941 0.000061 0.007468 0.003813 36 60 10.000000 1000.000000 0.001000 0.100000
-0.224706 0.000096 0.013417 0.004309 36 60 10.000000 1000.000000 0.001000 0.100000
-0.503731 0.000065 0.008802 0.005021 36 60 10.000000 1000.000000 0.001000 0.100000
-0.153866 0.000060 0.009671 0.005701 36 60 10.000000 1000.000000 0.001000 0.100000
-0.640276 0.000156 0.011248 0.005405 36 60 10.000000 1000.000000 0.001000 0.100000
-0.405590 0.000068 0.010878 0.003087 36 60 10.000000 1000.000000 0.001000 0.100000
-0.283005 10869325173746943760497623361102092767364304239189326092194324102153390405017769964068549884379136.000000 420238613595322430363346457418353964553291674160597875743601969606738096837565047327270190201176064.000000 824014141685457654961605909185467813231450412641891650864149489325521215509584552057075773124640768.000000 36 60 10.000000 1000.000000 0.001000 0.100000
-0.276719 0.000052 0.011653 0.003732 36 60 10.000000 1000.000000 0.001000 0.100000
-0.253570 0.000061 0.006707 0.002702 36 60 10.000000 1000.000000 0.001000 0.100000
-0.245469 0.000076 0.012591 0.006088 36 60 10.000000 1000.000000 0.001000 0.100000
-0.166169 4930487657786509075939328.000000 56255281939300574256168960.000000 1.000000 36 60 10.000000 1000.000000 0.001000 0.100000
-0.304605 0.000083 0.009515 0.004801 36 60 10.000000 1000.000000 0.001000 0.100000
-0.327516 0.000052 0.008693 0.003300 36 60 10.000000 1000.000000 0.001000 0.100000
-0.592893 0.000068 0.010784 0.004489 36 60 10.000000 1000.000000 0.001000 0.100000
-0.258149 0.000087 0.005984 0.002703 36 60 10.000000 1000.000000 0.001000 0.100000
-0.436219 5699584652447227407872366231196071753842999350557316535549952.000000 166838076453031425493646350642385776093666427072465932197560320.000000 10567687496868841712246209307850701488958458178227015501479936.000000 36 60 10.000000 1000.000000 0.001000 0.100000
-0.195312 0.000076 0.008139 0.004548 36 60 10.000000 1000.000000 0.001000 0.100000
-0.391399 0.000065 0.009937 0.004639 36 60 10.000000 1000.000000 0.001000 0.100000
-0.528183 0.000079 0.010064 0.004204 36 60 10.000000 1000.000000 0.001000 0.100000
-0.659710 0.000060 0.010084 0.003861 36 60 10.000000 1000.000000 0.001000 0.100000
-0.338069 0.000086 0.008039 0.003031 36 60 10.000000 1000.000000 0.001000 0.100000
-0.347442 0.000070 0.010142 0.004227 36 60 10.000000 1000.000000 0.001000 0.100000
-0.369954 0.000077 0.011597 0.004994 36 60 10.000000 1000.000000 0.001000 0.100000
-0.211993 0.000059 0.009758 0.005306 36 60 10.000000 1000.000000 0.001000 0.100000
-0.252693 0.000072 0.015853 0.004295 36 60 10.000000 1000.000000 0.001000 0.100000
-0.258267 0.000120 0.010792 0.005294 36 60 10.000000 1000.000000 0.001000 0.100000
-0.376311 0.000073 0.010416 0.004040 36 60 10.000000 1000.000000 0.001000 0.100000
-0.186819 0.000094 0.007756 0.004065 36 60 10.000000 1000.000000 0.001000 0.100000
-0.398559 0.000091 0.008983 0.005786 36 60 10.000000 1000.000000 0.001000 0.100000
-0.240171 0.000069 0.010907 0.003696 36 60 10.000000 1000.000000 0.001000 0.100000
-0.307594 0.000076 0.007719 0.002986 36 60 10.000000 1000.000000 0.001000 0.100000
-0.453953 0.000094 0.008937 0.004870 36 60 10.000000 1000.000000 0.001000 0.100000
-0.288627 0.000133 0.008342 0.003561 36 60 10.000000 1000.000000 0.001000 0.100000
-0.212623 898724421433451614306304.000000 2305936669702791575849926656.000000 1.000000 36 60 10.000000 1000.000000 0.001000 0.100000
-0.208471 0.000071 0.009676 0.002687 36 60 10.000000 1000.000000 0.001000 0.100000
-0.474808 0.000072 0.012460 0.004390 36 60 10.000000 1000.000000 0.001000 0.100000
-0.220863 0.000075 0.013801 0.004657 36 60 10.000000 1000.000000 0.001000 0.100000
-0.566904 0.000068 0.013139 0.004905 36 60 10.000000 1000.000000 0.001000 0.100000
-0.304879 0.000067 0.012533 0.004820 36 60 10.000000 1000.000000 0.001000 0.100000
-0.604696 0.000072 0.011631 0.003072 36 60 10.000000 1000.000000 0.001000 0.100000
-0.432686 0.000058 0.008711 0.003769 36 60 10.000000 1000.000000 0.001000 0.100000
-0.600351 0.000098 0.010037 0.003237 36 60 10.000000 1000.000000 0.001000 0.100000
-0.513266 0.000080 0.006943 0.004337 36 60 10.000000 1000.000000 0.001000 0.100000
-0.220947 0.000072 0.010093 0.004002 36 60 10.000000 1000.000000 0.001000 0.100000
-0.285378 0.000083 0.010408 0.002755 36 60 10.000000 1000.000000 0.001000 0.100000
-0.347477 0.000072 0.011417 0.004959 36 60 10.000000 1000.000000 0.001000 0.100000
-0.251983 0.000104 0.010522 0.003576 36 60 10.000000 1000.000000 0.001000 0.100000
-0.241750 0.000080 0.011495 0.003339 36 60 10.000000 1000.000000 0.001000 0.100000
-0.212771 0.000086 0.007461 0.003733 36 60 10.000000 1000.000000 0.001000 0.100000
-0.377993 0.000064 0.010117 0.003161 36 60 10.000000 1000.000000 0.001000 0.100000
-0.449871 0.000067 0.011429 0.004833 36 60 10.000000 1000.000000 0.001000 0.100000
-0.350376 0.000098 0.007613 0.003621 36 60 10.000000 1000.000000 0.001000 0.100000
-0.255740 0.000089 0.011100 0.004845 36 60 10.000000 1000.000000 0.001000 0.100000
-0.419873 0.000064 0.008946 0.006596 36 60 10.000000 1000.000000 0.001000 0.100000
-0.208186 5823603008601649846005395754842611650071088499263537152.000000 6763779632682210766382712707860894517395679479630659584.000000 1.000000 36 60 10.000000 1000.000000 0.001000 0.100000
-0.322643 0.000084 0.010743 0.004277 36 60 10.000000 1000.000000 0.001000 0.100000
-0.245560 0.000120 0.014883 0.004435 36 60 10.000000 1000.000000 0.001000 0.100000
-0.283738 0.000081 0.011463 0.004147 36 60 10.000000 1000.000000 0.001000 0.100000
-0.341047 0.000125 0.011122 0.004326 36 60 10.000000 1000.000000 0.001000 0.100000
-0.321131 0.000086 0.010147 0.006708 36 60 10.000000 1000.000000 0.001000 0.100000
-0.402941 0.000074 0.010955 0.003630 36 60 10.000000 1000.000000 0.001000 0.100000
-0.253790 0.000079 0.010200 0.004941 36 60 10.000000 1000.000000 0.001000 0.100000
-0.631815 0.000071 0.014247 0.003635 36 60 10.000000 1000.000000 0.001000 0.100000
-0.371918 0.000092 0.013295 0.004326 36 60 10.000000 1000.000000 0.001000 0.100000
-0.327889 0.000060 0.011604 0.003876 36 60 10.000000 1000.000000 0.001000 0.100000
-0.300113 0.000096 0.009160 0.003289 36 60 10.000000 1000.000000 0.001000 0.100000
-0.236616 0.000097 0.009751 0.003319 36 60 10.000000 1000.000000 0.001000 0.100000
-0.488825 0.000081 0.013110 0.004208 36 60 10.000000 1000.000000 0.001000 0.100000
-0.251235 0.000167 0.013069 0.005443 36 60 10.000000 1000.000000 0.001000 0.100000
-0.286761 0.000259 0.014983 0.008875 36 60 10.000000 1000.000000 0.001000 0.100000
-0.255081 0.000078 0.018035 0.004433 36 60 10.000000 1000.000000 0.001000 0.100000
-0.213370 0.000084 0.011380 0.003964 36 60 10.000000 1000.000000 0.001000 0.100000
-0.532201 0.000096 0.014613 0.008335 36 60 10.000000 1000.000000 0.001000 0.100000
-0.277709 0.000060 0.014214 0.006035 36 60 10.000000 1000.000000 0.001000 0.100000
-0.489054 0.000090 0.009652 0.002788 36 60 10.000000 1000.000000 0.001000 0.100000
-0.231230 0.000057 0.007309 0.002596 36 60 10.000000 1000.000000 0.001000 0.100000
-0.211133 0.000077 0.009861 0.005680 36 60 10.000000 1000.000000 0.001000 0.100000
-0.284504 0.000078 0.008793 0.002752 36 60 10.000000 1000.000000 0.001000 0.100000
-0.222580 0.000076 0.012688 0.004095 36 60 10.000000 1000.000000 0.001000 0.100000
-0.175809 111053648540573550772224.000000 461905309716546781184.000000 455444801238785939472384.000000 36 60 10.000000 1000.000000 0.001000 0.100000
-0.205460 0.000061 0.013870 0.004219 36 60 10.000000 1000.000000 0.001000 0.100000
-0.425889 0.000071 0.009487 0.004250 36 60 10.000000 1000.000000 0.001000 0.100000
-0.290840 0.000056 0.010042 0.003835 36 60 10.000000 1000.000000 0.001000 0.100000
-0.390198 0.000108 0.012380 0.004483 36 60 10.000000 1000.000000 0.001000 0.100000
-0.317461 0.000086 0.006200 0.003205 36 60 10.000000 1000.000000 0.001000 0.100000
-0.307837 0.000060 0.021456 0.005514 36 60 10.000000 1000.000000 0.001000 0.100000
-0.301873 5392906395553871731621888.000000 5760590370821163397939200.000000 7287116819847478706700288.000000 36 60 10.000000 1000.000000 0.001000 0.100000
-0.286240 0.000092 0.010316 0.004021 36 60 10.000000 1000.000000 0.001000 0.100000
-0.189663 94914591004179797455684185593189504419195738295015309312.000000 16946619652191438888758150977019853617924770279506696994816.000000 37836873771442636158951155182230734129676146923139971940352.000000 36 60 10.000000 1000.000000 0.001000 0.100000
-0.267737 0.000077 0.012285 0.003401 36 60 10.000000 1000.000000 0.001000 0.100000
-0.218187 0.000063 0.009293 0.004500 36 60 10.000000 1000.000000 0.001000 0.100000
-0.326242 0.000064 0.008752 0.003277 36 60 10.000000 1000.000000 0.001000 0.100000
-0.304505 0.000116 0.013087 0.005926 36 60 10.000000 1000.000000 0.001000 0.100000
-0.170972 0.000061 0.009521 0.003795 36 60 10.000000 1000.000000 0.001000 0.100000
-0.426612 0.000073 0.008487 0.003459 36 60 10.000000 1000.000000 0.001000 0.100000
-0.238865 0.000079 0.007221 0.003607 36 60 10.000000 1000.000000 0.001000 0.100000
-0.273911 1343548850589983664161467039391957023040992360714469376.000000 398993963842068346289999136874320767314224714120727363584.000000 36950072042424449373975737482647201298511862229628878848.000000 36 60 10.000000 1000.000000 0.001000 0.100000
-0.348283 4147634517255177220653056.000000 3267795091531084081397760.000000 1.000000 36 60 10.000000 1000.000000 0.001000 0.100000
-0.238453 185091060456362571500277194710155612770013930502611795968.000000 957859417256856374341121570058465340598075085102776320.000000 436093987762703938783251056026052086485236361717495103488.000000 36 60 10.000000 1000.000000 0.001000 0.100000
-0.324060 0.000082 0.010039 0.002979 36 60 10.000000 1000.000000 0.001000 0.100000
-0.284491 0.000064 0.009872 0.004407 36 60 10.000000 1000.000000 0.001000 0.100000
-0.219618 0.000073 0.011707 0.003650 36 60 10.000000 1000.000000 0.001000 0.100000
-0.230919 0.000098 0.012790 0.005137 36 60 10.000000 1000.000000 0.001000 0.100000
-0.255153 0.000081 0.011064 0.004665 36 60 10.000000 1000.000000 0.001000 0.100000
-0.253912 0.000101 0.011222 0.003583 36 60 10.000000 1000.000000 0.001000 0.100000
-0.254287 0.000076 0.009449 0.003754 36 60 10.000000 1000.000000 0.001000 0.100000
-0.194109 0.000073 0.011087 0.003714 36 60 10.000000 1000.000000 0.001000 0.100000
-0.238817 0.000096 0.011396 0.004917 36 60 10.000000 1000.000000 0.001000 0.100000
-0.561003 0.000111 0.008421 0.004351 36 60 10.000000 1000.000000 0.001000 0.100000
-0.376184 0.000069 0.011123 0.004422 36 60 10.000000 1000.000000 0.001000 0.100000
-0.396981 0.000119 0.010412 0.006459 36 60 10.000000 1000.000000 0.001000 0.100000
-0.421151 0.000268 0.011093 0.011840 36 60 10.000000 1000.000000 0.001000 0.100000
-0.475709 9020218527880607659196416.000000 450191269408988101856985088.000000 466375476469847004930899968.000000 36 60 10.000000 1000.000000 0.001000 0.100000
-0.288112 0.000072 0.007982 0.002992 36 60 10.000000 1000.000000 0.001000 0.100000
-0.320082 0.000119 0.007938 0.002951 36 60 10.000000 1000.000000 0.001000 0.100000
-0.357339 0.000057 0.011476 0.005954 36 60 10.000000 1000.000000 0.001000 0.100000
-0.444306 0.000049 0.009749 0.004034 36 60 10.000000 1000.000000 0.001000 0.100000
-0.362901 0.000076 0.010453 0.004758 36 60 10.000000 1000.000000 0.001000 0.100000
-0.313717 0.000081 0.010258 0.005105 36 60 10.000000 1000.000000 0.001000 0.100000
-0.252590 0.000119 0.007939 0.002463 36 60 10.000000 1000.000000 0.001000 0.100000
-0.205879 0.000100 0.012916 0.005338 36 60 10.000000 1000.000000 0.001000 0.100000
-0.283478 0.000065 0.008805 0.002509 36 60 10.000000 1000.000000 0.001000 0.100000
-0.185096 0.000071 0.008530 0.004385 36 60 10.000000 1000.000000 0.001000 0.100000
-0.443465 0.000060 0.008038 0.003076 36 60 10.000000 1000.000000 0.001000 0.100000
-0.419559 0.002984 0.064251 0.006694 36 60 10.000000 1000.000000 0.001000 0.100000
-0.560843 0.000083 0.010206 0.005853 36 60 10.000000 1000.000000 0.001000 0.100000
-0.279122 0.000112 0.011922 0.004248 36 60 10.000000 1000.000000 0.001000 0.100000
-0.389361 0.000100 0.011786 0.004469 36 60 10.000000 1000.000000 0.001000 0.100000
-0.320837 0.000089 0.011481 0.003015 36 60 10.000000 1000.000000 0.001000 0.100000
-0.305005 0.000077 0.010146 0.004565 36 60 10.000000 1000.000000 0.001000 0.100000
-0.379065 0.000094 0.011858 0.003499 36 60 10.000000 1000.000000 0.001000 0.100000
-0.312510 0.000177 0.013305 0.004366 36 60 10.000000 1000.000000 0.001000 0.100000
-0.264077 0.000062 0.009732 0.005383 36 60 10.000000 1000.000000 0.001000 0.100000
-0.325537 0.000112 0.010782 0.004143 36 60 10.000000 1000.000000 0.001000 0.100000
-0.703458 0.000082 0.009717 0.005273 36 60 10.000000 1000.000000 0.001000 0.100000
-0.389555 0.000071 0.016394 0.004186 36 60 10.000000 1000.000000 0.001000 0.100000
-0.321889 0.000109 0.008716 0.002937 36 60 10.000000 1000.000000 0.001000 0.100000
-0.240314 0.000081 0.012409 0.004507 36 60 10.000000 1000.000000 0.001000 0.100000
-0.288126 0.000067 0.011596 0.005025 36 60 10.000000 1000.000000 0.001000 0.100000
-0.232732 0.000079 0.012127 0.006255 36 60 10.000000 1000.000000 0.001000 0.100000
-0.275999 0.000114 0.011944 0.004586 36 60 10.000000 1000.000000 0.001000 0.100000
-0.269908 0.000067 0.009300 0.003367 36 60 10.000000 1000.000000 0.001000 0.100000
-0.285801 0.000065 0.012988 0.003959 36 60 10.000000 1000.000000 0.001000 0.100000
-0.326537 0.000085 0.013384 0.004151 36 60 10.000000 1000.000000 0.001000 0.100000
-0.316914 0.000097 0.011640 0.003655 36 60 10.000000 1000.000000 0.001000 0.100000
-0.236989 10429704906826137670254592.000000 38718123954408522360970805248.000000 110790591460072740836343808.000000 36 60 10.000000 1000.000000 0.001000 0.100000
-0.524902 0.000080 0.009191 0.002509 36 60 10.000000 1000.000000 0.001000 0.100000
-0.468578 0.000061 0.010861 0.004585 36 60 10.000000 1000.000000 0.001000 0.100000
-0.240513 0.000070 0.010280 0.004396 36 60 10.000000 1000.000000 0.001000 0.100000
-0.338791 0.000082 0.011422 0.005144 36 60 10.000000 1000.000000 0.001000 0.100000
-0.391388 2860806185257500539879424.000000 6102473726000550620692480.000000 116593869117450807656054784.000000 36 60 10.000000 1000.000000 0.001000 0.100000
-0.351333 0.000085 0.010313 0.005973 36 60 10.000000 1000.000000 0.001000 0.100000
-0.331637 0.000112 0.010325 0.004682 36 60 10.000000 1000.000000 0.001000 0.100000
-0.475669 0.000073 0.009435 0.005057 36 60 10.000000 1000.000000 0.001000 0.100000
-0.321996 0.000073 0.009241 0.003887 36 60 10.000000 1000.000000 0.001000 0.100000
-0.334887 0.000090 0.011406 0.004165 36 60 10.000000 1000.000000 0.001000 0.100000
-0.319955 0.000082 0.011342 0.003823 36 60 10.000000 1000.000000 0.001000 0.100000
-0.381071 0.000082 0.011600 0.004004 36 60 10.000000 1000.000000 0.001000 0.100000
-0.427317 0.000102 0.013761 0.004022 36 60 10.000000 1000.000000 0.001000 0.100000
-0.517548 0.000063 0.012208 0.013014 36 60 10.000000 1000.000000 0.001000 0.100000
-0.200927 0.000089 0.012060 0.006065 36 60 10.000000 1000.000000 0.001000 0.100000
-0.378985 0.000051 0.009499 0.004044 36 60 10.000000 1000.000000 0.001000 0.100000
-0.604275 0.000074 0.007850 0.004020 36 60 10.000000 1000.000000 0.001000 0.100000
-0.329135 0.000088 0.008070 0.002777 36 60 10.000000 1000.000000 0.001000 0.100000
-0.426007 0.000099 0.017052 0.007142 36 60 10.000000 1000.000000 0.001000 0.100000
-0.245596 0.000094 0.013004 0.003278 36 60 10.000000 1000.000000 0.001000 0.100000
-0.265745 22477801956853774548992.000000 700943827841287331776561152.000000 1.000000 36 60 10.000000 1000.000000 0.001000 0.100000
-0.296814 0.000081 0.010636 0.005571 36 60 10.000000 1000.000000 0.001000 0.100000
-0.552403 0.000056 0.010708 0.007032 36 60 10.000000 1000.000000 0.001000 0.100000
-0.255001 0.000089 0.016013 0.004301 36 60 10.000000 1000.000000 0.001000 0.100000
-0.341129 0.000057 0.011375 0.007046 36 60 10.000000 1000.000000 0.001000 0.100000
-0.369312 0.000073 0.011136 0.005707 36 60 10.000000 1000.000000 0.001000 0.100000
-0.417766 0.000161 0.015772 0.004394 36 60 10.000000 1000.000000 0.001000 0.100000
-0.179946 0.000084 0.014587 0.003368 36 60 10.000000 1000.000000 0.001000 0.100000
-0.257374 0.000078 0.007948 0.002453 36 60 10.000000 1000.000000 0.001000 0.100000
-0.249513 0.000077 0.009277 0.004412 36 60 10.000000 1000.000000 0.001000 0.100000
-0.282689 0.000110 0.010138 0.004935 36 60 10.000000 1000.000000 0.001000 0.100000
-0.274739 0.000063 0.010124 0.005353 36 60 10.000000 1000.000000 0.001000 0.100000
-0.226079 0.000088 0.016850 0.006415 36 60 10.000000 1000.000000 0.001000 0.100000
-0.316200 0.000107 0.014553 0.004809 36 60 10.000000 1000.000000 0.001000 0.100000
-0.168666 0.000071 0.007899 0.003765 36 60 10.000000 1000.000000 0.001000 0.100000
-0.473217 0.000067 0.011568 0.005184 36 60 10.000000 1000.000000 0.001000 0.100000
-0.168375 0.000082 0.015172 0.006289 36 60 10.000000 1000.000000 0.001000 0.100000
-0.621375 0.000070 0.009399 0.004590 36 60 10.000000 1000.000000 0.001000 0.100000
-0.272614 0.000063 0.008709 0.003500 36 60 10.000000 1000.000000 0.001000 0.100000
-0.265990 0.000080 0.009866 0.004035 36 60 10.000000 1000.000000 0.001000 0.100000
-0.173684 0.000077 0.011503 0.004219 36 60 10.000000 1000.000000 0.001000 0.100000
-0.388160 0.000069 0.010957 0.004859 36 60 10.000000 1000.000000 0.001000 0.100000
-0.196328 0.000058 0.007885 0.002780 36 60 10.000000 1000.000000 0.001000 0.100000
-0.490310 0.000069 0.011738 0.003609 36 60 10.000000 1000.000000 0.001000 0.100000
-0.216094 0.000099 0.009666 0.006213 36 60 10.000000 1000.000000 0.001000 0.100000
-0.264407 2916624180806378257702146738901847862878577266650591486544549821020434744293540413926654197861711872.000000 956753008720363688660117428011672128692111478094831471510365775860927018231810574438491799676294004736.000000 1.000000 36 60 10.000000 1000.000000 0.001000 0.100000
-0.621084 0.000113 0.009696 0.003659 36 60 10.000000 1000.000000 0.001000 0.100000
-0.379552 0.000061 0.009730 0.003779 36 60 10.000000 1000.000000 0.001000 0.100000
-0.465540 0.000067 0.010306 0.004051 36 60 10.000000 1000.000000 0.001000 0.100000
-0.412604 0.000052 0.008486 0.003228 36 60 10.000000 1000.000000 0.001000 0.100000
-0.424472 0.000086 0.010542 0.004804 36 60 10.000000 1000.000000 0.001000 0.100000
-0.361014 10827237181166268202490587651666453814108511503646720.000000 41566353070143821290758688990074796744095385518080.000000 1.000000 36 60 10.000000 1000.000000 0.001000 0.100000
-0.279016 0.000074 0.013780 0.005932 36 60 10.000000 1000.000000 0.001000 0.100000
-0.276245 0.000064 0.009822 0.004506 36 60 10.000000 1000.000000 0.001000 0.100000
-0.230471 0.000064 0.011978 0.005634 36 60 10.000000 1000.000000 0.001000 0.100000
-0.247334 0.000073 0.011393 0.003749 36 60 10.000000 1000.000000 0.001000 0.100000
-0.298630 0.000072 0.010814 0.005629 36 60 10.000000 1000.000000 0.001000 0.100000
-0.542858 0.000098 0.010307 0.003288 36 60 10.000000 1000.000000 0.001000 0.100000
-0.511682 0.000062 0.007653 0.003605 36 60 10.000000 1000.000000 0.001000 0.100000
-0.418672 0.000092 0.016773 0.006379 36 60 10.000000 1000.000000 0.001000 0.100000
-0.292643 0.000076 0.010010 0.004489 36 60 10.000000 1000.000000 0.001000 0.100000
-0.623250 0.000135 0.014608 0.005116 36 60 10.000000 1000.000000 0.001000 0.100000
-0.469496 0.000078 0.008286 0.003504 36 60 10.000000 1000.000000 0.001000 0.100000
-0.437309 0.000064 0.009514 0.004536 36 60 10.000000 1000.000000 0.001000 0.100000
-0.520725 0.000061 0.013366 0.005174 36 60 10.000000 1000.000000 0.001000 0.100000
-0.482983 0.000141 0.010181 0.003274 36 60 10.000000 1000.000000 0.001000 0.100000
-0.526697 0.000074 0.011108 0.005806 36 60 10.000000 1000.000000 0.001000 0.100000
-0.395622 0.000055 0.009178 0.004677 36 60 10.000000 1000.000000 0.001000 0.100000
-0.378823 0.000096 0.009837 0.003974 36 60 10.000000 1000.000000 0.001000 0.100000
-0.751392 0.000117 0.009709 0.003591 36 60 10.000000 1000.000000 0.001000 0.100000
-0.296024 0.000083 0.008358 0.004143 36 60 10.000000 1000.000000 0.001000 0.100000
-0.411774 0.000060 0.009028 0.002574 36 60 10.000000 1000.000000 0.001000 0.100000
-0.311110 0.000072 0.012831 0.005386 36 60 10.000000 1000.000000 0.001000 0.100000
-0.385174 0.000056 0.007445 0.004712 36 60 10.000000 1000.000000 0.001000 0.100000
-0.395481 0.000084 0.012562 0.005834 36 60 10.000000 1000.000000 0.001000 0.100000
-0.416794 0.000077 0.008442 0.003303 36 60 10.000000 1000.000000 0.001000 0.100000
-0.267554 21603517516528855360804608765329683149831075235880079034046690943632466365718287166788973621149696.000000 618540787737118024555738757698416686924864390475099710700762080723429734901472282701784750055489536.000000 1.000000 36 60 10.000000 1000.000000 0.001000 0.100000
-0.452379 0.000078 0.010739 0.004409 36 60 10.000000 1000.000000 0.001000 0.100000
-0.212336 0.000091 0.013833 0.004197 36 60 10.000000 1000.000000 0.001000 0.100000
-0.130336 0.000093 0.013384 0.004344 36 60 10.000000 1000.000000 0.001000 0.100000
-0.308311 779685671429982132371456.000000 81969792939995144491368448.000000 34955388494870634037248.000000 36 60 10.000000 1000.000000 0.001000 0.100000
-0.266259 0.000081 0.008644 0.003270 36 60 10.000000 1000.000000 0.001000 0.100000
-0.579703 0.000070 0.008172 0.003582 36 60 10.000000 1000.000000 0.001000 0.100000
-0.179376 0.000120 0.013357 0.005957 36 60 10.000000 1000.000000 0.001000 0.100000
-0.247147 830069167505684111032320.000000 6779323374558388093452288.000000 1.000000 36 60 10.000000 1000.000000 0.001000 0.100000
-0.431883 0.000061 0.005858 0.003604 36 60 10.000000 1000.000000 0.001000 0.100000
-0.554369 0.000070 0.011986 0.005890 36 60 10.000000 1000.000000 0.001000 0.100000
-0.539929 0.000085 0.011195 0.004953 36 60 10.000000 1000.000000 0.001000 0.100000
-0.298728 0.000092 0.011359 0.004067 36 60 10.000000 1000.000000 0.001000 0.100000
-0.547262 0.000081 0.012896 0.003843 36 60 10.000000 1000.000000 0.001000 0.100000
-0.345345 33389586646380126832971917206641867593014162026822998425600.000000 433106091642652901611550676700196424889105334934516086603776.000000 3360368876790227798924309003926101605975301580121897435136.000000 36 60 10.000000 1000.000000 0.001000 0.100000
-0.362240 0.000059 0.013812 0.005533 36 60 10.000000 1000.000000 0.001000 0.100000
-0.403327 0.000078 0.011965 0.004443 36 60 10.000000 1000.000000 0.001000 0.100000
-0.349993 0.000072 0.008869 0.003945 36 60 10.000000 1000.000000 0.001000 0.100000
-0.424374 0.000088 0.008086 0.004189 36 60 10.000000 1000.000000 0.001000 0.100000
-0.389725 0.000068 0.012192 0.004292 36 60 10.000000 1000.000000 0.001000 0.100000
-0.613200 0.000070 0.011278 0.006401 36 60 10.000000 1000.000000 0.001000 0.100000
-0.228149 0.000112 0.011926 0.005508 36 60 10.000000 1000.000000 0.001000 0.100000
-0.298044 0.000110 0.009415 0.004078 36 60 10.000000 1000.000000 0.001000 0.100000
-0.348523 0.000080 0.013553 0.005263 36 60 10.000000 1000.000000 0.001000 0.100000
-0.336471 0.000085 0.010393 0.004563 36 60 10.000000 1000.000000 0.001000 0.100000
-0.423981 8266669201860982734848.000000 3793317738324111994650624.000000 1821779204957834823335936.000000 36 60 10.000000 1000.000000 0.001000 0.100000
-0.535143 0.000050 0.015032 0.004135 36 60 10.000000 1000.000000 0.001000 0.100000
-0.273944 0.000064 0.008493 0.004111 36 60 10.000000 1000.000000 0.001000 0.100000
-0.336548 0.000273 0.014416 0.004917 36 60 10.000000 1000.000000 0.001000 0.100000
-0.384945 0.000091 0.009025 0.004366 36 60 10.000000 1000.000000 0.001000 0.100000
-0.342462 0.000081 0.011217 0.003708 36 60 10.000000 1000.000000 0.001000 0.100000
-0.310273 0.000094 0.016230 0.003668 36 60 10.000000 1000.000000 0.001000 0.100000
-0.342061 0.000085 0.011178 0.003450 36 60 10.000000 1000.000000 0.001000 0.100000
-0.180464 0.000068 0.011412 0.003520 36 60 10.000000 1000.000000 0.001000 0.100000
-0.279194 0.000155 0.018995 0.003642 36 60 10.000000 1000.000000 0.001000 0.100000
-0.207956 0.000080 0.012004 0.003709 36 60 10.000000 1000.000000 0.001000 0.100000
-0.213875 0.000070 0.012639 0.004485 36 60 10.000000 1000.000000 0.001000 0.100000
-0.516531 1523077956895098026186084819501530355950700420283168282646235045503763201587265901332584723910754304.000000 65690142554987903729812058607853146849940379748147413689448584959096131092050210067939795258753155072.000000 13184226266967322479385694546967485011703206602270266413826391829208339448153352832913212369994252288.000000 36 60 10.000000 1000.000000 0.001000 0.100000
-0.187949 0.000127 0.015908 0.006887 36 60 10.000000 1000.000000 0.001000 0.100000
-0.325142 0.000111 0.010401 0.005194 36 60 10.000000 1000.000000 0.001000 0.100000
-0.316670 0.000086 0.019265 0.005982 36 60 10.000000 1000.000000 0.001000 0.100000
-0.205168 201070415587034734013383144982453712302654936651128461648761716736.000000 201435014029872667963424233047061260720670491382919327147972104290304.000000 1.000000 36 60 10.000000 1000.000000 0.001000 0.100000
-0.494252 0.000076 0.017536 0.008876 36 60 10.000000 1000.000000 0.001000 0.100000
-0.487919 0.000085 0.011274 0.006595 36 60 10.000000 1000.000000 0.001000 0.100000
-0.184721 0.000075 0.013537 0.004741 36 60 10.000000 1000.000000 0.001000 0.100000
-0.298761 174954153675782385291398070198888458415721928899933362978816.000000 865928270728235070321182024437214707341702452314811156922368.000000 1899411063326420203604951318817306318249004766916293706121216.000000 36 60 10.000000 1000.000000 0.001000 0.100000
-0.119511 0.000153 0.013638 0.005346 36 60 10.000000 1000.000000 0.001000 0.100000
-0.321903 0.000081 0.008046 0.003168 36 60 10.000000 1000.000000 0.001000 0.100000
-0.244228 0.000069 0.008603 0.003370 36 60 10.000000 1000.000000 0.001000 0.100000
-0.301446 0.000081 0.010452 0.004343 36 60 10.000000 1000.000000 0.001000 0.100000
-0.214100 0.000073 0.013905 0.005735 36 60 10.000000 1000.000000 0.001000 0.100000
-0.466772 0.000093 0.010071 0.005411 36 60 10.000000 1000.000000 0.001000 0.100000
-0.491488 0.000117 0.011233 0.005818 36 60 10.000000 1000.000000 0.001000 0.100000
-0.307633 0.000075 0.020368 0.004204 36 60 10.000000 1000.000000 0.001000 0.100000
-0.317732 0.000105 0.007706 0.004986 36 60 10.000000 1000.000000 0.001000 0.100000
-0.232075 0.000055 0.011668 0.004505 36 60 10.000000 1000.000000 0.001000 0.100000
-0.336044 0.000091 0.011242 0.007356 36 60 10.000000 1000.000000 0.001000 0.100000
-0.320634 0.000080 0.006680 0.002672 36 60 10.000000 1000.000000 0.001000 0.100000
-0.370391 0.000059 0.008972 0.004325 36 60 10.000000 1000.000000 0.001000 0.100000
-0.362308 0.000167 0.015821 0.010934 36 60 10.000000 1000.000000 0.001000 0.100000
-0.245533 0.000236 0.026839 0.017170 36 60 10.000000 1000.000000 0.001000 0.100000
-0.546573 0.000088 0.014803 0.005437 36 60 10.000000 1000.000000 0.001000 0.100000
-0.179248 0.000074 0.009103 0.003481 36 60 10.000000 1000.000000 0.001000 0.100000
-0.338238 0.000108 0.010977 0.003857 36 60 10.000000 1000.000000 0.001000 0.100000
-0.436664 0.000093 0.008556 0.003041 36 60 10.000000 1000.000000 0.001000 0.100000
-0.466452 0.000116 0.009465 0.003511 36 60 10.000000 1000.000000 0.001000 0.100000
-0.385122 0.000086 0.009638 0.005474 36 60 10.000000 1000.000000 0.001000 0.100000
-0.233187 0.000069 0.014296 0.003815 36 60 10.000000 1000.000000 0.001000 0.100000
-0.216864 0.000076 0.015591 0.004584 36 60 10.000000 1000.000000 0.001000 0.100000
-0.175851 0.000079 0.009867 0.003648 36 60 10.000000 1000.000000 0.001000 0.100000
-0.383752 0.000092 0.010566 0.003714 36 60 10.000000 1000.000000 0.001000 0.100000
-0.471620 66372083879705362432.000000 1286969678771923886014464.000000 1779081254760076279808.000000 36 60 10.000000 1000.000000 0.001000 0.100000
-0.371600 0.000068 0.007715 0.003479 36 60 10.000000 1000.000000 0.001000 0.100000
-0.231816 0.000083 0.011364 0.004895 36 60 10.000000 1000.000000 0.001000 0.100000
-0.389452 0.000092 0.010739 0.004293 36 60 10.000000 1000.000000 0.001000 0.100000
-0.401091 0.000077 0.006514 0.002863 36 60 10.000000 1000.000000 0.001000 0.100000
-0.260219 0.000096 0.007134 0.004568 36 60 10.000000 1000.000000 0.001000 0.100000
-0.383510 0.000195 0.016902 0.003553 36 60 10.000000 1000.000000 0.001000 0.100000
-0.394064 0.000066 0.013389 0.006541 36 60 10.000000 1000.000000 0.001000 0.100000
-0.279902 0.000090 0.007863 0.003879 36 60 10.000000 1000.000000 0.001000 0.100000
-0.360749 0.000058 0.011653 0.005275 36 60 10.000000 1000.000000 0.001000 0.100000
-0.167920 0.000076 0.010678 0.004521 36 60 10.000000 1000.000000 0.001000 0.100000
-0.277458 0.000064 0.009083 0.003035 36 60 10.000000 1000.000000 0.001000 0.100000
-0.185428 0.000217 0.016135 0.006342 36 60 10.000000 1000.000000 0.001000 0.100000
-0.406095 0.000063 0.011025 0.005177 36 60 10.000000 1000.000000 0.001000 0.100000
-0.388575 0.000117 0.010173 0.003059 36 60 10.000000 1000.000000 0.001000 0.100000
-0.284398 0.000189 0.027318 0.006714 36 60 10.000000 1000.000000 0.001000 0.100000
-0.343062 0.000087 0.010758 0.005072 36 60 10.000000 1000.000000 0.001000 0.100000
-0.276642 0.000066 0.007860 0.003523 36 60 10.000000 1000.000000 0.001000 0.100000
-0.372931 0.000074 0.008279 0.003680 36 60 10.000000 1000.000000 0.001000 0.100000
-0.255040 0.000051 0.008957 0.003682 36 60 10.000000 1000.000000 0.001000 0.100000
-0.367360 0.000123 0.010252 0.002817 36 60 10.000000 1000.000000 0.001000 0.100000
-0.376015 0.000069 0.008824 0.003700 36 60 10.000000 1000.000000 0.001000 0.100000
-0.363696 0.000088 0.011912 0.005268 36 60 10.000000 1000.000000 0.001000 0.100000
-0.413939 0.000091 0.012621 0.004562 36 60 10.000000 1000.000000 0.001000 0.100000
-0.308939 3259162716855636196281367816990111253293027771228508856306721752972432242291260301413569444633139740672.000000 477527884116027498379482962610900669506190492323149678893921150116356893434877402831258964657160302100480.000000 1.000000 36 60 10.000000 1000.000000 0.001000 0.100000
-0.200948 0.000076 0.011527 0.005979 36 60 10.000000 1000.000000 0.001000 0.100000
-0.390801 0.000067 0.012462 0.005264 36 60 10.000000 1000.000000 0.001000 0.100000
-0.230537 0.000073 0.011348 0.002911 36 60 10.000000 1000.000000 0.001000 0.100000
-0.335937 0.000125 0.013019 0.004011 36 60 10.000000 1000.000000 0.001000 0.100000
-0.294989 0.000075 0.011762 0.004951 36 60 10.000000 1000.000000 0.001000 0.100000
-0.323477 0.000111 0.012923 0.004486 36 60 10.000000 1000.000000 0.001000 0.100000
-0.406664 0.000084 0.009357 0.004765 36 60 10.000000 1000.000000 0.001000 0.100000
-0.393514 0.000090 0.012368 0.004640 36 60 10.000000 1000.000000 0.001000 0.100000
-0.153225 0.000070 0.011392 0.003559 36 60 10.000000 1000.000000 0.001000 0.100000
-0.436802 0.000080 0.012294 0.003502 36 60 10.000000 1000.000000 0.001000 0.100000
-0.429222 0.000107 0.013044 0.004798 36 60 10.000000 1000.000000 0.001000 0.100000
-0.223596 0.000092 0.013754 0.003774 36 60 10.000000 1000.000000 0.001000 0.100000
-0.206284 0.000083 0.013676 0.005017 36 60 10.000000 1000.000000 0.001000 0.100000
-0.232902 0.000070 0.006573 0.002884 36 60 10.000000 1000.000000 0.001000 0.100000
-0.325345 45733298439052882062436963153514152394131677987291690268157531914240.000000 6829745725074047549775240579470578190053474977140158425094511329804288.000000 10400520667598483266734225226822523098433924742795341127306848174604288.000000 36 60 10.000000 1000.000000 0.001000 0.100000
-0.337456 951743865003646259384237874174819260742023937217142647258403993288704.000000 58173671334497600288559926925017169256015580143299209125977322199973888.000000 1.000000 36 60 10.000000 1000.000000 0.001000 0.100000
-0.185862 2960261571951280042239917614187979534023037508043477080899064064074656537934757472548760498208768.000000 569171290753599023828236291800700656419894272167985487593260313680521418071629595533482007724032.000000 824014141685457654961605909185467813231450412641891650864149489325521215509584552057075773124640768.000000 36 60 10.000000 1000.000000 0.001000 0.100000
-0.219684 0.000074 0.014127 0.004120 36 60 10.000000 1000.000000 0.001000 0.100000
-0.227671 11153729460521932058263552.000000 213619951389507066120896512.000000 17401634965781679358083072.000000 36 60 10.000000 1000.000000 0.001000 0.100000
-0.393538 0.000063 0.010762 0.004527 36 60 10.000000 1000.000000 0.001000 0.100000
-0.336176 0.000086 0.009984 0.004043 36 60 10.000000 1000.000000 0.001000 0.100000
-0.236710 0.000088 0.008669 0.003488 36 60 10.000000 1000.000000 0.001000 0.100000
-0.470590 0.000048 0.012190 0.004607 36 60 10.000000 1000.000000 0.001000 0.100000
-0.459754 0.000075 0.010106 0.004808 36 60 10.000000 1000.000000 0.001000 0.100000
-0.341794 0.000071 0.011509 0.003518 36 60 10.000000 1000.000000 0.001000 0.100000
-0.303017 0.000057 0.012338 0.003282 36 60 10.000000 1000.000000 0.001000 0.100000
-0.163374 0.000067 0.008573 0.003877 36 60 10.000000 1000.000000 0.001000 0.100000
-0.409778 0.000178 0.016484 0.008531 36 60 10.000000 1000.000000 0.001000 0.100000
-0.177052 0.000061 0.008817 0.002624 36 60 10.000000 1000.000000 0.001000 0.100000
-0.413800 0.000118 0.008420 0.002536 36 60 10.000000 1000.000000 0.001000 0.100000
-0.424276 0.000086 0.011784 0.005599 36 60 10.000000 1000.000000 0.001000 0.100000
-0.385962 0.000070 0.012114 0.005147 36 60 10.000000 1000.000000 0.001000 0.100000
-0.400887 0.000070 0.011891 0.005474 36 60 10.000000 1000.000000 0.001000 0.100000
-0.297429 0.000112 0.010095 0.004438 36 60 10.000000 1000.000000 0.001000 0.100000
-0.383698 0.000085 0.009303 0.003981 36 60 10.000000 1000.000000 0.001000 0.100000
-0.256311 0.000086 0.010877 0.006173 36 60 10.000000 1000.000000 0.001000 0.100000
-0.376923 0.000059 0.009430 0.003971 36 60 10.000000 1000.000000 0.001000 0.100000
-0.285564 0.000057 0.007002 0.002801 36 60 10.000000 1000.000000 0.001000 0.100000
-0.281234 0.000077 0.010228 0.004394 36 60 10.000000 1000.000000 0.001000 0.100000
-0.232848 0.000083 0.009014 0.004105 36 60 10.000000 1000.000000 0.001000 0.100000
-0.405511 0.000100 0.008826 0.003943 36 60 10.000000 1000.000000 0.001000 0.100000
-0.321744 0.000073 0.012140 0.002955 36 60 10.000000 1000.000000 0.001000 0.100000
-0.421420 0.000076 0.008761 0.003027 36 60 10.000000 1000.000000 0.001000 0.100000
-0.239451 0.000074 0.010991 0.004076 36 60 10.000000 1000.000000 0.001000 0.100000
-0.323886 0.000057 0.009587 0.004029 36 60 10.000000 1000.000000 0.001000 0.100000
-0.160169 0.000074 0.013653 0.005531 36 60 10.000000 1000.000000 0.001000 0.100000
-0.368396 0.000077 0.012089 0.002618 36 60 10.000000 1000.000000 0.001000 0.100000
-0.405273 0.000067 0.012365 0.005232 36 60 10.000000 1000.000000 0.001000 0.100000
-0.321436 1777080131540656565780480.000000 372643856436988716632768512.000000 466375476469946648172167168.000000 36 60 10.000000 1000.000000 0.001000 0.100000
-0.253134 0.000132 0.013970 0.003498 36 60 10.000000 1000.000000 0.001000 0.100000
-0.326959 42542568679761952144097280.000000 1769544092330084013103382528.000000 8492451486322093128155136.000000 36 60 10.000000 1000.000000 0.001000 0.100000
-0.236846 74440892548464671406174353237675075809769582659162951229466149960622300464171235386503191548852699136.000000 20667369089396351696515503400892434432738088542401728764600949697277551013195342367843223756837853593600.000000 13500647697374538218890951216094704651984083560724752807758225233109339594909033300903129466874114342912.000000 36 60 10.000000 1000.000000 0.001000 0.100000
-0.427123 0.000189 0.026218 0.004837 36 60 10.000000 1000.000000 0.001000 0.100000
-0.293955 0.000066 0.008932 0.003492 36 60 10.000000 1000.000000 0.001000 0.100000
-0.579958 0.000223 0.010481 0.003873 36 60 10.000000 1000.000000 0.001000 0.100000
-0.336995 0.000072 0.010793 0.003464 36 60 10.000000 1000.000000 0.001000 0.100000
-0.433169 0.000077 0.009832 0.004365 36 60 10.000000 1000.000000 0.001000 0.100000
-0.159035 0.000099 0.016605 0.006396 36 60 10.000000 1000.000000 0.001000 0.100000
-0.321170 2037417269438693100224512.000000 41772364948518839217291264.000000 1.000000 36 60 10.000000 1000.000000 0.001000 0.100000
-0.428194 0.000075 0.011546 0.003102 36 60 10.000000 1000.000000 0.001000 0.100000
-0.211550 0.000080 0.012266 0.004596 36 60 10.000000 1000.000000 0.001000 0.100000
-0.570828 0.000072 0.011053 0.004296 36 60 10.000000 1000.000000 0.001000 0.100000
-0.389423 0.000078 0.015206 0.004705 36 60 10.000000 1000.000000 0.001000 0.100000
-0.360141 0.000188 0.006091 0.003625 36 60 10.000000 1000.000000 0.001000 0.100000
-0.296548 0.000065 0.008108 0.004159 36 60 10.000000 1000.000000 0.001000 0.100000
-0.380169 0.000142 0.011867 0.004239 36 60 10.000000 1000.000000 0.001000 0.100000
-0.256442 0.000077 0.009327 0.004136 36 60 10.000000 1000.000000 0.001000 0.100000
-0.171347 0.000076 0.012301 0.004186 36 60 10.000000 1000.000000 0.001000 0.100000
-0.319416 0.000064 0.009584 0.004381 36 60 10.000000 1000.000000 0.001000 0.100000
-0.348277 0.000053 0.008960 0.001992 36 60 10.000000 1000.000000 0.001000 0.100000
-0.342523 0.000079 0.011851 0.004910 36 60 10.000000 1000.000000 0.001000 0.100000
-0.488726 650584316021369415325974528.000000 39423821622716518398689280.000000 484534971584943902498488320.000000 36 60 10.000000 1000.000000 0.001000 0.100000
-0.456083 0.000165 0.009491 0.002556 36 60 10.000000 1000.000000 0.001000 0.100000
-0.307501 0.000069 0.015055 0.003217 36 60 10.000000 1000.000000 0.001000 0.100000
-0.392521 0.000064 0.006844 0.002177 36 60 10.000000 1000.000000 0.001000 0.100000
-0.450005 0.000066 0.007014 0.003712 36 60 10.000000 1000.000000 0.001000 0.100000
-0.340022 0.000091 0.013263 0.004470 36 60 10.000000 1000.000000 0.001000 0.100000
-0.497598 103822123637479660946149841807196501572826535791951872.000000 3426169780220086799689876063915997579202075186960531456.000000 2309379502651528085873483592665450081156991389351804928.000000 36 60 10.000000 1000.000000 0.001000 0.100000
-0.250747 0.000068 0.011789 0.006819 36 60 10.000000 1000.000000 0.001000 0.100000
-0.311101 0.000064 0.010056 0.003517 36 60 10.000000 1000.000000 0.001000 0.100000
-0.302620 0.000072 0.012642 0.005009 36 60 10.000000 1000.000000 0.001000 0.100000
-0.236534 0.000052 0.012339 0.004661 36 60 10.000000 1000.000000 0.001000 0.100000
-0.248602 0.000077 0.009309 0.003537 36 60 10.000000 1000.000000 0.001000 0.100000
-0.295581 26744998521364729862164110297476519482443530262551579048647728649989517368939465838704146008506368.000000 531236868711139243761766280971496907682803929224887816848021578309134669138969496095953443659047763968.000000 1.000000 36 60 10.000000 1000.000000 0.001000 0.100000
-0.313658 0.000066 0.010194 0.003087 36 60 10.000000 1000.000000 0.001000 0.100000
-0.419880 305410299828499878446483601130965512057542674641736540231706823527452516991206586057485050454296494080.000000 1478959903147595568660075336299184280040908577546560115561424258469265383144107461710515537600321683456.000000 3296056566741830619846423636741871252925801650567566603456597957302084862038338208228303092498563072.000000 36 60 10.000000 1000.000000 0.001000 0.100000
-0.242702 0.000098 0.010081 0.003562 36 60 10.000000 1000.000000 0.001000 0.100000
-0.476576 0.000062 0.010475 0.004589 36 60 10.000000 1000.000000 0.001000 0.100000
-0.222378 0.000071 0.015395 0.004709 36 60 10.000000 1000.000000 0.001000 0.100000
-0.328344 0.000078 0.013792 0.004565 36 60 10.000000 1000.000000 0.001000 0.100000
-0.203597 0.000071 0.010429 0.002523 36 60 10.000000 1000.000000 0.001000 0.100000
-0.172592 0.000066 0.008224 0.004116 36 60 10.000000 1000.000000 0.001000 0.100000
-0.145112 0.000127 0.044981 0.061375 36 60 10.000000 1000.000000 0.001000 0.100000
-0.415150 0.000088 0.013120 0.004850 36 60 10.000000 1000.000000 0.001000 0.100000
-0.269648 0.000160 0.013071 0.004959 36 60 10.000000 1000.000000 0.001000 0.100000
-0.467496 0.000079 0.008504 0.003947 36 60 10.000000 1000.000000 0.001000 0.100000
-0.247473 0.000078 0.009144 0.003469 36 60 10.000000 1000.000000 0.001000 0.100000
-0.421268 0.000073 0.011247 0.002453 36 60 10.000000 1000.000000 0.001000 0.100000
-0.241991 0.000059 0.009031 0.002832 36 60 10.000000 1000.000000 0.001000 0.100000
-0.397417 0.000081 0.009886 0.003531 36 60 10.000000 1000.000000 0.001000 0.100000
-0.407635 0.000083 0.007669 0.004103 36 60 10.000000 1000.000000 0.001000 0.100000
-0.327298 0.000124 0.006599 0.003581 36 60 10.000000 1000.000000 0.001000 0.100000
-0.368784 2542623427099029883408465775123018483902876568476712960.000000 19293816328913550840708982940157834705119591163779612672.000000 1.000000 36 60 10.000000 1000.000000 0.001000 0.100000
-0.228185 0.000059 0.013082 0.004678 36 60 10.000000 1000.000000 0.001000 0.100000
-0.397660 0.000068 0.006174 0.004198 36 60 10.000000 1000.000000 0.001000 0.100000
-0.106412 0.000076 0.009228 0.003614 36 60 10.000000 1000.000000 0.001000 0.100000
-0.347603 0.000062 0.014714 0.005560 36 60 10.000000 1000.000000 0.001000 0.100000
-0.473935 0.000087 0.010836 0.005362 36 60 10.000000 1000.000000 0.001000 0.100000
-0.212857 0.000105 0.008811 0.002891 36 60 10.000000 1000.000000 0.001000 0.100000
-0.237247 0.000056 0.011256 0.004754 36 60 10.000000 1000.000000 0.001000 0.100000
