#n  real_time  lyapunov_exponential
0  0.000000 -inf
1  0.002500 -0.000468788754
2  0.005000 -0.000656361688
3  0.007500 -0.000937768997
4  0.010000 -0.001289620552
5  0.012500 -0.001707287707
6  0.015000 -0.002189277931
7  0.017500 -0.002735002677
8  0.020000 -0.003344219378
9  0.022500 -0.004016845488
10  0.025000 -0.004752884133
11  0.027500 -0.005552390370
12  0.030000 -0.006415454355
13  0.032500 -0.007342192318
14  0.035000 -0.008332741462
15  0.037500 -0.009387256923
16  0.040000 -0.010505909949
17  0.042500 -0.011688886739
18  0.045000 -0.012936387725
19  0.047500 -0.014248627124
20  0.050000 -0.015625832678
21  0.052500 -0.017068245499
22  0.055000 -0.018576120012
23  0.057500 -0.020149723960
24  0.060000 -0.021789338453
25  0.062500 -0.023495258042
26  0.065000 -0.025267790836
27  0.067500 -0.027107258628
28  0.070000 -0.029013997044
29  0.072500 -0.030988355703
30  0.075000 -0.033030698393
31  0.077500 -0.035141403259
32  0.080000 -0.037320862987
33  0.082500 -0.039569485012
34  0.085000 -0.041887691721
35  0.087500 -0.044275920664
36  0.090000 -0.046734624771
37  0.092500 -0.049264272565
38  0.095000 -0.051865348383
39  0.097500 -0.054538352591
40  0.100000 -0.057283801802
41  0.102500 -0.060102229083
42  0.105000 -0.062994184164
43  0.107500 -0.065960233631
44  0.110000 -0.069000961117
45  0.112500 -0.072116967465
46  0.115000 -0.075308870889
47  0.117500 -0.078577307104
48  0.120000 -0.081922929436
49  0.122500 -0.085346408891
50  0.125000 -0.088848434204
51  0.127500 -0.092429711829
52  0.130000 -0.096090965891
53  0.132500 -0.099832938069
54  0.135000 -0.103656387420
55  0.137500 -0.107562090115
56  0.140000 -0.111550839091
57  0.142500 -0.115623443591
58  0.145000 -0.119780728588
59  0.147500 -0.124023534063
60  0.150000 -0.128352714123
61  0.152500 -0.132769135939
62  0.155000 -0.137273678465
63  0.157500 -0.141867230920
64  0.160000 -0.146550690991
65  0.162500 -0.151324962713
66  0.165000 -0.156190953995
67  0.167500 -0.161149573728
68  0.170000 -0.166201728420
69  0.172500 -0.171348318296
70  0.175000 -0.176590232785
71  0.177500 -0.181928345303
72  0.180000 -0.187363507253
73  0.182500 -0.192896541118
74  0.185000 -0.198528232532
75  0.187500 -0.204259321197
76  0.190000 -0.210090490485
77  0.192500 -0.216022355565
78  0.195000 -0.222055449855
79  0.197500 -0.228190209613
80  0.200000 -0.234426956419
81  0.202500 -0.240765877316
82  0.205000 -0.247207002347
83  0.207500 -0.253750179215
84  0.210000 -0.260395044775
85  0.212500 -0.267140993089
86  0.215000 -0.273987139752
87  0.217500 -0.280932282261
88  0.220000 -0.287974856213
89  0.222500 -0.295112887228
90  0.225000 -0.302343938563
91  0.227500 -0.309665054593
92  0.230000 -0.317072700491
93  0.232500 -0.324562698759
94  0.235000 -0.332130163573
95  0.237500 -0.339769434359
96  0.240000 -0.347474010471
97  0.242500 -0.355236489430
98  0.245000 -0.363048511768
99  0.247500 -0.370900716086
100  0.250000 -0.378782708488
101  0.252500 -0.386683050923
102  0.255000 -0.394589273065
103  0.257500 -0.402487912192
104  0.260000 -0.410364584807
105  0.262500 -0.418204092605
106  0.265000 -0.425990563639
107  0.267500 -0.433707627394
108  0.270000 -0.441338620003
109  0.272500 -0.448866813295
110  0.275000 -0.456275659131
111  0.277500 -0.463549038740
112  0.280000 -0.470671505937
113  0.282500 -0.477628513235
114  0.285000 -0.484406611017
115  0.287500 -0.490993611917
116  0.290000 -0.497378715221
117  0.292500 -0.503552588901
118  0.295000 -0.509507409688
119  0.297500 -0.515236863980
120  0.300000 -0.520736114202
121  0.302500 -0.526001736375
122  0.305000 -0.531031635241
123  0.307500 -0.535824943213
124  0.310000 -0.540381909046
125  0.312500 -0.544703781378
126  0.315000 -0.548792691449
127  0.317500 -0.552651538409
128  0.320000 -0.556283879766
129  0.322500 -0.559693828734
130  0.325000 -0.562885959627
131  0.327500 -0.565865221831
132  0.330000 -0.568636862568
133  0.332500 -0.571206358263
134  0.335000 -0.573579354150
135  0.337500 -0.575761611623
136  0.340000 -0.577758962700
137  0.342500 -0.579577270979
138  0.345000 -0.581222398428
139  0.347500 -0.582700177388
140  0.350000 -0.584016387167
141  0.352500 -0.585176734687
142  0.355000 -0.586186838653
143  0.357500 -0.587052216792
144  0.360000 -0.587778275738
145  0.362500 -0.588370303191
146  0.365000 -0.588833462020
147  0.367500 -0.589172786029
148  0.370000 -0.589393177126
149  0.372500 -0.589499403677
150  0.375000 -0.589496099857
151  0.377500 -0.589387765829
152  0.380000 -0.589178768610
153  0.382500 -0.588873343506
154  0.385000 -0.588475596006
155  0.387500 -0.587989504042
156  0.390000 -0.587418920553
157  0.392500 -0.586767576271
158  0.395000 -0.586039082683
159  0.397500 -0.585236935124
160  0.400000 -0.584364515952
161  0.402500 -0.583425097786
162  0.405000 -0.582421846766
163  0.407500 -0.581357825819
164  0.410000 -0.580235997911
165  0.412500 -0.579059229270
166  0.415000 -0.577830292566
167  0.417500 -0.576551870037
168  0.420000 -0.575226556554
169  0.422500 -0.573856862621
170  0.425000 -0.572445217296
171  0.427500 -0.570993971047
172  0.430000 -0.569505398517
173  0.432500 -0.567981701218
174  0.435000 -0.566425010138
175  0.437500 -0.564837388271
176  0.440000 -0.563220833063
177  0.442500 -0.561577278778
178  0.445000 -0.559908598782
179  0.447500 -0.558216607757
180  0.450000 -0.556503063826
181  0.452500 -0.554769670614
182  0.455000 -0.553018079229
183  0.457500 -0.551249890174
184  0.460000 -0.549466655189
185  0.462500 -0.547669879026
186  0.465000 -0.545861021161
187  0.467500 -0.544041497439
188  0.470000 -0.542212681657
189  0.472500 -0.540375907096
190  0.475000 -0.538532467985
191  0.477500 -0.536683620919
192  0.480000 -0.534830586217
193  0.482500 -0.532974549235
194  0.485000 -0.531116661626
195  0.487500 -0.529258042550
196  0.490000 -0.527399779846
197  0.492500 -0.525542931149
198  0.495000 -0.523688524976
199  0.497500 -0.521837561761
200  0.500000 -0.519991014857
201  0.502500 -0.518149831496
202  0.505000 -0.516314933715
203  0.507500 -0.514487219245
204  0.510000 -0.512667562368
205  0.512500 -0.510856814733
206  0.515000 -0.509055806157
207  0.517500 -0.507265345373
208  0.520000 -0.505486220768
209  0.522500 -0.503719201083
210  0.525000 -0.501965036082
211  0.527500 -0.500224457202
212  0.530000 -0.498498178175
213  0.532500 -0.496786895617
214  0.535000 -0.495091289602
215  0.537500 -0.493412024209
216  0.540000 -0.491749748041
217  0.542500 -0.490105094726
218  0.545000 -0.488478683398
219  0.547500 -0.486871119145
220  0.550000 -0.485282993450
221  0.552500 -0.483714884600
222  0.555000 -0.482167358079
223  0.557500 -0.480640966939
224  0.560000 -0.479136252148
225  0.562500 -0.477653742928
226  0.565000 -0.476193957057
227  0.567500 -0.474757401166
228  0.570000 -0.473344571005
229  0.572500 -0.471955951694
230  0.575000 -0.470592017955
231  0.577500 -0.469253234318
232  0.580000 -0.467940055313
233  0.582500 -0.466652925634
234  0.585000 -0.465392280287
235  0.587500 -0.464158544714
236  0.590000 -0.462952134895
237  0.592500 -0.461773457426
238  0.595000 -0.460622909577
239  0.597500 -0.459500879316
240  0.600000 -0.458407745324
241  0.602500 -0.457343876967
242  0.605000 -0.456309634253
243  0.607500 -0.455305367752
244  0.610000 -0.454331418495
245  0.612500 -0.453388117839
246  0.615000 -0.452475787292
247  0.617500 -0.451594738323
248  0.620000 -0.450745272115
249  0.622500 -0.449927679300
250  0.625000 -0.449142239644
251  0.627500 -0.448389221696
252  0.630000 -0.447668882396
253  0.632500 -0.446981466635
254  0.635000 -0.446327206771
255  0.637500 -0.445706322095
256  0.640000 -0.445119018249
257  0.642500 -0.444565486587
258  0.645000 -0.444045903481
259  0.647500 -0.443560429571
260  0.650000 -0.443109208953
261  0.652500 -0.442692368303
262  0.655000 -0.442310015936
263  0.657500 -0.441962240802
264  0.660000 -0.441649111406
265  0.662500 -0.441370674659
266  0.665000 -0.441126954657
267  0.667500 -0.440917951389
268  0.670000 -0.440743639358
269  0.672500 -0.440603966146
270  0.675000 -0.440498850883
271  0.677500 -0.440428182661
272  0.680000 -0.440391818863
273  0.682500 -0.440389583433
274  0.685000 -0.440421265075
275  0.687500 -0.440486615399
276  0.690000 -0.440585347010
277  0.692500 -0.440717131562
278  0.695000 -0.440881597774
279  0.697500 -0.441078329435
280  0.700000 -0.441306863393
281  0.702500 -0.441566687576
282  0.705000 -0.441857239034
283  0.707500 -0.442177902042
284  0.710000 -0.442528006291
285  0.712500 -0.442906825185
286  0.715000 -0.443313574282
287  0.717500 -0.443747409910
288  0.720000 -0.444207428000
289  0.722500 -0.444692663157
290  0.725000 -0.445202088030
291  0.727500 -0.445734613002
292  0.730000 -0.446289086250
293  0.732500 -0.446864294204
294  0.735000 -0.447458962461
295  0.737500 -0.448071757157
296  0.740000 -0.448701286856
297  0.742500 -0.449346104961
298  0.745000 -0.450004712671
299  0.747500 -0.450675562485
300  0.750000 -0.451357062272
301  0.752500 -0.452047579864
302  0.755000 -0.452745448189
303  0.757500 -0.453448970874
304  0.760000 -0.454156428305
305  0.762500 -0.454866084069
306  0.765000 -0.455576191730
307  0.767500 -0.456285001846
308  0.770000 -0.456990769162
309  0.772500 -0.457691759893
310  0.775000 -0.458386258992
311  0.777500 -0.459072577324
312  0.780000 -0.459749058658
313  0.782500 -0.460414086385
314  0.785000 -0.461066089874
315  0.787500 -0.461703550416
316  0.790000 -0.462325006666
317  0.792500 -0.462929059548
318  0.795000 -0.463514376580
319  0.797500 -0.464079695580
320  0.800000 -0.464623827747
321  0.802500 -0.465145660106
322  0.805000 -0.465644157330
323  0.807500 -0.466118362942
324  0.810000 -0.466567399942
325  0.812500 -0.466990470868
326  0.815000 -0.467386857348
327  0.817500 -0.467755919186
328  0.820000 -0.468097093009
329  0.822500 -0.468409890553
330  0.825000 -0.468693896611
331  0.827500 -0.468948766707
332  0.830000 -0.469174224538
333  0.832500 -0.469370059228
334  0.835000 -0.469536122448
335  0.837500 -0.469672325416
336  0.840000 -0.469778635851
337  0.842500 -0.469855074870
338  0.845000 -0.469901713899
339  0.847500 -0.469918671592
340  0.850000 -0.469906110794
341  0.852500 -0.469864235570
342  0.855000 -0.469793288301
343  0.857500 -0.469693546879
344  0.860000 -0.469565321994
345  0.862500 -0.469408954530
346  0.865000 -0.469224813071
347  0.867500 -0.469013291531
348  0.870000 -0.468774806889
349  0.872500 -0.468509797058
350  0.875000 -0.468218718858
351  0.877500 -0.467902046118
352  0.880000 -0.467560267888
353  0.882500 -0.467193886761
354  0.885000 -0.466803417308
355  0.887500 -0.466389384613
356  0.890000 -0.465952322913
357  0.892500 -0.465492774335
358  0.895000 -0.465011287718
359  0.897500 -0.464508417531
360  0.900000 -0.463984722865
361  0.902500 -0.463440766515
362  0.905000 -0.462877114123
363  0.907500 -0.462294333401
364  0.910000 -0.461692993412
365  0.912500 -0.461073663918
366  0.915000 -0.460436914783
367  0.917500 -0.459783315430
368  0.920000 -0.459113434347
369  0.922500 -0.458427838646
370  0.925000 -0.457727093654
371  0.927500 -0.457011762559
372  0.930000 -0.456282406081
373  0.932500 -0.455539582189
374  0.935000 -0.454783845842
375  0.937500 -0.454015748765
376  0.940000 -0.453235839255
377  0.942500 -0.452444662003
378  0.945000 -0.451642757956
379  0.947500 -0.450830664186
380  0.950000 -0.450008913791
381  0.952500 -0.449178035806
382  0.955000 -0.448338555139
383  0.957500 -0.447490992520
384  0.960000 -0.446635864463
385  0.962500 -0.445773683247
386  0.965000 -0.444904956906
387  0.967500 -0.444030189233
388  0.970000 -0.443149879789
389  0.972500 -0.442264523936
390  0.975000 -0.441374612859
391  0.977500 -0.440480633619
392  0.980000 -0.439583069194
393  0.982500 -0.438682398543
394  0.985000 -0.437779096662
395  0.987500 -0.436873634665
396  0.990000 -0.435966479849
397  0.992500 -0.435058095785
398  0.995000 -0.434148942399
399  0.997500 -0.433239476064
400  1.000000 -0.432330149700
401  1.002500 -0.431421412869
402  1.005000 -0.430513711881
403  1.007500 -0.429607489905
404  1.010000 -0.428703187073
405  1.012500 -0.427801240601
406  1.015000 -0.426902084904
407  1.017500 -0.426006151719
408  1.020000 -0.425113870226
409  1.022500 -0.424225667176
410  1.025000 -0.423341967023
411  1.027500 -0.422463192053
412  1.030000 -0.421589762522
413  1.032500 -0.420722096794
414  1.035000 -0.419860611483
415  1.037500 -0.419005721593
416  1.040000 -0.418157840670
417  1.042500 -0.417317380951
418  1.045000 -0.416484753515
419  1.047500 -0.415660368440
420  1.050000 -0.414844634965
421  1.052500 -0.414037961649
422  1.055000 -0.413240756544
423  1.057500 -0.412453427358
424  1.060000 -0.411676381636
425  1.062500 -0.410910026935
426  1.065000 -0.410154771006
427  1.067500 -0.409411021987
428  1.070000 -0.408679188589
429  1.072500 -0.407959680301
430  1.075000 -0.407252907585
431  1.077500 -0.406559282092
432  1.080000 -0.405879216873
433  1.082500 -0.405213126603
434  1.085000 -0.404561427810
435  1.087500 -0.403924539110
436  1.090000 -0.403302881451
437  1.092500 -0.402696878367
438  1.095000 -0.402106956238
439  1.097500 -0.401533544563
440  1.100000 -0.400977076240
441  1.102500 -0.400437987857
442  1.105000 -0.399916720001
443  1.107500 -0.399413717568
444  1.110000 -0.398929430097
445  1.112500 -0.398464312112
446  1.115000 -0.398018823483
447  1.117500 -0.397593429799
448  1.120000 -0.397188602764
449  1.122500 -0.396804820607
450  1.125000 -0.396442568512
451  1.127500 -0.396102339079
452  1.130000 -0.395784632790
453  1.132500 -0.395489958522
454  1.135000 -0.395218834068
455  1.137500 -0.394971786698
456  1.140000 -0.394749353748
457  1.142500 -0.394552083243
458  1.145000 -0.394380534554
459  1.147500 -0.394235279103
460  1.150000 -0.394116901095
461  1.152500 -0.394025998314
462  1.155000 -0.393963182956
463  1.157500 -0.393929082525
464  1.160000 -0.393924340779
465  1.162500 -0.393949618750
466  1.165000 -0.394005595826
467  1.167500 -0.394092970919
468  1.170000 -0.394212463703
469  1.172500 -0.394364815958
470  1.175000 -0.394550793001
471  1.177500 -0.394771185238
472  1.180000 -0.395026809828
473  1.182500 -0.395318512484
474  1.185000 -0.395647169421
475  1.187500 -0.396013689459
476  1.190000 -0.396419016314
477  1.192500 -0.396864131079
478  1.195000 -0.397350054926
479  1.197500 -0.397877852053
480  1.200000 -0.398448632903
481  1.202500 -0.399063557680
482  1.205000 -0.399723840213
483  1.207500 -0.400430752188
484  1.210000 -0.401185627816
485  1.212500 -0.401989868972
486  1.215000 -0.402844950872
487  1.217500 -0.403752428370
488  1.220000 -0.404713942928
489  1.222500 -0.405731230383
490  1.225000 -0.406806129587
491  1.227500 -0.407940592066
492  1.230000 -0.409136692824
493  1.232500 -0.410396642463
494  1.235000 -0.411722800794
495  1.237500 -0.413117692166
496  1.240000 -0.414584022733
497  1.242500 -0.416124699951
498  1.245000 -0.417742854580
499  1.247500 -0.419441865519
500  1.250000 -0.421225387787
501  1.252500 -0.423097383927
502  1.255000 -0.425062159050
503  1.257500 -0.427124399479
504  1.260000 -0.429289214609
505  1.262500 -0.431562180791
506  1.265000 -0.433949384726
507  1.267500 -0.436457461369
508  1.270000 -0.439093616999
509  1.272500 -0.441865620372
510  1.275000 -0.444781731249
511  1.277500 -0.447850511720
512  1.280000 -0.451080424872
513  1.282500 -0.454479058365
514  1.285000 -0.458051711724
515  1.287500 -0.461798976813
516  1.290000 -0.465712938296
517  1.292500 -0.469772066475
518  1.295000 -0.473936326412
519  1.297500 -0.478146346280
520  1.300000 -0.482330829411
521  1.302500 -0.486420937323
522  1.305000 -0.490363330533
523  1.307500 -0.494124965089
524  1.310000 -0.497690457146
525  1.312500 -0.501056657498
526  1.315000 -0.504227703642
527  1.317500 -0.507211552681
528  1.320000 -0.510017850381
529  1.322500 -0.512656720622
530  1.325000 -0.515138119551
531  1.327500 -0.517471516347
532  1.330000 -0.519665756148
533  1.332500 -0.521729021545
534  1.335000 -0.523668845327
535  1.337500 -0.525492148153
536  1.340000 -0.527205286671
537  1.342500 -0.528814104325
538  1.345000 -0.530323980817
539  1.347500 -0.531739878295
540  1.350000 -0.533066383471
541  1.352500 -0.534307745511
542  1.355000 -0.535467909838
543  1.357500 -0.536550548157
544  1.360000 -0.537559085071
545  1.362500 -0.538496721647
546  1.365000 -0.539366456294
547  1.367500 -0.540171103279
548  1.370000 -0.540913309167
549  1.372500 -0.541595567450
550  1.375000 -0.542220231583
551  1.377500 -0.542789526633
552  1.380000 -0.543305559702
553  1.382500 -0.543770329286
554  1.385000 -0.544185733683
555  1.387500 -0.544553578575
556  1.390000 -0.544875583875
557  1.392500 -0.545153389925
558  1.395000 -0.545388563116
559  1.397500 -0.545582600999
560  1.400000 -0.545736936935
561  1.402500 -0.545852944343
562  1.405000 -0.545931940584
563  1.407500 -0.545975190512
564  1.410000 -0.545983909739
565  1.412500 -0.545959267635
566  1.415000 -0.545902390086
567  1.417500 -0.545814362042
568  1.420000 -0.545696229866
569  1.422500 -0.545549003515
570  1.425000 -0.545373658550
571  1.427500 -0.545171138007
572  1.430000 -0.544942354137
573  1.432500 -0.544688190018
574  1.435000 -0.544409501065
575  1.437500 -0.544107116430
576  1.440000 -0.543781840317
577  1.442500 -0.543434453206
578  1.445000 -0.543065713002
579  1.447500 -0.542676356109
580  1.450000 -0.542267098441
581  1.452500 -0.541838636372
582  1.455000 -0.541391647622
583  1.457500 -0.540926792101
584  1.460000 -0.540444712694
585  1.462500 -0.539946036012
586  1.465000 -0.539431373093
587  1.467500 -0.538901320066
588  1.470000 -0.538356458779
589  1.472500 -0.537797357397
590  1.475000 -0.537224570961
591  1.477500 -0.536638641929
592  1.480000 -0.536040100676
593  1.482500 -0.535429465980
594  1.485000 -0.534807245476
595  1.487500 -0.534173936098
596  1.490000 -0.533530024486
597  1.492500 -0.532875987383
598  1.495000 -0.532212292016
599  1.497500 -0.531539396446
600  1.500000 -0.530857749920
601  1.502500 -0.530167793194
602  1.505000 -0.529469958843
603  1.507500 -0.528764671568
604  1.510000 -0.528052348476
605  1.512500 -0.527333399359
606  1.515000 -0.526608226952
607  1.517500 -0.525877227193
608  1.520000 -0.525140789458
609  1.522500 -0.524399296797
610  1.525000 -0.523653126160
611  1.527500 -0.522902648605
612  1.530000 -0.522148229513
613  1.532500 -0.521390228779
614  1.535000 -0.520629001011
615  1.537500 -0.519864895710
616  1.540000 -0.519098257447
617  1.542500 -0.518329426041
618  1.545000 -0.517558736718
619  1.547500 -0.516786520275
620  1.550000 -0.516013103231
621  1.552500 -0.515238807981
622  1.555000 -0.514463952938
623  1.557500 -0.513688852671
624  1.560000 -0.512913818042
625  1.562500 -0.512139156338
626  1.565000 -0.511365171394
627  1.567500 -0.510592163721
628  1.570000 -0.509820430619
629  1.572500 -0.509050266296
630  1.575000 -0.508281961978
631  1.577500 -0.507515806018
632  1.580000 -0.506752084000
633  1.582500 -0.505991078841
634  1.585000 -0.505233070891
635  1.587500 -0.504478338027
636  1.590000 -0.503727155744
637  1.592500 -0.502979797249
638  1.595000 -0.502236533544
639  1.597500 -0.501497633512
640  1.600000 -0.500763364000
641  1.602500 -0.500033989893
642  1.605000 -0.499309774195
643  1.607500 -0.498590978098
644  1.610000 -0.497877861057
645  1.612500 -0.497170680856
646  1.615000 -0.496469693673
647  1.617500 -0.495775154141
648  1.620000 -0.495087315412
649  1.622500 -0.494406429212
650  1.625000 -0.493732745893
651  1.627500 -0.493066514487
652  1.630000 -0.492407982753
653  1.632500 -0.491757397221
654  1.635000 -0.491115003235
655  1.637500 -0.490481044991
656  1.640000 -0.489855765567
657  1.642500 -0.489239406961
658  1.645000 -0.488632210111
659  1.647500 -0.488034414921
660  1.650000 -0.487446260276
661  1.652500 -0.486867984056
662  1.655000 -0.486299823146
663  1.657500 -0.485742013431
664  1.660000 -0.485194789802
665  1.662500 -0.484658386138
666  1.665000 -0.484133035291
667  1.667500 -0.483618969067
668  1.670000 -0.483116418185
669  1.672500 -0.482625612246
670  1.675000 -0.482146779677
671  1.677500 -0.481680147675
672  1.680000 -0.481225942139
673  1.682500 -0.480784387582
674  1.685000 -0.480355707049
675  1.687500 -0.479940122000
676  1.690000 -0.479537852194
677  1.692500 -0.479149115556
678  1.695000 -0.478774128018
679  1.697500 -0.478413103354
680  1.700000 -0.478066252987
681  1.702500 -0.477733785777
682  1.705000 -0.477415907793
683  1.707500 -0.477112822050
684  1.710000 -0.476824728228
685  1.712500 -0.476551822360
686  1.715000 -0.476294296489
687  1.717500 -0.476052338294
688  1.720000 -0.475826130681
689  1.722500 -0.475615851335
690  1.725000 -0.475421672237
691  1.727500 -0.475243759130
692  1.730000 -0.475082270948
693  1.732500 -0.474937359192
694  1.735000 -0.474809167257
695  1.737500 -0.474697829704
696  1.740000 -0.474603471473
697  1.742500 -0.474526207041
698  1.745000 -0.474466139515
699  1.747500 -0.474423359658
700  1.750000 -0.474397944849
701  1.752500 -0.474389957978
702  1.755000 -0.474399446265
703  1.757500 -0.474426440010
704  1.760000 -0.474470951270
705  1.762500 -0.474532972474
706  1.765000 -0.474612474958
707  1.767500 -0.474709407447
708  1.770000 -0.474823694471
709  1.772500 -0.474955234730
710  1.775000 -0.475103899423
711  1.777500 -0.475269530533
712  1.780000 -0.475451939111
713  1.782500 -0.475650903545
714  1.785000 -0.475866167859
715  1.787500 -0.476097440051
716  1.790000 -0.476344390503
717  1.792500 -0.476606650487
718  1.795000 -0.476883810811
719  1.797500 -0.477175420623
720  1.800000 -0.477480986432
721  1.802500 -0.477799971373
722  1.805000 -0.478131794752
723  1.807500 -0.478475831931
724  1.810000 -0.478831414574
725  1.812500 -0.479197831297
726  1.815000 -0.479574328759
727  1.817500 -0.479960113214
728  1.820000 -0.480354352542
729  1.822500 -0.480756178770
730  1.825000 -0.481164691091
731  1.827500 -0.481578959343
732  1.830000 -0.481998027950
733  1.832500 -0.482420920270
734  1.835000 -0.482846643299
735  1.837500 -0.483274192675
736  1.840000 -0.483702557909
737  1.842500 -0.484130727751
738  1.845000 -0.484557695629
739  1.847500 -0.484982465041
740  1.850000 -0.485404054840
741  1.852500 -0.485821504319
742  1.855000 -0.486233878002
743  1.857500 -0.486640270102
744  1.860000 -0.487039808562
745  1.862500 -0.487431658638
746  1.865000 -0.487815026002
747  1.867500 -0.488189159331
748  1.870000 -0.488553352379
749  1.872500 -0.488906945540
750  1.875000 -0.489249326910
751  1.877500 -0.489579932880
752  1.880000 -0.489898248282
753  1.882500 -0.490203806138
754  1.885000 -0.490496187037
755  1.887500 -0.490775018206
756  1.890000 -0.491039972288
757  1.892500 -0.491290765908
758  1.895000 -0.491527158042
759  1.897500 -0.491748948235
760  1.900000 -0.491955974713
761  1.902500 -0.492148112424
762  1.905000 -0.492325271021
763  1.907500 -0.492487392834
764  1.910000 -0.492634450846
765  1.912500 -0.492766446692
766  1.915000 -0.492883408692
767  1.917500 -0.492985389950
768  1.920000 -0.493072466506
769  1.922500 -0.493144735565
770  1.925000 -0.493202313804
771  1.927500 -0.493245335762
772  1.930000 -0.493273952311
773  1.932500 -0.493288329217
774  1.935000 -0.493288645783
775  1.937500 -0.493275093580
776  1.940000 -0.493247875254
777  1.942500 -0.493207203424
778  1.945000 -0.493153299646
779  1.947500 -0.493086393455
780  1.950000 -0.493006721485
781  1.952500 -0.492914526643
782  1.955000 -0.492810057357
783  1.957500 -0.492693566881
784  1.960000 -0.492565312653
785  1.962500 -0.492425555709
786  1.965000 -0.492274560149
787  1.967500 -0.492112592640
788  1.970000 -0.491939921974
789  1.972500 -0.491756818657
790  1.975000 -0.491563554536
791  1.977500 -0.491360402465
792  1.980000 -0.491147635998
793  1.982500 -0.490925529116
794  1.985000 -0.490694355973
795  1.987500 -0.490454390679
796  1.990000 -0.490205907094
797  1.992500 -0.489949178651
798  1.995000 -0.489684478198
799  1.997500 -0.489412077853
800  2.000000 -0.489132248879
801  2.002500 -0.488845261577
802  2.005000 -0.488551385188
803  2.007500 -0.488250887808
804  2.010000 -0.487944036318
805  2.012500 -0.487631096324
806  2.015000 -0.487312332105
807  2.017500 -0.486988006569
808  2.020000 -0.486658381222
809  2.022500 -0.486323716140
810  2.025000 -0.485984269950
811  2.027500 -0.485640299817
812  2.030000 -0.485292061434
813  2.032500 -0.484939809024
814  2.035000 -0.484583795339
815  2.037500 -0.484224271668
816  2.040000 -0.483861487849
817  2.042500 -0.483495692281
818  2.045000 -0.483127131943
819  2.047500 -0.482756052413
820  2.050000 -0.482382697896
821  2.052500 -0.482007311242
822  2.055000 -0.481630133982
823  2.057500 -0.481251406351
824  2.060000 -0.480871367326
825  2.062500 -0.480490254652
826  2.065000 -0.480108304886
827  2.067500 -0.479725753422
828  2.070000 -0.479342834540
829  2.072500 -0.478959781435
830  2.075000 -0.478576826260
831  2.077500 -0.478194200165
832  2.080000 -0.477812133338
833  2.082500 -0.477430855048
834  2.085000 -0.477050593681
835  2.087500 -0.476671576788
836  2.090000 -0.476294031123
837  2.092500 -0.475918182690
838  2.095000 -0.475544256781
839  2.097500 -0.475172478018
840  2.100000 -0.474803070402
841  2.102500 -0.474436257349
842  2.105000 -0.474072261735
843  2.107500 -0.473711305936
844  2.110000 -0.473353611872
845  2.112500 -0.472999401047
846  2.115000 -0.472648894589
847  2.117500 -0.472302313288
848  2.120000 -0.471959877638
849  2.122500 -0.471621807872
850  2.125000 -0.471288324004
851  2.127500 -0.470959645855
852  2.130000 -0.470635993098
853  2.132500 -0.470317585283
854  2.135000 -0.470004641872
855  2.137500 -0.469697382266
856  2.140000 -0.469396025832
857  2.142500 -0.469100791931
858  2.145000 -0.468811899933
859  2.147500 -0.468529569242
860  2.150000 -0.468254019311
861  2.152500 -0.467985469649
862  2.155000 -0.467724139836
863  2.157500 -0.467470249520
864  2.160000 -0.467224018422
865  2.162500 -0.466985666323
866  2.165000 -0.466755413058
867  2.167500 -0.466533478490
868  2.170000 -0.466320082487
869  2.172500 -0.466115444889
870  2.175000 -0.465919785461
871  2.177500 -0.465733323840
872  2.180000 -0.465556279474
873  2.182500 -0.465388871542
874  2.185000 -0.465231318869
875  2.187500 -0.465083839818
876  2.190000 -0.464946652176
877  2.192500 -0.464819973011
878  2.195000 -0.464704018521
879  2.197500 -0.464599003854
880  2.200000 -0.464505142910
881  2.202500 -0.464422648112
882  2.205000 -0.464351730156
883  2.207500 -0.464292597722
884  2.210000 -0.464245457162
885  2.212500 -0.464210512140
886  2.215000 -0.464187963241
887  2.217500 -0.464178007531
888  2.220000 -0.464180838071
889  2.222500 -0.464196643381
890  2.225000 -0.464225606841
891  2.227500 -0.464267906042
892  2.230000 -0.464323712058
893  2.232500 -0.464393188658
894  2.235000 -0.464476491433
895  2.237500 -0.464573766843
896  2.240000 -0.464685151180
897  2.242500 -0.464810769433
898  2.245000 -0.464950734052
899  2.247500 -0.465105143612
900  2.250000 -0.465274081369
901  2.252500 -0.465457613698
902  2.255000 -0.465655788416
903  2.257500 -0.465868632991
904  2.260000 -0.466096152631
905  2.262500 -0.466338328255
906  2.265000 -0.466595114356
907  2.267500 -0.466866436763
908  2.270000 -0.467152190302
909  2.272500 -0.467452236396
910  2.275000 -0.467766400597
911  2.277500 -0.468094470104
912  2.280000 -0.468436191274
913  2.282500 -0.468791267190
914  2.285000 -0.469159355316
915  2.287500 -0.469540065305
916  2.290000 -0.469932957005
917  2.292500 -0.470337538757
918  2.295000 -0.470753266025
919  2.297500 -0.471179540468
920  2.300000 -0.471615709496
921  2.302500 -0.472061066423
922  2.305000 -0.472514851250
923  2.307500 -0.472976252173
924  2.310000 -0.473444407839
925  2.312500 -0.473918410400
926  2.315000 -0.474397309358
927  2.317500 -0.474880116200
928  2.320000 -0.475365809781
929  2.322500 -0.475853342378
930  2.325000 -0.476341646324
931  2.327500 -0.476829641112
932  2.330000 -0.477316240812
933  2.332500 -0.477800361661
934  2.335000 -0.478280929654
935  2.337500 -0.478756887977
936  2.340000 -0.479227204120
937  2.342500 -0.479690876528
938  2.345000 -0.480146940672
939  2.347500 -0.480594474417
940  2.350000 -0.481032602646
941  2.352500 -0.481460501058
942  2.355000 -0.481877399150
943  2.357500 -0.482282582375
944  2.360000 -0.482675393507
945  2.362500 -0.483055233267
946  2.365000 -0.483421560264
947  2.367500 -0.483773890339
948  2.370000 -0.484111795371
949  2.372500 -0.484434901643
950  2.375000 -0.484742887845
951  2.377500 -0.485035482788
952  2.380000 -0.485312462902
953  2.382500 -0.485573649587
954  2.385000 -0.485818906473
955  2.387500 -0.486048136642
956  2.390000 -0.486261279851
957  2.392500 -0.486458309795
958  2.395000 -0.486639231441
959  2.397500 -0.486804078445
960  2.400000 -0.486952910685
961  2.402500 -0.487085811912
962  2.405000 -0.487202887522
963  2.407500 -0.487304262473
964  2.410000 -0.487390079322
965  2.412500 -0.487460496407
966  2.415000 -0.487515686156
967  2.417500 -0.487555833518
968  2.420000 -0.487581134529
969  2.422500 -0.487591794980
970  2.425000 -0.487588029207
971  2.427500 -0.487570058978
972  2.430000 -0.487538112482
973  2.432500 -0.487492423408
974  2.435000 -0.487433230106
975  2.437500 -0.487360774832
976  2.440000 -0.487275303058
977  2.442500 -0.487177062857
978  2.445000 -0.487066304344
979  2.447500 -0.486943279173
980  2.450000 -0.486808240092
981  2.452500 -0.486661440537
982  2.455000 -0.486503134274
983  2.457500 -0.486333575079
984  2.460000 -0.486153016453
985  2.462500 -0.485961711374
986  2.465000 -0.485759912070
987  2.467500 -0.485547869826
988  2.470000 -0.485325834815
989  2.472500 -0.485094055947
990  2.475000 -0.484852780739
991  2.477500 -0.484602255207
992  2.480000 -0.484342723771
993  2.482500 -0.484074429174
994  2.485000 -0.483797612416
995  2.487500 -0.483512512699
996  2.490000 -0.483219367387
997  2.492500 -0.482918411967
998  2.495000 -0.482609880028
999  2.497500 -0.482294003241
1000  2.500000 -0.481971011353
1001  2.502500 -0.481641132178
1002  2.505000 -0.481304591604
1003  2.507500 -0.480961613596
1004  2.510000 -0.480612420211
1005  2.512500 -0.480257231614
1006  2.515000 -0.479896266095
1007  2.517500 -0.479529740094
1008  2.520000 -0.479157868224
1009  2.522500 -0.478780863306
1010  2.525000 -0.478398936390
1011  2.527500 -0.478012296797
1012  2.530000 -0.477621152149
1013  2.532500 -0.477225708405
1014  2.535000 -0.476826169900
1015  2.537500 -0.476422739385
1016  2.540000 -0.476015618065
1017  2.542500 -0.475605005641
1018  2.545000 -0.475191100353
1019  2.547500 -0.474774099021
1020  2.550000 -0.474354197091
1021  2.552500 -0.473931588676
1022  2.555000 -0.473506466605
1023  2.557500 -0.473079022463
1024  2.560000 -0.472649446642
1025  2.562500 -0.472217928382
1026  2.565000 -0.471784655822
1027  2.567500 -0.471349816044
1028  2.570000 -0.470913595123
1029  2.572500 -0.470476178170
1030  2.575000 -0.470037749385
1031  2.577500 -0.469598492099
1032  2.580000 -0.469158588830
1033  2.582500 -0.468718221325
1034  2.585000 -0.468277570614
1035  2.587500 -0.467836817056
1036  2.590000 -0.467396140389
1037  2.592500 -0.466955719783
1038  2.595000 -0.466515733887
1039  2.597500 -0.466076360884
1040  2.600000 -0.465637778538
1041  2.602500 -0.465200164247
1042  2.605000 -0.464763695098
1043  2.607500 -0.464328547918
1044  2.610000 -0.463894899327
1045  2.612500 -0.463462925794
1046  2.615000 -0.463032803688
1047  2.617500 -0.462604709340
1048  2.620000 -0.462178819093
1049  2.622500 -0.461755309364
1050  2.625000 -0.461334356699
1051  2.627500 -0.460916137833
1052  2.630000 -0.460500829751
1053  2.632500 -0.460088609750
1054  2.635000 -0.459679655498
1055  2.637500 -0.459274145103
1056  2.640000 -0.458872257173
1057  2.642500 -0.458474170884
1058  2.645000 -0.458080066052
1059  2.647500 -0.457690123196
1060  2.650000 -0.457304523615
1061  2.652500 -0.456923449459
1062  2.655000 -0.456547083804
1063  2.657500 -0.456175610730
1064  2.660000 -0.455809215399
1065  2.662500 -0.455448084140
1066  2.665000 -0.455092404529
1067  2.667500 -0.454742365481
1068  2.670000 -0.454398157334
1069  2.672500 -0.454059971946
1070  2.675000 -0.453728002790
1071  2.677500 -0.453402445050
1072  2.680000 -0.453083495728
1073  2.682500 -0.452771353747
1074  2.685000 -0.452466220064
1075  2.687500 -0.452168297781
1076  2.690000 -0.451877792267
1077  2.692500 -0.451594911281
1078  2.695000 -0.451319865097
1079  2.697500 -0.451052866645
1080  2.700000 -0.450794131642
1081  2.702500 -0.450543878743
1082  2.705000 -0.450302329694
1083  2.707500 -0.450069709482
1084  2.710000 -0.449846246511
1085  2.712500 -0.449632172767
1086  2.715000 -0.449427724003
1087  2.717500 -0.449233139927
1088  2.720000 -0.449048664402
1089  2.722500 -0.448874545651
1090  2.725000 -0.448711036478
1091  2.727500 -0.448558394497
1092  2.730000 -0.448416882368
1093  2.732500 -0.448286768056
1094  2.735000 -0.448168325092
1095  2.737500 -0.448061832853
1096  2.740000 -0.447967576856
1097  2.742500 -0.447885849066
1098  2.745000 -0.447816948222
1099  2.747500 -0.447761180180
1100  2.750000 -0.447718858270
1101  2.752500 -0.447690303681
1102  2.755000 -0.447675845858
1103  2.757500 -0.447675822923
1104  2.760000 -0.447690582122
1105  2.762500 -0.447720480288
1106  2.765000 -0.447765884336
1107  2.767500 -0.447827171780
1108  2.770000 -0.447904731276
1109  2.772500 -0.447998963193
1110  2.775000 -0.448110280212
1111  2.777500 -0.448239107950
1112  2.780000 -0.448385885614
1113  2.782500 -0.448551066685
1114  2.785000 -0.448735119613
1115  2.787500 -0.448938528557
1116  2.790000 -0.449161794117
1117  2.792500 -0.449405434106
1118  2.795000 -0.449669984302
1119  2.797500 -0.449955999214
1120  2.800000 -0.450264052818
1121  2.802500 -0.450594739257
1122  2.805000 -0.450948673478
1123  2.807500 -0.451326491770
1124  2.810000 -0.451728852167
1125  2.812500 -0.452156434653
1126  2.815000 -0.452609941096
1127  2.817500 -0.453090094828
1128  2.820000 -0.453597639736
1129  2.822500 -0.454133338716
1130  2.825000 -0.454697971282
1131  2.827500 -0.455292330090
1132  2.830000 -0.455917216014
1133  2.832500 -0.456573431389
1134  2.835000 -0.457261770870
1135  2.837500 -0.457983009243
1136  2.840000 -0.458737885369
1137  2.842500 -0.459527081245
1138  2.845000 -0.460351195006
1139  2.847500 -0.461210706468
1140  2.850000 -0.462105933763
1141  2.852500 -0.463036979577
1142  2.855000 -0.464003665873
1143  2.857500 -0.465005456684
1144  2.860000 -0.466041370045
1145  2.862500 -0.467109882539
1146  2.865000 -0.468208833386
1147  2.867500 -0.469335339446
1148  2.870000 -0.470485737016
1149  2.872500 -0.471655569421
1150  2.875000 -0.472839638700
1151  2.877500 -0.474032133112
1152  2.880000 -0.475226829133
1153  2.882500 -0.476417349798
1154  2.885000 -0.477597446348
1155  2.887500 -0.478761263381
1156  2.890000 -0.479903552280
1157  2.892500 -0.481019811465
1158  2.895000 -0.482106349080
1159  2.897500 -0.483160277989
1160  2.900000 -0.484179460920
1161  2.902500 -0.485162425344
1162  2.905000 -0.486108265008
1163  2.907500 -0.487016540586
1164  2.910000 -0.487887187241
1165  2.912500 -0.488720433160
1166  2.915000 -0.489516730458
1167  2.917500 -0.490276698196
1168  2.920000 -0.491001076395
1169  2.922500 -0.491690689535
1170  2.925000 -0.492346417989
1171  2.927500 -0.492969175933
1172  2.930000 -0.493559894463
1173  2.932500 -0.494119508837
1174  2.935000 -0.494648948956
1175  2.937500 -0.495149132381
1176  2.940000 -0.495620959306
1177  2.942500 -0.496065309039
1178  2.945000 -0.496483037646
1179  2.947500 -0.496874976475
1180  2.950000 -0.497241931345
1181  2.952500 -0.497584682239
1182  2.955000 -0.497903983375
1183  2.957500 -0.498200563539
1184  2.960000 -0.498475126630
1185  2.962500 -0.498728352330
1186  2.965000 -0.498960896879
1187  2.967500 -0.499173393902
1188  2.970000 -0.499366455277
1189  2.972500 -0.499540672007
1190  2.975000 -0.499696615106
1191  2.977500 -0.499834836458
1192  2.980000 -0.499955869671
1193  2.982500 -0.500060230899
1194  2.985000 -0.500148419639
1195  2.987500 -0.500220919498
1196  2.990000 -0.500278198926
1197  2.992500 -0.500320711919
1198  2.995000 -0.500348898688
1199  2.997500 -0.500363186303
1200  3.000000 -0.500363989291
1201  3.002500 -0.500351710221
1202  3.005000 -0.500326740250
1203  3.007500 -0.500289459642
1204  3.010000 -0.500240238260
1205  3.012500 -0.500179436040
1206  3.015000 -0.500107403428
1207  3.017500 -0.500024481807
1208  3.020000 -0.499931003892
1209  3.022500 -0.499827294111
1210  3.025000 -0.499713668964
1211  3.027500 -0.499590437364
1212  3.030000 -0.499457900958
1213  3.032500 -0.499316354442
1214  3.035000 -0.499166085843
1215  3.037500 -0.499007376805
1216  3.040000 -0.498840502846
1217  3.042500 -0.498665733615
1218  3.045000 -0.498483333125
1219  3.047500 -0.498293559984
1220  3.050000 -0.498096667610
1221  3.052500 -0.497892904436
1222  3.055000 -0.497682514110
1223  3.057500 -0.497465735676
1224  3.060000 -0.497242803761
1225  3.062500 -0.497013948738
1226  3.065000 -0.496779396893
1227  3.067500 -0.496539370580
1228  3.070000 -0.496294088368
1229  3.072500 -0.496043765188
1230  3.075000 -0.495788612463
1231  3.077500 -0.495528838241
1232  3.080000 -0.495264647322
1233  3.082500 -0.494996241374
1234  3.085000 -0.494723819048
1235  3.087500 -0.494447576090
1236  3.090000 -0.494167705444
1237  3.092500 -0.493884397355
1238  3.095000 -0.493597839465
1239  3.097500 -0.493308216904
1240  3.100000 -0.493015712383
1241  3.102500 -0.492720506278
1242  3.105000 -0.492422776713
1243  3.107500 -0.492122699638
1244  3.110000 -0.491820448908
1245  3.112500 -0.491516196353
1246  3.115000 -0.491210111850
1247  3.117500 -0.490902363392
1248  3.120000 -0.490593117150
1249  3.122500 -0.490282537540
1250  3.125000 -0.489970787278
1251  3.127500 -0.489658027442
1252  3.130000 -0.489344417526
1253  3.132500 -0.489030115493
1254  3.135000 -0.488715277827
1255  3.137500 -0.488400059581
1256  3.140000 -0.488084614425
1257  3.142500 -0.487769094694
1258  3.145000 -0.487453651424
1259  3.147500 -0.487138434401
1260  3.150000 -0.486823592194
1261  3.152500 -0.486509272198
1262  3.155000 -0.486195620666
1263  3.157500 -0.485882782743
1264  3.160000 -0.485570902500
1265  3.162500 -0.485260122963
1266  3.165000 -0.484950586139
1267  3.167500 -0.484642433047
1268  3.170000 -0.484335803738
1269  3.172500 -0.484030837319
1270  3.175000 -0.483727671977
1271  3.177500 -0.483426444990
1272  3.180000 -0.483127292749
1273  3.182500 -0.482830350773
1274  3.185000 -0.482535753717
1275  3.187500 -0.482243635384
1276  3.190000 -0.481954128732
1277  3.192500 -0.481667365882
1278  3.195000 -0.481383478113
1279  3.197500 -0.481102595872
1280  3.200000 -0.480824848760
1281  3.202500 -0.480550365536
1282  3.205000 -0.480279274102
1283  3.207500 -0.480011701490
1284  3.210000 -0.479747773852
1285  3.212500 -0.479487616436
1286  3.215000 -0.479231353562
1287  3.217500 -0.478979108599
1288  3.220000 -0.478731003933
1289  3.222500 -0.478487160925
1290  3.225000 -0.478247699880
1291  3.227500 -0.478012739992
1292  3.230000 -0.477782399300
1293  3.232500 -0.477556794626
1294  3.235000 -0.477336041517
1295  3.237500 -0.477120254170
1296  3.240000 -0.476909545361
1297  3.242500 -0.476704026360
1298  3.245000 -0.476503806839
1299  3.247500 -0.476308994775
1300  3.250000 -0.476119696340
1301  3.252500 -0.475936015790
1302  3.255000 -0.475758055330
1303  3.257500 -0.475585914986
1304  3.260000 -0.475419692456
1305  3.262500 -0.475259482951
1306  3.265000 -0.475105379024
1307  3.267500 -0.474957470391
1308  3.270000 -0.474815843737
1309  3.272500 -0.474680582505
1310  3.275000 -0.474551766672
1311  3.277500 -0.474429472517
1312  3.280000 -0.474313772367
1313  3.282500 -0.474204734327
1314  3.285000 -0.474102422000
1315  3.287500 -0.474006894184
1316  3.290000 -0.473918204556
1317  3.292500 -0.473836401338
1318  3.295000 -0.473761526950
1319  3.297500 -0.473693617634
1320  3.300000 -0.473632703080
1321  3.302500 -0.473578806016
1322  3.305000 -0.473531941799
1323  3.307500 -0.473492117980
1324  3.310000 -0.473459333861
1325  3.312500 -0.473433580041
1326  3.315000 -0.473414837945
1327  3.317500 -0.473403079354
1328  3.320000 -0.473398265928
1329  3.322500 -0.473400348719
1330  3.325000 -0.473409267698
1331  3.327500 -0.473424951279
1332  3.330000 -0.473447315862
1333  3.332500 -0.473476265383
1334  3.335000 -0.473511690894
1335  3.337500 -0.473553470168
1336  3.340000 -0.473601467338
1337  3.342500 -0.473655532583
1338  3.345000 -0.473715501862
1339  3.347500 -0.473781196704
1340  3.350000 -0.473852424066
1341  3.352500 -0.473928976270
1342  3.355000 -0.474010631014
1343  3.357500 -0.474097151476
1344  3.360000 -0.474188286518
1345  3.362500 -0.474283770987
1346  3.365000 -0.474383326126
1347  3.367500 -0.474486660096
1348  3.370000 -0.474593468612
1349  3.372500 -0.474703435691
1350  3.375000 -0.474816234513
1351  3.377500 -0.474931528393
1352  3.380000 -0.475048971854
1353  3.382500 -0.475168211797
1354  3.385000 -0.475288888758
1355  3.387500 -0.475410638238
1356  3.390000 -0.475533092099
1357  3.392500 -0.475655880000
1358  3.395000 -0.475778630872
1359  3.397500 -0.475900974401
1360  3.400000 -0.476022542512
1361  3.402500 -0.476142970831
1362  3.405000 -0.476261900116
1363  3.407500 -0.476378977627
1364  3.410000 -0.476493858435
1365  3.412500 -0.476606206652
1366  3.415000 -0.476715696566
1367  3.417500 -0.476822013678
1368  3.420000 -0.476924855627
1369  3.422500 -0.477023933006
1370  3.425000 -0.477118970059
1371  3.427500 -0.477209705261
1372  3.430000 -0.477295891779
1373  3.432500 -0.477377297825
1374  3.435000 -0.477453706887
1375  3.437500 -0.477524917871
1376  3.440000 -0.477590745130
1377  3.442500 -0.477651018413
1378  3.445000 -0.477705582722
1379  3.447500 -0.477754298102
1380  3.450000 -0.477797039360
1381  3.452500 -0.477833695729
1382  3.455000 -0.477864170479
1383  3.457500 -0.477888380491
1384  3.460000 -0.477906255793
1385  3.462500 -0.477917739071
1386  3.465000 -0.477922785162
1387  3.467500 -0.477921360529
1388  3.470000 -0.477913442733
1389  3.472500 -0.477899019891
1390  3.475000 -0.477878090150
1391  3.477500 -0.477850661152
1392  3.480000 -0.477816749511
1393  3.482500 -0.477776380307
1394  3.485000 -0.477729586581
1395  3.487500 -0.477676408853
1396  3.490000 -0.477616894655
1397  3.492500 -0.477551098079
1398  3.495000 -0.477479079343
1399  3.497500 -0.477400904379
1400  3.500000 -0.477316644434
1401  3.502500 -0.477226375699
1402  3.505000 -0.477130178947
1403  3.507500 -0.477028139197
1404  3.510000 -0.476920345392
1405  3.512500 -0.476806890101
1406  3.515000 -0.476687869231
1407  3.517500 -0.476563381763
1408  3.520000 -0.476433529497
1409  3.522500 -0.476298416824
1410  3.525000 -0.476158150500
1411  3.527500 -0.476012839446
1412  3.530000 -0.475862594552
1413  3.532500 -0.475707528505
1414  3.535000 -0.475547755619
1415  3.537500 -0.475383391681
1416  3.540000 -0.475214553814
1417  3.542500 -0.475041360342
1418  3.545000 -0.474863930667
1419  3.547500 -0.474682385160
1420  3.550000 -0.474496845057
1421  3.552500 -0.474307432363
1422  3.555000 -0.474114269768
1423  3.557500 -0.473917480565
1424  3.560000 -0.473717188577
1425  3.562500 -0.473513518097
1426  3.565000 -0.473306593821
1427  3.567500 -0.473096540799
1428  3.570000 -0.472883484383
1429  3.572500 -0.472667550190
1430  3.575000 -0.472448864055
1431  3.577500 -0.472227552002
1432  3.580000 -0.472003740216
1433  3.582500 -0.471777555011
1434  3.585000 -0.471549122813
1435  3.587500 -0.471318570139
1436  3.590000 -0.471086023581
1437  3.592500 -0.470851609795
1438  3.595000 -0.470615455491
1439  3.597500 -0.470377687428
1440  3.600000 -0.470138432404
1441  3.602500 -0.469897817262
1442  3.605000 -0.469655968884
1443  3.607500 -0.469413014198
1444  3.610000 -0.469169080180
1445  3.612500 -0.468924293864
1446  3.615000 -0.468678782347
1447  3.617500 -0.468432672800
1448  3.620000 -0.468186092483
1449  3.622500 -0.467939168757
1450  3.625000 -0.467692029097
1451  3.627500 -0.467444801113
1452  3.630000 -0.467197612566
1453  3.632500 -0.466950591388
1454  3.635000 -0.466703865705
1455  3.637500 -0.466457563857
1456  3.640000 -0.466211814423
1457  3.642500 -0.465966746246
1458  3.645000 -0.465722488462
1459  3.647500 -0.465479170525
1460  3.650000 -0.465236922236
1461  3.652500 -0.464995873776
1462  3.655000 -0.464756155737
1463  3.657500 -0.464517899153
1464  3.660000 -0.464281235538
1465  3.662500 -0.464046296919
1466  3.665000 -0.463813215874
1467  3.667500 -0.463582125573
1468  3.670000 -0.463353159811
1469  3.672500 -0.463126453060
1470  3.675000 -0.462902140502
1471  3.677500 -0.462680358079
1472  3.680000 -0.462461242537
1473  3.682500 -0.462244931476
1474  3.685000 -0.462031563395
1475  3.687500 -0.461821277749
1476  3.690000 -0.461614214995
1477  3.692500 -0.461410516652
1478  3.695000 -0.461210325357
1479  3.697500 -0.461013784921
1480  3.700000 -0.460821040392
1481  3.702500 -0.460632238118
1482  3.705000 -0.460447525809
1483  3.707500 -0.460267052611
1484  3.710000 -0.460090969168
1485  3.712500 -0.459919427702
1486  3.715000 -0.459752582083
1487  3.717500 -0.459590587909
1488  3.720000 -0.459433602589
1489  3.722500 -0.459281785420
1490  3.725000 -0.459135297684
1491  3.727500 -0.458994302729
1492  3.730000 -0.458858966068
1493  3.732500 -0.458729455476
1494  3.735000 -0.458605941089
1495  3.737500 -0.458488595508
1496  3.740000 -0.458377593911
1497  3.742500 -0.458273114164
1498  3.745000 -0.458175336934
1499  3.747500 -0.458084445818
1500  3.750000 -0.458000627462
1501  3.752500 -0.457924071693
1502  3.755000 -0.457854971656
1503  3.757500 -0.457793523949
1504  3.760000 -0.457739928771
1505  3.762500 -0.457694390070
1506  3.765000 -0.457657115694
1507  3.767500 -0.457628317552
1508  3.770000 -0.457608211774
1509  3.772500 -0.457597018879
1510  3.775000 -0.457594963945
1511  3.777500 -0.457602276782
1512  3.780000 -0.457619192110
1513  3.782500 -0.457645949734
1514  3.785000 -0.457682794724
1515  3.787500 -0.457729977597
1516  3.790000 -0.457787754487
1517  3.792500 -0.457856387322
1518  3.795000 -0.457936143987
1519  3.797500 -0.458027298479
1520  3.800000 -0.458130131054
1521  3.802500 -0.458244928341
1522  3.805000 -0.458371983453
1523  3.807500 -0.458511596047
1524  3.810000 -0.458664072359
1525  3.812500 -0.458829725182
1526  3.815000 -0.459008873786
1527  3.817500 -0.459201843760
1528  3.820000 -0.459408966758
1529  3.822500 -0.459630580131
1530  3.825000 -0.459867026414
1531  3.827500 -0.460118652642
1532  3.830000 -0.460385809447
1533  3.832500 -0.460668849902
1534  3.835000 -0.460968128049
1535  3.837500 -0.461283997051
1536  3.840000 -0.461616806884
1537  3.842500 -0.461966901487
1538  3.845000 -0.462334615250
1539  3.847500 -0.462720268728
1540  3.850000 -0.463124163433
1541  3.852500 -0.463546575544
1542  3.855000 -0.463987748349
1543  3.857500 -0.464447883247
1544  3.860000 -0.464927129101
1545  3.862500 -0.465425569768
1546  3.865000 -0.465943209654
1547  3.867500 -0.466479957210
1548  3.870000 -0.467035606404
1549  3.872500 -0.467609816361
1550  3.875000 -0.468202089631
1551  3.877500 -0.468811749844
1552  3.880000 -0.469437919935
1553  3.882500 -0.470079502563
1554  3.885000 -0.470735164796
1555  3.887500 -0.471403329471
1556  3.890000 -0.472082175770
1557  3.892500 -0.472769651276
1558  3.895000 -0.473463497094
1559  3.897500 -0.474161286349
1560  3.900000 -0.474860474858
1561  3.902500 -0.475558461013
1562  3.905000 -0.476252650533
1563  3.907500 -0.476940520906
1564  3.910000 -0.477619680407
1565  3.912500 -0.478287917411
1566  3.915000 -0.478943237226
1567  3.917500 -0.479583885347
1568  3.920000 -0.480208357641
1569  3.922500 -0.480815399117
1570  3.925000 -0.481403993675
1571  3.927500 -0.481973347377
1572  3.930000 -0.482522867698
1573  3.932500 -0.483052140810
1574  3.935000 -0.483560908503
1575  3.937500 -0.484049045894
1576  3.940000 -0.484516540671
1577  3.942500 -0.484963474280
1578  3.945000 -0.485390005247
1579  3.947500 -0.485796354618
1580  3.950000 -0.486182793450
1581  3.952500 -0.486549632153
1582  3.955000 -0.486897211514
1583  3.957500 -0.487225895197
1584  3.960000 -0.487536063506
1585  3.962500 -0.487828108256
1586  3.965000 -0.488102428558
1587  3.967500 -0.488359427394
1588  3.970000 -0.488599508844
1589  3.972500 -0.488823075866
1590  3.975000 -0.489030528518
1591  3.977500 -0.489222262570
1592  3.980000 -0.489398668414
1593  3.982500 -0.489560130242
1594  3.985000 -0.489707025418
1595  3.987500 -0.489839724035
1596  3.990000 -0.489958588603
1597  3.992500 -0.490063973858
1598  3.995000 -0.490156226648
1599  3.997500 -0.490235685912
1600  4.000000 -0.490302682703
1601  4.002500 -0.490357540261
1602  4.005000 -0.490400574131
1603  4.007500 -0.490432092292
1604  4.010000 -0.490452395329
1605  4.012500 -0.490461776603
1606  4.015000 -0.490460522439
1607  4.017500 -0.490448912330
1608  4.020000 -0.490427219131
1609  4.022500 -0.490395709265
1610  4.025000 -0.490354642930
1611  4.027500 -0.490304274300
1612  4.030000 -0.490244851728
1613  4.032500 -0.490176617941
1614  4.035000 -0.490099810241
1615  4.037500 -0.490014660689
1616  4.040000 -0.489921396292
1617  4.042500 -0.489820239184
1618  4.045000 -0.489711406801
1619  4.047500 -0.489595112048
1620  4.050000 -0.489471563466
1621  4.052500 -0.489340965388
1622  4.055000 -0.489203518094
1623  4.057500 -0.489059417956
1624  4.060000 -0.488908857585
1625  4.062500 -0.488752025963
1626  4.065000 -0.488589108580
1627  4.067500 -0.488420287558
1628  4.070000 -0.488245741777
1629  4.072500 -0.488065646991
1630  4.075000 -0.487880175943
1631  4.077500 -0.487689498475
1632  4.080000 -0.487493781634
1633  4.082500 -0.487293189773
1634  4.085000 -0.487087884651
1635  4.087500 -0.486878025526
1636  4.090000 -0.486663769246
1637  4.092500 -0.486445270340
1638  4.095000 -0.486222681100
1639  4.097500 -0.485996151663
1640  4.100000 -0.485765830093
1641  4.102500 -0.485531862454
1642  4.105000 -0.485294392886
1643  4.107500 -0.485053563676
1644  4.110000 -0.484809515325
1645  4.112500 -0.484562386619
1646  4.115000 -0.484312314689
1647  4.117500 -0.484059435077
1648  4.120000 -0.483803881794
1649  4.122500 -0.483545787380
1650  4.125000 -0.483285282961
1651  4.127500 -0.483022498306
1652  4.130000 -0.482757561876
1653  4.132500 -0.482490600880
1654  4.135000 -0.482221741327
1655  4.137500 -0.481951108069
1656  4.140000 -0.481678824857
1657  4.142500 -0.481405014380
1658  4.145000 -0.481129798319
1659  4.147500 -0.480853297383
1660  4.150000 -0.480575631358
1661  4.152500 -0.480296919147
1662  4.155000 -0.480017278813
1663  4.157500 -0.479736827619
1664  4.160000 -0.479455682064
1665  4.162500 -0.479173957928
1666  4.165000 -0.478891770307
1667  4.167500 -0.478609233649
1668  4.170000 -0.478326461793
1669  4.172500 -0.478043568003
1670  4.175000 -0.477760665006
1671  4.177500 -0.477477865023
1672  4.180000 -0.477195279808
1673  4.182500 -0.476913020675
1674  4.185000 -0.476631198539
1675  4.187500 -0.476349923945
1676  4.190000 -0.476069307097
1677  4.192500 -0.475789457897
1678  4.195000 -0.475510485971
1679  4.197500 -0.475232500704
1680  4.200000 -0.474955611266
1681  4.202500 -0.474679926650
1682  4.205000 -0.474405555694
1683  4.207500 -0.474132607117
1684  4.210000 -0.473861189549
1685  4.212500 -0.473591411553
1686  4.215000 -0.473323381666
1687  4.217500 -0.473057208417
1688  4.220000 -0.472793000365
1689  4.222500 -0.472530866119
1690  4.225000 -0.472270914376
1691  4.227500 -0.472013253941
1692  4.230000 -0.471757993759
1693  4.232500 -0.471505242944
1694  4.235000 -0.471255110803
1695  4.237500 -0.471007706869
1696  4.240000 -0.470763140922
1697  4.242500 -0.470521523020
1698  4.245000 -0.470282963526
1699  4.247500 -0.470047573133
1700  4.250000 -0.469815462889
1701  4.252500 -0.469586744227
1702  4.255000 -0.469361528986
1703  4.257500 -0.469139929439
1704  4.260000 -0.468922058315
1705  4.262500 -0.468708028826
1706  4.265000 -0.468497954686
1707  4.267500 -0.468291950139
1708  4.270000 -0.468090129975
1709  4.272500 -0.467892609555
1710  4.275000 -0.467699504825
1711  4.277500 -0.467510932343
1712  4.280000 -0.467327009289
1713  4.282500 -0.467147853481
1714  4.285000 -0.466973583391
1715  4.287500 -0.466804318157
1716  4.290000 -0.466640177589
1717  4.292500 -0.466481282178
1718  4.295000 -0.466327753101
1719  4.297500 -0.466179712219
1720  4.300000 -0.466037282076
1721  4.302500 -0.465900585889
1722  4.305000 -0.465769747543
1723  4.307500 -0.465644891566
1724  4.310000 -0.465526143113
1725  4.312500 -0.465413627934
1726  4.315000 -0.465307472338
1727  4.317500 -0.465207803150
1728  4.320000 -0.465114747657
1729  4.322500 -0.465028433548
1730  4.325000 -0.464948988834
1731  4.327500 -0.464876541765
1732  4.330000 -0.464811220730
1733  4.332500 -0.464753154139
1734  4.335000 -0.464702470290
1735  4.337500 -0.464659297218
1736  4.340000 -0.464623762520
1737  4.342500 -0.464595993155
1738  4.345000 -0.464576115228
1739  4.347500 -0.464564253730
1740  4.350000 -0.464560532255
1741  4.352500 -0.464565072683
1742  4.355000 -0.464577994818
1743  4.357500 -0.464599415988
1744  4.360000 -0.464629450594
1745  4.362500 -0.464668209608
1746  4.365000 -0.464715800017
1747  4.367500 -0.464772324203
1748  4.370000 -0.464837879257
1749  4.372500 -0.464912556217
1750  4.375000 -0.464996439232
1751  4.377500 -0.465089604643
1752  4.380000 -0.465192119969
1753  4.382500 -0.465304042804
1754  4.385000 -0.465425419614
1755  4.387500 -0.465556284430
1756  4.390000 -0.465696657439
1757  4.392500 -0.465846543465
1758  4.395000 -0.466005930352
1759  4.397500 -0.466174787245
1760  4.400000 -0.466353062774
1761  4.402500 -0.466540683167
1762  4.405000 -0.466737550291
1763  4.407500 -0.466943539657
1764  4.410000 -0.467158498411
1765  4.412500 -0.467382243347
1766  4.415000 -0.467614558991
1767  4.417500 -0.467855195798
1768  4.420000 -0.468103868533
1769  4.422500 -0.468360254884
1770  4.425000 -0.468623994400
1771  4.427500 -0.468894687808
1772  4.430000 -0.469171896792
1773  4.432500 -0.469455144315
1774  4.435000 -0.469743915528
1775  4.437500 -0.470037659333
1776  4.440000 -0.470335790632
1777  4.442500 -0.470637693273
1778  4.445000 -0.470942723682
1779  4.447500 -0.471250215135
1780  4.450000 -0.471559482608
1781  4.452500 -0.471869828108
1782  4.455000 -0.472180546346
1783  4.457500 -0.472490930638
1784  4.460000 -0.472800278853
1785  4.462500 -0.473107899269
1786  4.465000 -0.473413116181
1787  4.467500 -0.473715275112
1788  4.470000 -0.474013747526
1789  4.472500 -0.474307934934
1790  4.475000 -0.474597272334
1791  4.477500 -0.474881230955
1792  4.480000 -0.475159320286
1793  4.482500 -0.475431089418
1794  4.485000 -0.475696127733
1795  4.487500 -0.475954065002
1796  4.490000 -0.476204570953
1797  4.492500 -0.476447354384
1798  4.495000 -0.476682161908
1799  4.497500 -0.476908776388
1800  4.500000 -0.477127015153
1801  4.502500 -0.477336728045
1802  4.505000 -0.477537795366
1803  4.507500 -0.477730125775
1804  4.510000 -0.477913654165
1805  4.512500 -0.478088339579
1806  4.515000 -0.478254163170
1807  4.517500 -0.478411126238
1808  4.520000 -0.478559248359
1809  4.522500 -0.478698565616
1810  4.525000 -0.478829128933
1811  4.527500 -0.478951002528
1812  4.530000 -0.479064262474
1813  4.532500 -0.479168995366
1814  4.535000 -0.479265297106
1815  4.537500 -0.479353271782
1816  4.540000 -0.479433030650
1817  4.542500 -0.479504691203
1818  4.545000 -0.479568376337
1819  4.547500 -0.479624213585
1820  4.550000 -0.479672334434
1821  4.552500 -0.479712873707
1822  4.555000 -0.479745969011
1823  4.557500 -0.479771760241
1824  4.560000 -0.479790389134
1825  4.562500 -0.479801998878
1826  4.565000 -0.479806733755
1827  4.567500 -0.479804738836
1828  4.570000 -0.479796159697
1829  4.572500 -0.479781142179
1830  4.575000 -0.479759832174
1831  4.577500 -0.479732375430
1832  4.580000 -0.479698917395
1833  4.582500 -0.479659603065
1834  4.585000 -0.479614576860
1835  4.587500 -0.479563982521
1836  4.590000 -0.479507963011
1837  4.592500 -0.479446660439
1838  4.595000 -0.479380215995
1839  4.597500 -0.479308769888
1840  4.600000 -0.479232461306
1841  4.602500 -0.479151428374
1842  4.605000 -0.479065808128
1843  4.607500 -0.478975736489
1844  4.610000 -0.478881348247
1845  4.612500 -0.478782777049
1846  4.615000 -0.478680155396
1847  4.617500 -0.478573614635
1848  4.620000 -0.478463284964
1849  4.622500 -0.478349295438
1850  4.625000 -0.478231773970
1851  4.627500 -0.478110847351
1852  4.630000 -0.477986641254
1853  4.632500 -0.477859280250
1854  4.635000 -0.477728887828
1855  4.637500 -0.477595586409
1856  4.640000 -0.477459497364
1857  4.642500 -0.477320741035
1858  4.645000 -0.477179436758
1859  4.647500 -0.477035702879
1860  4.650000 -0.476889656780
1861  4.652500 -0.476741414900
1862  4.655000 -0.476591092758
1863  4.657500 -0.476438804975
1864  4.660000 -0.476284665301
1865  4.662500 -0.476128786631
1866  4.665000 -0.475971281038
1867  4.667500 -0.475812259788
1868  4.670000 -0.475651833367
1869  4.672500 -0.475490111507
1870  4.675000 -0.475327203202
1871  4.677500 -0.475163216738
1872  4.680000 -0.474998259711
1873  4.682500 -0.474832439051
1874  4.685000 -0.474665861044
1875  4.687500 -0.474498631354
1876  4.690000 -0.474330855042
1877  4.692500 -0.474162636590
1878  4.695000 -0.473994079921
1879  4.697500 -0.473825288416
1880  4.700000 -0.473656364936
1881  4.702500 -0.473487411840
1882  4.705000 -0.473318531005
1883  4.707500 -0.473149823842
1884  4.710000 -0.472981391313
1885  4.712500 -0.472813333949
1886  4.715000 -0.472645751864
1887  4.717500 -0.472478744772
1888  4.720000 -0.472312412001
1889  4.722500 -0.472146852506
1890  4.725000 -0.471982164879
1891  4.727500 -0.471818447369
1892  4.730000 -0.471655797883
1893  4.732500 -0.471494314002
1894  4.735000 -0.471334092989
1895  4.737500 -0.471175231794
1896  4.740000 -0.471017827065
1897  4.742500 -0.470861975148
1898  4.745000 -0.470707772096
1899  4.747500 -0.470555313665
1900  4.750000 -0.470404695323
1901  4.752500 -0.470256012241
1902  4.755000 -0.470109359297
1903  4.757500 -0.469964831067
1904  4.760000 -0.469822521820
1905  4.762500 -0.469682525509
1906  4.765000 -0.469544935761
1907  4.767500 -0.469409845862
1908  4.770000 -0.469277348741
1909  4.772500 -0.469147536952
1910  4.775000 -0.469020502648
1911  4.777500 -0.468896337561
1912  4.780000 -0.468775132967
1913  4.782500 -0.468656979656
1914  4.785000 -0.468541967896
1915  4.787500 -0.468430187386
1916  4.790000 -0.468321727215
1917  4.792500 -0.468216675809
1918  4.795000 -0.468115120869
1919  4.797500 -0.468017149316
1920  4.800000 -0.467922847215
1921  4.802500 -0.467832299701
1922  4.805000 -0.467745590895
1923  4.807500 -0.467662803815
1924  4.810000 -0.467584020272
1925  4.812500 -0.467509320766
1926  4.815000 -0.467438784362
1927  4.817500 -0.467372488570
1928  4.820000 -0.467310509197
1929  4.822500 -0.467252920204
1930  4.825000 -0.467199793537
1931  4.827500 -0.467151198958
1932  4.830000 -0.467107203851
1933  4.832500 -0.467067873020
1934  4.835000 -0.467033268471
1935  4.837500 -0.467003449177
1936  4.840000 -0.466978470831
1937  4.842500 -0.466958385572
1938  4.845000 -0.466943241704
1939  4.847500 -0.466933083394
1940  4.850000 -0.466927950344
1941  4.852500 -0.466927877458
1942  4.855000 -0.466932894473
1943  4.857500 -0.466943025590
1944  4.860000 -0.466958289068
1945  4.862500 -0.466978696812
1946  4.865000 -0.467004253941
1947  4.867500 -0.467034958340
1948  4.870000 -0.467070800191
1949  4.872500 -0.467111761503
1950  4.875000 -0.467157815628
1951  4.877500 -0.467208926764
1952  4.880000 -0.467265049465
1953  4.882500 -0.467326128148
1954  4.885000 -0.467392096608
1955  4.887500 -0.467462877545
1956  4.890000 -0.467538382114
1957  4.892500 -0.467618509499
1958  4.895000 -0.467703146522
1959  4.897500 -0.467792167299
1960  4.900000 -0.467885432946
1961  4.902500 -0.467982791348
1962  4.905000 -0.468084077002
1963  4.907500 -0.468189110942
1964  4.910000 -0.468297700756
1965  4.912500 -0.468409640701
1966  4.915000 -0.468524711930
1967  4.917500 -0.468642682835
1968  4.920000 -0.468763309508
1969  4.922500 -0.468886336330
1970  4.925000 -0.469011496687
1971  4.927500 -0.469138513806
1972  4.930000 -0.469267101716
1973  4.932500 -0.469396966324
1974  4.935000 -0.469527806593
1975  4.937500 -0.469659315822
1976  4.940000 -0.469791182990
1977  4.942500 -0.469923094181
1978  4.945000 -0.470054734032
1979  4.947500 -0.470185787229
1980  4.950000 -0.470315939981
1981  4.952500 -0.470444881500
1982  4.955000 -0.470572305423
1983  4.957500 -0.470697911199
1984  4.960000 -0.470821405379
1985  4.962500 -0.470942502835
1986  4.965000 -0.471060927864
1987  4.967500 -0.471176415188
1988  4.970000 -0.471288710820
1989  4.972500 -0.471397572819
1990  4.975000 -0.471502771900
1991  4.977500 -0.471604091934
1992  4.980000 -0.471701330304
1993  4.982500 -0.471794298152
1994  4.985000 -0.471882820512
1995  4.987500 -0.471966736329
1996  4.990000 -0.472045898387
1997  4.992500 -0.472120173148
1998  4.995000 -0.472189440512
1999  4.997500 -0.472253593509
2000  5.000000 -0.472312537939
2001  5.002500 -0.472366191955
2002  5.005000 -0.472414485616
2003  5.007500 -0.472457360404
2004  5.010000 -0.472494768725
2005  5.012500 -0.472526673388
2006  5.015000 -0.472553047082
2007  5.017500 -0.472573871847
2008  5.020000 -0.472589138546
2009  5.022500 -0.472598846351
2010  5.025000 -0.472603002224
2011  5.027500 -0.472601620431
2012  5.030000 -0.472594722051
2013  5.032500 -0.472582334518
2014  5.035000 -0.472564491169
2015  5.037500 -0.472541230824
2016  5.040000 -0.472512597373
2017  5.042500 -0.472478639392
2018  5.045000 -0.472439409780
2019  5.047500 -0.472394965409
2020  5.050000 -0.472345366799
2021  5.052500 -0.472290677816
2022  5.055000 -0.472230965380
2023  5.057500 -0.472166299200
2024  5.060000 -0.472096751524
2025  5.062500 -0.472022396901
2026  5.065000 -0.471943311965
2027  5.067500 -0.471859575238
2028  5.070000 -0.471771266935
2029  5.072500 -0.471678468794
2030  5.075000 -0.471581263914
2031  5.077500 -0.471479736611
2032  5.080000 -0.471373972275
2033  5.082500 -0.471264057246
2034  5.085000 -0.471150078702
2035  5.087500 -0.471032124547
2036  5.090000 -0.470910283319
2037  5.092500 -0.470784644097
2038  5.095000 -0.470655296421
2039  5.097500 -0.470522330219
2040  5.100000 -0.470385835738
2041  5.102500 -0.470245903484
2042  5.105000 -0.470102624167
2043  5.107500 -0.469956088650
2044  5.110000 -0.469806387904
2045  5.112500 -0.469653612970
2046  5.115000 -0.469497854921
2047  5.117500 -0.469339204832
2048  5.120000 -0.469177753750
2049  5.122500 -0.469013592671
2050  5.125000 -0.468846812517
2051  5.127500 -0.468677504121
2052  5.130000 -0.468505758208
2053  5.132500 -0.468331665382
2054  5.135000 -0.468155316120
2055  5.137500 -0.467976800757
2056  5.140000 -0.467796209484
2057  5.142500 -0.467613632344
2058  5.145000 -0.467429159228
2059  5.147500 -0.467242879871
2060  5.150000 -0.467054883862
2061  5.152500 -0.466865260634
2062  5.155000 -0.466674099477
2063  5.157500 -0.466481489541
2064  5.160000 -0.466287519837
2065  5.162500 -0.466092279250
2066  5.165000 -0.465895856544
2067  5.167500 -0.465698340374
2068  5.170000 -0.465499819292
2069  5.172500 -0.465300381763
2070  5.175000 -0.465100116173
2071  5.177500 -0.464899110845
2072  5.180000 -0.464697454051
2073  5.182500 -0.464495234025
2074  5.185000 -0.464292538982
2075  5.187500 -0.464089457131
2076  5.190000 -0.463886076693
2077  5.192500 -0.463682485917
2078  5.195000 -0.463478773100
2079  5.197500 -0.463275026604
2080  5.200000 -0.463071334878
2081  5.202500 -0.462867786474
2082  5.205000 -0.462664470071
2083  5.207500 -0.462461474497
2084  5.210000 -0.462258888748
2085  5.212500 -0.462056802016
2086  5.215000 -0.461855303705
2087  5.217500 -0.461654483466
2088  5.220000 -0.461454431210
2089  5.222500 -0.461255237146
2090  5.225000 -0.461056991799
2091  5.227500 -0.460859786041
2092  5.230000 -0.460663711120
2093  5.232500 -0.460468858688
2094  5.235000 -0.460275320834
2095  5.237500 -0.460083190112
2096  5.240000 -0.459892559575
2097  5.242500 -0.459703522809
2098  5.245000 -0.459516173967
2099  5.247500 -0.459330607805
2100  5.250000 -0.459146919719
2101  5.252500 -0.458965205783
2102  5.255000 -0.458785562790
2103  5.257500 -0.458608088292
2104  5.260000 -0.458432880641
2105  5.262500 -0.458260039040
2106  5.265000 -0.458089663581
2107  5.267500 -0.457921855297
2108  5.270000 -0.457756716211
2109  5.272500 -0.457594349390
2110  5.275000 -0.457434858995
2111  5.277500 -0.457278350341
2112  5.280000 -0.457124929950
2113  5.282500 -0.456974705621
2114  5.285000 -0.456827786485
2115  5.287500 -0.456684283078
2116  5.290000 -0.456544307408
2117  5.292500 -0.456407973028
2118  5.295000 -0.456275395113
2119  5.297500 -0.456146690541
2120  5.300000 -0.456021977977
2121  5.302500 -0.455901377962
2122  5.305000 -0.455785013001
2123  5.307500 -0.455673007671
2124  5.310000 -0.455565488711
2125  5.312500 -0.455462585143
2126  5.315000 -0.455364428376
2127  5.317500 -0.455271152334
2128  5.320000 -0.455182893579
2129  5.322500 -0.455099791446
2130  5.325000 -0.455021988189
2131  5.327500 -0.454949629128
2132  5.330000 -0.454882862810
2133  5.332500 -0.454821841182
2134  5.335000 -0.454766719765
2135  5.337500 -0.454717657854
2136  5.340000 -0.454674818713
2137  5.342500 -0.454638369802
2138  5.345000 -0.454608483001
2139  5.347500 -0.454585334861
2140  5.350000 -0.454569106871
2141  5.352500 -0.454559985737
2142  5.355000 -0.454558163688
2143  5.357500 -0.454563838801
2144  5.360000 -0.454577215352
2145  5.362500 -0.454598504188
2146  5.365000 -0.454627923135
2147  5.367500 -0.454665697434
2148  5.370000 -0.454712060209
2149  5.372500 -0.454767252979
2150  5.375000 -0.454831526203
2151  5.377500 -0.454905139883
2152  5.380000 -0.454988364206
2153  5.382500 -0.455081480248
2154  5.385000 -0.455184780740
2155  5.387500 -0.455298570899
2156  5.390000 -0.455423169341
2157  5.392500 -0.455558909072
2158  5.395000 -0.455706138576
2159  5.397500 -0.455865223007
2160  5.400000 -0.456036545496
2161  5.402500 -0.456220508590
2162  5.405000 -0.456417535829
2163  5.407500 -0.456628073488
2164  5.410000 -0.456852592492
2165  5.412500 -0.457091590537
2166  5.415000 -0.457345594411
2167  5.417500 -0.457615162578
2168  5.420000 -0.457900888000
2169  5.422500 -0.458203401258
2170  5.425000 -0.458523373967
2171  5.427500 -0.458861522500
2172  5.430000 -0.459218612025
2173  5.432500 -0.459595460825
2174  5.435000 -0.459992944848
2175  5.437500 -0.460412002355
2176  5.440000 -0.460853638471
2177  5.442500 -0.461318929248
2178  5.445000 -0.461809024651
2179  5.447500 -0.462325149448
2180  5.450000 -0.462868600413
2181  5.452500 -0.463440737240
2182  5.455000 -0.464042963087
2183  5.457500 -0.464676688299
2184  5.460000 -0.465343267372
2185  5.462500 -0.466043894230
2186  5.465000 -0.466779434685
2187  5.467500 -0.467550169253
2188  5.470000 -0.468355420269
2189  5.472500 -0.469193058314
2190  5.475000 -0.470058946853
2191  5.477500 -0.470946505322
2192  5.480000 -0.471846701642
2193  5.482500 -0.472748762739
2194  5.485000 -0.473641558644
2195  5.487500 -0.474515144397
2196  5.490000 -0.475361816991
2197  5.492500 -0.476176413217
2198  5.495000 -0.476956022542
2199  5.497500 -0.477699449316
2200  5.500000 -0.478406672438
2201  5.502500 -0.479078411414
2202  5.505000 -0.479715816407
2203  5.507500 -0.480320261850
2204  5.510000 -0.480893215382
2205  5.512500 -0.481436157783
2206  5.515000 -0.481950536060
2207  5.517500 -0.482437737498
2208  5.520000 -0.482899076753
2209  5.522500 -0.483335790872
2210  5.525000 -0.483749039044
2211  5.527500 -0.484139905054
2212  5.530000 -0.484509401203
2213  5.532500 -0.484858472920
2214  5.535000 -0.485188003604
2215  5.537500 -0.485498819420
2216  5.540000 -0.485791693901
2217  5.542500 -0.486067352256
2218  5.545000 -0.486326475373
2219  5.547500 -0.486569703491
2220  5.550000 -0.486797639551
2221  5.552500 -0.487010852253
2222  5.555000 -0.487209878820
2223  5.557500 -0.487395227519
2224  5.560000 -0.487567379937
2225  5.562500 -0.487726793048
2226  5.565000 -0.487873901088
2227  5.567500 -0.488009117256
2228  5.570000 -0.488132835262
2229  5.572500 -0.488245430736
2230  5.575000 -0.488347262505
2231  5.577500 -0.488438673769
2232  5.580000 -0.488519993163
2233  5.582500 -0.488591535739
2234  5.585000 -0.488653603861
2235  5.587500 -0.488706488021
2236  5.590000 -0.488750467601
2237  5.592500 -0.488785811559
2238  5.595000 -0.488812779076
2239  5.597500 -0.488831620142
2240  5.600000 -0.488842576101
2241  5.602500 -0.488845880155
2242  5.605000 -0.488841757833
2243  5.607500 -0.488830427422
2244  5.610000 -0.488812100371
2245  5.612500 -0.488786981664
2246  5.615000 -0.488755270168
2247  5.617500 -0.488717158958
2248  5.620000 -0.488672835620
2249  5.622500 -0.488622482533
2250  5.625000 -0.488566277135
2251  5.627500 -0.488504392169
2252  5.630000 -0.488436995917
2253  5.632500 -0.488364252416
2254  5.635000 -0.488286321665
2255  5.637500 -0.488203359813
2256  5.640000 -0.488115519345
2257  5.642500 -0.488022949249
2258  5.645000 -0.487925795177
2259  5.647500 -0.487824199600
2260  5.650000 -0.487718301945
2261  5.652500 -0.487608238736
2262  5.655000 -0.487494143719
2263  5.657500 -0.487376147985
2264  5.660000 -0.487254380081
2265  5.662500 -0.487128966126
2266  5.665000 -0.487000029907
2267  5.667500 -0.486867692983
2268  5.670000 -0.486732074773
2269  5.672500 -0.486593292650
2270  5.675000 -0.486451462021
2271  5.677500 -0.486306696413
2272  5.680000 -0.486159107542
2273  5.682500 -0.486008805395
2274  5.685000 -0.485855898293
2275  5.687500 -0.485700492962
2276  5.690000 -0.485542694592
2277  5.692500 -0.485382606906
2278  5.695000 -0.485220332211
2279  5.697500 -0.485055971456
2280  5.700000 -0.484889624288
2281  5.702500 -0.484721389100
2282  5.705000 -0.484551363083
2283  5.707500 -0.484379642273
2284  5.710000 -0.484206321594
2285  5.712500 -0.484031494904
2286  5.715000 -0.483855255035
2287  5.717500 -0.483677693836
2288  5.720000 -0.483498902211
2289  5.722500 -0.483318970152
2290  5.725000 -0.483137986783
2291  5.727500 -0.482956040386
2292  5.730000 -0.482773218440
2293  5.732500 -0.482589607653
2294  5.735000 -0.482405293989
2295  5.737500 -0.482220362700
2296  5.740000 -0.482034898357
2297  5.742500 -0.481848984872
2298  5.745000 -0.481662705532
2299  5.747500 -0.481476143017
2300  5.750000 -0.481289379431
2301  5.752500 -0.481102496322
2302  5.755000 -0.480915574707
2303  5.757500 -0.480728695092
2304  5.760000 -0.480541937495
2305  5.762500 -0.480355381467
2306  5.765000 -0.480169106107
2307  5.767500 -0.479983190087
2308  5.770000 -0.479797711666
2309  5.772500 -0.479612748706
2310  5.775000 -0.479428378693
2311  5.777500 -0.479244678748
2312  5.780000 -0.479061725643
2313  5.782500 -0.478879595815
2314  5.785000 -0.478698365382
2315  5.787500 -0.478518110147
2316  5.790000 -0.478338905620
2317  5.792500 -0.478160827018
2318  5.795000 -0.477983949283
2319  5.797500 -0.477808347085
2320  5.800000 -0.477634094833
2321  5.802500 -0.477461266679
2322  5.805000 -0.477289936524
2323  5.807500 -0.477120178024
2324  5.810000 -0.476952064592
2325  5.812500 -0.476785669401
2326  5.815000 -0.476621065383
2327  5.817500 -0.476458325231
2328  5.820000 -0.476297521393
2329  5.822500 -0.476138726074
2330  5.825000 -0.475982011226
2331  5.827500 -0.475827448544
2332  5.830000 -0.475675109458
2333  5.832500 -0.475525065120
2334  5.835000 -0.475377386394
2335  5.837500 -0.475232143839
2336  5.840000 -0.475089407695
2337  5.842500 -0.474949247862
2338  5.845000 -0.474811733878
2339  5.847500 -0.474676934895
2340  5.850000 -0.474544919652
2341  5.852500 -0.474415756441
2342  5.855000 -0.474289513078
2343  5.857500 -0.474166256859
2344  5.860000 -0.474046054525
2345  5.862500 -0.473928972210
2346  5.865000 -0.473815075396
2347  5.867500 -0.473704428854
2348  5.870000 -0.473597096588
2349  5.872500 -0.473493141766
2350  5.875000 -0.473392626653
2351  5.877500 -0.473295612532
2352  5.880000 -0.473202159622
2353  5.882500 -0.473112326987
2354  5.885000 -0.473026172439
2355  5.887500 -0.472943752437
2356  5.890000 -0.472865121969
2357  5.892500 -0.472790334434
2358  5.895000 -0.472719441514
2359  5.897500 -0.472652493030
2360  5.900000 -0.472589536799
2361  5.902500 -0.472530618470
2362  5.905000 -0.472475781358
2363  5.907500 -0.472425066262
2364  5.910000 -0.472378511274
2365  5.912500 -0.472336151573
2366  5.915000 -0.472298019217
2367  5.917500 -0.472264142908
2368  5.920000 -0.472234547758
2369  5.922500 -0.472209255034
2370  5.925000 -0.472188281902
2371  5.927500 -0.472171641142
2372  5.930000 -0.472159340874
2373  5.932500 -0.472151384251
2374  5.935000 -0.472147769163
2375  5.937500 -0.472148487915
2376  5.940000 -0.472153526914
2377  5.942500 -0.472162866335
2378  5.945000 -0.472176479800
2379  5.947500 -0.472194334043
2380  5.950000 -0.472216388584
2381  5.952500 -0.472242595409
2382  5.955000 -0.472272898656
2383  5.957500 -0.472307234317
2384  5.960000 -0.472345529956
2385  5.962500 -0.472387704451
2386  5.965000 -0.472433667763
2387  5.967500 -0.472483320741
2388  5.970000 -0.472536554961
2389  5.972500 -0.472593252617
2390  5.975000 -0.472653286455
2391  5.977500 -0.472716519775
2392  5.980000 -0.472782806481
2393  5.982500 -0.472851991210
2394  5.985000 -0.472923909530
2395  5.987500 -0.472998388206
2396  5.990000 -0.473075245557
2397  5.992500 -0.473154291880
2398  5.995000 -0.473235329961
2399  5.997500 -0.473318155660
2400  6.000000 -0.473402558579
2401  6.002500 -0.473488322789
2402  6.005000 -0.473575227631
2403  6.007500 -0.473663048575
2404  6.010000 -0.473751558122
2405  6.012500 -0.473840526747
2406  6.015000 -0.473929723871
2407  6.017500 -0.474018918851
2408  6.020000 -0.474107881961
2409  6.022500 -0.474196385384
2410  6.025000 -0.474284204162
2411  6.027500 -0.474371117128
2412  6.030000 -0.474456907789
2413  6.032500 -0.474541365154
2414  6.035000 -0.474624284502
2415  6.037500 -0.474705468081
2416  6.040000 -0.474784725734
2417  6.042500 -0.474861875445
2418  6.045000 -0.474936743805
2419  6.047500 -0.475009166394
2420  6.050000 -0.475078988094
2421  6.052500 -0.475146063305
2422  6.055000 -0.475210256102
2423  6.057500 -0.475271440315
2424  6.060000 -0.475329499539
2425  6.062500 -0.475384327088
2426  6.065000 -0.475435825890
2427  6.067500 -0.475483908338
2428  6.070000 -0.475528496091
2429  6.072500 -0.475569519841
2430  6.075000 -0.475606919050
2431  6.077500 -0.475640641659
2432  6.080000 -0.475670643779
2433  6.082500 -0.475696889360
2434  6.085000 -0.475719349856
2435  6.087500 -0.475738003883
2436  6.090000 -0.475752836865
2437  6.092500 -0.475763840687
2438  6.095000 -0.475771013352
2439  6.097500 -0.475774358633
2440  6.100000 -0.475773885744
2441  6.102500 -0.475769609010
2442  6.105000 -0.475761547551
2443  6.107500 -0.475749724976
2444  6.110000 -0.475734169090
2445  6.112500 -0.475714911608
2446  6.115000 -0.475691987889
2447  6.117500 -0.475665436679
2448  6.120000 -0.475635299864
2449  6.122500 -0.475601622244
2450  6.125000 -0.475564451307
2451  6.127500 -0.475523837030
2452  6.130000 -0.475479831683
2453  6.132500 -0.475432489645
2454  6.135000 -0.475381867232
2455  6.137500 -0.475328022544
2456  6.140000 -0.475271015306
2457  6.142500 -0.475210906738
2458  6.145000 -0.475147759416
2459  6.147500 -0.475081637159
2460  6.150000 -0.475012604912
2461  6.152500 -0.474940728642
2462  6.155000 -0.474866075247
2463  6.157500 -0.474788712458
2464  6.160000 -0.474708708764
2465  6.162500 -0.474626133335
2466  6.165000 -0.474541055947
2467  6.167500 -0.474453546924
2468  6.170000 -0.474363677077
2469  6.172500 -0.474271517650
2470  6.175000 -0.474177140270
2471  6.177500 -0.474080616903
2472  6.180000 -0.473982019814
2473  6.182500 -0.473881421528
2474  6.185000 -0.473778894800
2475  6.187500 -0.473674512581
2476  6.190000 -0.473568347994
2477  6.192500 -0.473460474309
2478  6.195000 -0.473350964921
2479  6.197500 -0.473239893332
2480  6.200000 -0.473127333136
2481  6.202500 -0.473013358000
2482  6.205000 -0.472898041659
2483  6.207500 -0.472781457897
2484  6.210000 -0.472663680546
2485  6.212500 -0.472544783477
2486  6.215000 -0.472424840592
2487  6.217500 -0.472303925822
2488  6.220000 -0.472182113127
2489  6.222500 -0.472059476490
2490  6.225000 -0.471936089921
2491  6.227500 -0.471812027457
2492  6.230000 -0.471687363160
2493  6.232500 -0.471562171129
2494  6.235000 -0.471436525496
2495  6.237500 -0.471310500432
2496  6.240000 -0.471184170159
2497  6.242500 -0.471057608946
2498  6.245000 -0.470930891128
2499  6.247500 -0.470804091104
2500  6.250000 -0.470677283350
2501  6.252500 -0.470550542427
2502  6.255000 -0.470423942993
2503  6.257500 -0.470297559809
2504  6.260000 -0.470171467753
2505  6.262500 -0.470045741830
2506  6.265000 -0.469920457183
2507  6.267500 -0.469795689107
2508  6.270000 -0.469671513058
2509  6.272500 -0.469548004670
2510  6.275000 -0.469425239765
2511  6.277500 -0.469303294369
2512  6.280000 -0.469182244723
2513  6.282500 -0.469062167298
2514  6.285000 -0.468943138813
2515  6.287500 -0.468825236243
2516  6.290000 -0.468708536841
2517  6.292500 -0.468593118146
2518  6.295000 -0.468479058005
2519  6.297500 -0.468366434584
2520  6.300000 -0.468255326385
2521  6.302500 -0.468145812259
2522  6.305000 -0.468037971428
2523  6.307500 -0.467931883493
2524  6.310000 -0.467827628455
2525  6.312500 -0.467725286728
2526  6.315000 -0.467624939155
2527  6.317500 -0.467526667025
2528  6.320000 -0.467430552083
2529  6.322500 -0.467336676550
2530  6.325000 -0.467245123135
2531  6.327500 -0.467155975047
2532  6.330000 -0.467069316011
2533  6.332500 -0.466985230278
2534  6.335000 -0.466903802639
2535  6.337500 -0.466825118432
2536  6.340000 -0.466749263556
2537  6.342500 -0.466676324473
2538  6.345000 -0.466606388221
2539  6.347500 -0.466539542413
2540  6.350000 -0.466475875245
2541  6.352500 -0.466415475492
2542  6.355000 -0.466358432508
2543  6.357500 -0.466304836222
2544  6.360000 -0.466254777127
2545  6.362500 -0.466208346271
2546  6.365000 -0.466165635239
2547  6.367500 -0.466126736131
2548  6.370000 -0.466091741538
2549  6.372500 -0.466060744508
2550  6.375000 -0.466033838508
2551  6.377500 -0.466011117375
2552  6.380000 -0.465992675266
2553  6.382500 -0.465978606585
2554  6.385000 -0.465969005917
2555  6.387500 -0.465963967932
2556  6.390000 -0.465963587292
2557  6.392500 -0.465967958528
2558  6.395000 -0.465977175914
2559  6.397500 -0.465991333316
2560  6.400000 -0.466010524015
2561  6.402500 -0.466034840521
2562  6.405000 -0.466064374347
2563  6.407500 -0.466099215767
2564  6.410000 -0.466139453532
2565  6.412500 -0.466185174564
2566  6.415000 -0.466236463600
2567  6.417500 -0.466293402801
2568  6.420000 -0.466356071316
2569  6.422500 -0.466424544795
2570  6.425000 -0.466498894845
2571  6.427500 -0.466579188431
2572  6.430000 -0.466665487216
2573  6.432500 -0.466757846824
2574  6.435000 -0.466856316042
2575  6.437500 -0.466960935940
2576  6.440000 -0.467071738911
2577  6.442500 -0.467188747630
2578  6.445000 -0.467311973933
2579  6.447500 -0.467441417606
2580  6.450000 -0.467577065098
2581  6.452500 -0.467718888158
2582  6.455000 -0.467866842400
2583  6.457500 -0.468020865813
2584  6.460000 -0.468180877235
2585  6.462500 -0.468346774802
2586  6.465000 -0.468518434410
2587  6.467500 -0.468695708218
2588  6.470000 -0.468878423231
2589  6.472500 -0.469066380012
2590  6.475000 -0.469259351577
2591  6.477500 -0.469457082523
2592  6.480000 -0.469659288448
2593  6.482500 -0.469865655743
2594  6.485000 -0.470075841781
2595  6.487500 -0.470289475589
2596  6.490000 -0.470506159019
2597  6.492500 -0.470725468469
2598  6.495000 -0.470946957142
2599  6.497500 -0.471170157850
2600  6.500000 -0.471394586322
2601  6.502500 -0.471619744951
2602  6.505000 -0.471845126908
2603  6.507500 -0.472070220521
2604  6.510000 -0.472294513788
2605  6.512500 -0.472517498925
2606  6.515000 -0.472738676794
2607  6.517500 -0.472957561115
2608  6.520000 -0.473173682337
2609  6.522500 -0.473386591087
2610  6.525000 -0.473595861131
2611  6.527500 -0.473801091796
2612  6.530000 -0.474001909839
2613  6.532500 -0.474197970767
2614  6.535000 -0.474388959629
2615  6.537500 -0.474574591317
2616  6.540000 -0.474754610430
2617  6.542500 -0.474928790756
2618  6.545000 -0.475096934436
2619  6.547500 -0.475258870866
2620  6.550000 -0.475414455406
2621  6.552500 -0.475563567935
2622  6.555000 -0.475706111322
2623  6.557500 -0.475842009837
2624  6.560000 -0.475971207546
2625  6.562500 -0.476093666721
2626  6.565000 -0.476209366288
2627  6.567500 -0.476318300331
2628  6.570000 -0.476420476656
2629  6.572500 -0.476515915446
2630  6.575000 -0.476604647988
2631  6.577500 -0.476686715496
2632  6.580000 -0.476762168012
2633  6.582500 -0.476831063397
2634  6.585000 -0.476893466410
2635  6.587500 -0.476949447859
2636  6.590000 -0.476999083833
2637  6.592500 -0.477042455004
2638  6.595000 -0.477079645996
2639  6.597500 -0.477110744817
2640  6.600000 -0.477135842346
2641  6.602500 -0.477155031875
2642  6.605000 -0.477168408698
2643  6.607500 -0.477176069743
2644  6.610000 -0.477178113247
2645  6.612500 -0.477174638463
2646  6.615000 -0.477165745405
2647  6.617500 -0.477151534618
2648  6.620000 -0.477132106976
2649  6.622500 -0.477107563507
2650  6.625000 -0.477078005238
2651  6.627500 -0.477043533056
2652  6.630000 -0.477004247590
2653  6.632500 -0.476960249110
2654  6.635000 -0.476911637438
2655  6.637500 -0.476858511869
2656  6.640000 -0.476800971107
2657  6.642500 -0.476739113212
2658  6.645000 -0.476673035550
2659  6.647500 -0.476602834756
2660  6.650000 -0.476528606704
2661  6.652500 -0.476450446477
2662  6.655000 -0.476368448355
2663  6.657500 -0.476282705792
2664  6.660000 -0.476193311414
2665  6.662500 -0.476100357005
2666  6.665000 -0.476003933508
2667  6.667500 -0.475904131024
2668  6.670000 -0.475801038815
2669  6.672500 -0.475694745309
2670  6.675000 -0.475585338107
2671  6.677500 -0.475472903990
2672  6.680000 -0.475357528931
2673  6.682500 -0.475239298110
2674  6.685000 -0.475118295919
2675  6.687500 -0.474994605982
2676  6.690000 -0.474868311170
2677  6.692500 -0.474739493613
2678  6.695000 -0.474608234719
2679  6.697500 -0.474474615188
2680  6.700000 -0.474338715034
2681  6.702500 -0.474200613597
2682  6.705000 -0.474060389565
2683  6.707500 -0.473918120991
2684  6.710000 -0.473773885309
2685  6.712500 -0.473627759357
2686  6.715000 -0.473479819393
2687  6.717500 -0.473330141111
2688  6.720000 -0.473178799667
2689  6.722500 -0.473025869691
2690  6.725000 -0.472871425308
2691  6.727500 -0.472715540159
2692  6.730000 -0.472558287417
2693  6.732500 -0.472399739805
2694  6.735000 -0.472239969620
2695  6.737500 -0.472079048744
2696  6.740000 -0.471917048670
2697  6.742500 -0.471754040515
2698  6.745000 -0.471590095041
2699  6.747500 -0.471425282674
2700  6.750000 -0.471259673518
2701  6.752500 -0.471093337381
2702  6.755000 -0.470926343786
2703  6.757500 -0.470758761993
2704  6.760000 -0.470590661015
2705  6.762500 -0.470422109638
2706  6.765000 -0.470253176440
2707  6.767500 -0.470083929804
2708  6.770000 -0.469914437942
2709  6.772500 -0.469744768908
2710  6.775000 -0.469574990621
2711  6.777500 -0.469405170879
2712  6.780000 -0.469235377380
2713  6.782500 -0.469065677735
2714  6.785000 -0.468896139495
2715  6.787500 -0.468726830161
2716  6.790000 -0.468557817206
2717  6.792500 -0.468389168092
2718  6.795000 -0.468220950290
2719  6.797500 -0.468053231300
2720  6.800000 -0.467886078663
2721  6.802500 -0.467719559989
2722  6.805000 -0.467553742968
2723  6.807500 -0.467388695396
2724  6.810000 -0.467224485189
2725  6.812500 -0.467061180404
2726  6.815000 -0.466898849261
2727  6.817500 -0.466737560162
2728  6.820000 -0.466577381709
2729  6.822500 -0.466418382728
2730  6.825000 -0.466260632286
2731  6.827500 -0.466104199717
2732  6.830000 -0.465949154638
2733  6.832500 -0.465795566976
2734  6.835000 -0.465643506985
2735  6.837500 -0.465493045274
2736  6.840000 -0.465344252824
2737  6.842500 -0.465197201017
2738  6.845000 -0.465051961653
2739  6.847500 -0.464908606983
2740  6.850000 -0.464767209724
2741  6.852500 -0.464627843091
2742  6.855000 -0.464490580820
2743  6.857500 -0.464355497194
2744  6.860000 -0.464222667068
2745  6.862500 -0.464092165900
2746  6.865000 -0.463964069776
2747  6.867500 -0.463838455437
2748  6.870000 -0.463715400310
2749  6.872500 -0.463594982538
2750  6.875000 -0.463477281005
2751  6.877500 -0.463362375373
2752  6.880000 -0.463250346108
2753  6.882500 -0.463141274513
2754  6.885000 -0.463035242762
2755  6.887500 -0.462932333928
2756  6.890000 -0.462832632021
2757  6.892500 -0.462736222021
2758  6.895000 -0.462643189907
2759  6.897500 -0.462553622698
2760  6.900000 -0.462467608484
2761  6.902500 -0.462385236461
2762  6.905000 -0.462306596965
2763  6.907500 -0.462231781514
2764  6.910000 -0.462160882831
2765  6.912500 -0.462093994890
2766  6.915000 -0.462031212943
2767  6.917500 -0.461972633557
2768  6.920000 -0.461918354645
2769  6.922500 -0.461868475497
2770  6.925000 -0.461823096810
2771  6.927500 -0.461782320715
2772  6.930000 -0.461746250802
2773  6.932500 -0.461714992143
2774  6.935000 -0.461688651305
2775  6.937500 -0.461667336369
2776  6.940000 -0.461651156936
2777  6.942500 -0.461640224122
2778  6.945000 -0.461634650561
2779  6.947500 -0.461634550381
2780  6.950000 -0.461640039181
2781  6.952500 -0.461651233990
2782  6.955000 -0.461668253213
2783  6.957500 -0.461691216560
2784  6.960000 -0.461720244951
2785  6.962500 -0.461755460406
2786  6.965000 -0.461796985894
2787  6.967500 -0.461844945169
2788  6.970000 -0.461899462548
2789  6.972500 -0.461960662666
2790  6.975000 -0.462028670170
2791  6.977500 -0.462103609361
2792  6.980000 -0.462185603770
2793  6.982500 -0.462274775663
2794  6.985000 -0.462371245454
2795  6.987500 -0.462475131030
2796  6.990000 -0.462586546958
2797  6.992500 -0.462705603570
2798  6.995000 -0.462832405903
2799  6.997500 -0.462967052485
2800  7.000000 -0.463109633939
2801  7.002500 -0.463260231387
2802  7.005000 -0.463418914642
2803  7.007500 -0.463585740156
2804  7.010000 -0.463760748722
2805  7.012500 -0.463943962894
2806  7.015000 -0.464135384143
2807  7.017500 -0.464334989717
2808  7.020000 -0.464542729246
2809  7.022500 -0.464758521087
2810  7.025000 -0.464982248476
2811  7.027500 -0.465213755543
2812  7.030000 -0.465452843289
2813  7.032500 -0.465699265656
2814  7.035000 -0.465952725859
2815  7.037500 -0.466212873173
2816  7.040000 -0.466479300414
2817  7.042500 -0.466751542365
2818  7.045000 -0.467029075413
2819  7.047500 -0.467311318636
2820  7.050000 -0.467597636558
2821  7.052500 -0.467887343689
2822  7.055000 -0.468179710910
2823  7.057500 -0.468473973587
2824  7.060000 -0.468769341215
2825  7.062500 -0.469065008233
2826  7.065000 -0.469360165558
2827  7.067500 -0.469654012307
2828  7.070000 -0.469945767167
2829  7.072500 -0.470234678910
2830  7.075000 -0.470520035609
2831  7.077500 -0.470801172240
2832  7.080000 -0.471077476501
2833  7.082500 -0.471348392771
2834  7.085000 -0.471613424299
2835  7.087500 -0.471872133768
2836  7.090000 -0.472124142454
2837  7.092500 -0.472369128259
2838  7.095000 -0.472606822846
2839  7.097500 -0.472837008174
2840  7.100000 -0.473059512615
2841  7.102500 -0.473274206880
2842  7.105000 -0.473480999897
2843  7.107500 -0.473679834761
2844  7.110000 -0.473870684853
2845  7.112500 -0.474053550187
2846  7.115000 -0.474228454012
2847  7.117500 -0.474395439705
2848  7.120000 -0.474554567954
2849  7.122500 -0.474705914223
2850  7.125000 -0.474849566484
2851  7.127500 -0.474985623218
2852  7.130000 -0.475114191644
2853  7.132500 -0.475235386166
2854  7.135000 -0.475349327018
2855  7.137500 -0.475456139084
2856  7.140000 -0.475555950880
2857  7.142500 -0.475648893669
2858  7.145000 -0.475735100699
2859  7.147500 -0.475814706560
2860  7.150000 -0.475887846619
2861  7.152500 -0.475954656556
2862  7.155000 -0.476015271956
2863  7.157500 -0.476069827977
2864  7.160000 -0.476118459065
2865  7.162500 -0.476161298716
2866  7.165000 -0.476198479286
2867  7.167500 -0.476230131828
2868  7.170000 -0.476256385964
2869  7.172500 -0.476277369783
2870  7.175000 -0.476293209759
2871  7.177500 -0.476304030693
2872  7.180000 -0.476309955663
2873  7.182500 -0.476311106002
2874  7.185000 -0.476307601270
2875  7.187500 -0.476299559253
2876  7.190000 -0.476287095962
2877  7.192500 -0.476270325638
2878  7.195000 -0.476249360766
2879  7.197500 -0.476224312097
2880  7.200000 -0.476195288670
2881  7.202500 -0.476162397834
2882  7.205000 -0.476125745284
2883  7.207500 -0.476085435089
2884  7.210000 -0.476041569723
2885  7.212500 -0.475994250105
2886  7.215000 -0.475943575630
2887  7.217500 -0.475889644208
2888  7.220000 -0.475832552300
2889  7.222500 -0.475772394955
2890  7.225000 -0.475709265847
2891  7.227500 -0.475643257312
2892  7.230000 -0.475574460384
2893  7.232500 -0.475502964833
2894  7.235000 -0.475428859201
2895  7.237500 -0.475352230835
2896  7.240000 -0.475273165924
2897  7.242500 -0.475191749534
2898  7.245000 -0.475108065639
2899  7.247500 -0.475022197155
2900  7.250000 -0.474934225975
2901  7.252500 -0.474844232993
2902  7.255000 -0.474752298145
2903  7.257500 -0.474658500431
2904  7.260000 -0.474562917945
2905  7.262500 -0.474465627909
2906  7.265000 -0.474366706694
2907  7.267500 -0.474266229851
2908  7.270000 -0.474164272135
2909  7.272500 -0.474060907532
2910  7.275000 -0.473956209284
2911  7.277500 -0.473850249909
2912  7.280000 -0.473743101230
2913  7.282500 -0.473634834395
2914  7.285000 -0.473525519895
2915  7.287500 -0.473415227593
2916  7.290000 -0.473304026737
2917  7.292500 -0.473191985985
2918  7.295000 -0.473079173420
2919  7.297500 -0.472965656573
2920  7.300000 -0.472851502435
2921  7.302500 -0.472736777481
2922  7.305000 -0.472621547679
2923  7.307500 -0.472505878512
2924  7.310000 -0.472389834990
2925  7.312500 -0.472273481666
2926  7.315000 -0.472156882648
2927  7.317500 -0.472040101615
2928  7.320000 -0.471923201826
2929  7.322500 -0.471806246137
2930  7.325000 -0.471689297005
2931  7.327500 -0.471572416505
2932  7.330000 -0.471455666340
2933  7.332500 -0.471339107843
2934  7.335000 -0.471222801994
2935  7.337500 -0.471106809423
2936  7.340000 -0.470991190418
2937  7.342500 -0.470876004931
2938  7.345000 -0.470761312585
2939  7.347500 -0.470647172675
2940  7.350000 -0.470533644177
2941  7.352500 -0.470420785747
2942  7.355000 -0.470308655724
2943  7.357500 -0.470197312130
2944  7.360000 -0.470086812672
2945  7.362500 -0.469977214741
2946  7.365000 -0.469868575408
2947  7.367500 -0.469760951420
2948  7.370000 -0.469654399201
2949  7.372500 -0.469548974838
2950  7.375000 -0.469444734082
2951  7.377500 -0.469341732335
2952  7.380000 -0.469240024640
2953  7.382500 -0.469139665670
2954  7.385000 -0.469040709718
2955  7.387500 -0.468943210677
2956  7.390000 -0.468847222026
2957  7.392500 -0.468752796811
2958  7.395000 -0.468659987626
2959  7.397500 -0.468568846586
2960  7.400000 -0.468479425305
2961  7.402500 -0.468391774869
2962  7.405000 -0.468305945802
2963  7.407500 -0.468221988038
2964  7.410000 -0.468139950881
2965  7.412500 -0.468059882968
2966  7.415000 -0.467981832229
2967  7.417500 -0.467905845838
2968  7.420000 -0.467831970166
2969  7.422500 -0.467760250730
2970  7.425000 -0.467690732134
2971  7.427500 -0.467623458009
2972  7.430000 -0.467558470951
2973  7.432500 -0.467495812448
2974  7.435000 -0.467435522807
2975  7.437500 -0.467377641077
2976  7.440000 -0.467322204963
2977  7.442500 -0.467269250738
2978  7.445000 -0.467218813150
2979  7.447500 -0.467170925317
2980  7.450000 -0.467125618625
2981  7.452500 -0.467082922618
2982  7.455000 -0.467042864875
2983  7.457500 -0.467005470890
2984  7.460000 -0.466970763940
2985  7.462500 -0.466938764953
2986  7.465000 -0.466909492362
2987  7.467500 -0.466882961958
2988  7.470000 -0.466859186741
2989  7.472500 -0.466838176755
2990  7.475000 -0.466819938928
2991  7.477500 -0.466804476905
2992  7.480000 -0.466791790873
2993  7.482500 -0.466781877385
2994  7.485000 -0.466774729188
2995  7.487500 -0.466770335038
2996  7.490000 -0.466768679520
2997  7.492500 -0.466769742875
2998  7.495000 -0.466773500819
2999  7.497500 -0.466779924375
